//Broken end barrier;
custom,cuboid,lava1,4,2,30,1,1,1,1,1.0,1.0,-6.543939,23.94135,-164.8789,0.007160057,-0.008274023,0.003317585,0.9999347;
custom,tube,lava1,1,1,1,1,1,1,1,1.0,1.0,-9.364124,0.02741566,-11.9016,-0.0002915922,0.9859433,-0.001720882,-0.167071;
custom,cuboid,lava1,1,2,30,1,1,1,1,1.0,1.0,-25.57371,3.494253,-159.2625,0.00818576,-0.9999375,-0.006674899,0.003664286;
racing,startPlane,10,10,10,-7.553566,-15.62969,-21.18878,0.5718371,0.393882,0.4252643,0.5805253;
custom,cuboid,lava1,1,2,2,1,1,1,1,1.0,1.0,-24.09921,0.246187,-0.7490078,0,0.004389556,0,0.9999904;
custom,cuboid,lava1,1,4,1,1,1,1,1,1.0,1.0,-8.46883,13.56234,-4.700901,-0.7141433,0.6955578,-0.0523342,-0.05881991;
custom,cuboid,lava1,1,2,2,1,1,1,1,1.0,1.0,4.887142,1.149909,0.6619017,-0.001165266,0.9999543,0.006949738,0.006456809;
racing,killCylinder,1,1,1,-6.757566,8.737162,-64.23707,0,0.9985977,0,0.05293977;
custom,plane,lava1,4,4,4,1,1,1,1,1.0,1.0,-8.934099,12.66728,-21.91531,0,0.6446719,0,0.7644594;
custom,cuboid,lava1,1,2,2,1,1,1,1,1.0,1.0,-8.24724,1.804124,5.101483,0,0.7089806,0,0.705228;
custom,cuboid,lava1,1,2,30,1,1,1,1,1.0,1.0,11.18552,4.603352,-158.5428,0.01921807,0.008202365,-0.9997697,-0.004883774;
racing,endPlane,10,10,10,-9.6222,5.55618,-308.8469,0.7244877,0.02420191,-0.01200002,-0.6887583;
racing,killSphere,1,1,1,-1.681041,3.238134,-44.88086,0,0.9999987,0,-0.00159852;
racing,killSphere,1,1,1,-15.81847,6.017028,-63.53908,0,0.9972051,0,0.07471265;
racing,killCapsule,1,1,1,-9.883406,-5.548331,-34.10921,0,0.9959466,0,0.08994609;
racing,killTorus,1,1,1,-12.98998,4.101682,-71.12118,-0.0312832,0.7064137,0.7064152,0.03128325;
racing,killPlane,30,30,30,16.89355,1.075733,-158.0446,0,0.9975187,0,0.07040294;
racing,killCone,1,1,1,7.065964,-17.82173,-74.13112,0.04726123,-0.08001732,-0.08913087,-0.991675;
racing,killSphere,1,1,1,-18.82159,3.337537,-92.43748,0,0.01623813,0,-0.9998682;
racing,killSphere,1,1,1,-7.158159,12.80857,-95.1109,0,0.01842052,0,-0.9998304;
racing,killCone,1,1,1,-5.460918,-12.99142,-92.29108,0,0.01842052,0,-0.9998304;
racing,killTube,1,1,1,-5.411777,2.380271,-284.5346,-0.02286517,0.7344961,0.6777748,0.02477874;
racing,killTube,1,1,1,-4.879559,8.423853,-282.6902,-0.05277791,0.6970933,-0.7046862,0.1212142;
racing,killTube,1,1,1,-4.522469,14.35275,-284.7527,0.02609857,0.6866433,-0.7261066,0.0246802;
racing,killCapsule,1,1,1,9.309944,8.329949,-292.3215,0,0.9985752,0,0.05336248;
racing,killCapsule,1,1,1,-19.58808,8.294353,-300.251,0,0.9986893,0,0.05118382;
racing,killSphere,1,1,1,-6.595204,8.770833,-193.0057,0,0.1207577,0,-0.992682;
custom,sphere,lava1,1,1,1,1,1,1,1,1.0,1.0,-6.092491,8.765563,-194.0866,0.5388641,-0.1088335,0.03915367,0.8344147;
racing,killSphere,1,1,1,-5.701937,8.893436,-193.1504,0,0.9999272,0,0.01207032;
racing,killSphere,1,1,1,-5.658718,9.216618,-193.6887,0,0.1381973,0,-0.9904047;
racing,killSphere,1,1,1,-5.577713,4.267084,-191.8441,0,0.06201104,0,0.9980755;
racing,killSphere,1,1,1,-16.96782,8.254157,-175.4558,0,0.005273066,0,0.9999861;
racing,killCuboid,1,1,1,0.6382499,8.073524,-165.708,0,0.9998965,0,0.01438707;
racing,killCylinder,1,1,1,-11.51061,9.426746,-128.0787,0,0.9805261,0,0.1963886;
racing,killSphere,1,1,1,2.857946,6.85534,-131.4173,0,0.9991754,0,0.04060376;
racing,killSphere,1,1,1,-3.13737,0.1849273,-111.9993,0,0.9991753,0,0.04060602;
racing,killCuboid,1,1,1,1.719865,9.852263,-232.8073,0,0.999823,0,0.01881758;
racing,killCylinder,1,1,1,-14.90347,7.652044,-247.8718,0,0.9980847,0,-0.06186316;
racing,killSphere,1,1,1,-5.575325,6.620539,-220.9277,0,0.9979473,0,-0.06404049;
racing,checkpointCuboid,1,1,1,-14.96495,5.864427,-6.095866,0,0.04565067,0,0.9989575;
racing,checkpointCuboid,1,1,1,-4.477126,6.411086,-4.86646,0,0.02384718,0,0.9997156;
racing,checkpointCuboid,1,1,1,-9.594946,6.716951,-11.86911,0,0.002332598,0,-0.9999973;