custom,cuboid,default,40,30,1,0,1,1,1,1.0,1.0,0,0,249,0,0,0,0;

base,cube_002,-200,5,200,0,0,0.707,0.707;
base,cube_002,-180,5,200,0,0,0.707,0.707;
base,cube_002,-160,5,200,0,0,0.707,0.707;
base,cube_002,-140,5,200,0,0,0.707,0.707;
base,cube_002,-120,5,200,0,0,0.707,0.707;
base,cube_002,-100,5,200,0,0,0.707,0.707;
base,cube_002,-80,5,200,0,0,0.707,0.707;
base,cube_002,-60,5,200,0,0,0.707,0.707;
base,cube_002,-40,5,200,0,0,0.707,0.707;
base,cube_002,-20,5,200,0,0,0.707,0.707;
base,cube_002,0,5,200,0,0,0.707,0.707;
base,cube_002,20,5,200,0,0,0.707,0.707;
base,cube_002,40,5,200,0,0,0.707,0.707;
base,cube_002,60,5,200,0,0,0.707,0.707;
base,cube_002,80,5,200,0,0,0.707,0.707;
base,cube_002,100,5,200,0,0,0.707,0.707;
base,cube_002,120,5,200,0,0,0.707,0.707;
base,cube_002,140,5,200,0,0,0.707,0.707;
base,cube_002,160,5,200,0,0,0.707,0.707;
base,cube_002,180,5,200,0,0,0.707,0.707;
base,cube_002,200,5,200,0,0,0.707,0.707;





base,cube_002,-200,15,200,0,0,0.707,0.707;
base,cube_002,-180,15,200,0,0,0.707,0.707;
base,cube_002,-160,15,200,0,0,0.707,0.707;
base,cube_002,-140,15,200,0,0,0.707,0.707;
base,cube_002,-120,15,200,0,0,0.707,0.707;
base,cube_002,-100,15,200,0,0,0.707,0.707;
base,cube_002,-80,15,200,0,0,0.707,0.707;
base,cube_002,-60,15,200,0,0,0.707,0.707;
base,cube_002,-40,15,200,0,0,0.707,0.707;
base,cube_002,-20,15,200,0,0,0.707,0.707;
base,cube_002,0,15,200,0,0,0.707,0.707;
base,cube_002,20,15,200,0,0,0.707,0.707;
base,cube_002,40,15,200,0,0,0.707,0.707;
base,cube_002,60,15,200,0,0,0.707,0.707;
base,cube_002,80,15,200,0,0,0.707,0.707;
base,cube_002,100,15,200,0,0,0.707,0.707;
base,cube_002,120,15,200,0,0,0.707,0.707;
base,cube_002,140,15,200,0,0,0.707,0.707;
base,cube_002,160,15,200,0,0,0.707,0.707;
base,cube_002,180,15,200,0,0,0.707,0.707;
base,cube_002,200,15,200,0,0,0.707,0.707;





base,cube_002,-200,25,200,0,0,0.707,0.707;
base,cube_002,-180,25,200,0,0,0.707,0.707;
base,cube_002,-160,25,200,0,0,0.707,0.707;
base,cube_002,-140,25,200,0,0,0.707,0.707;
base,cube_002,-120,25,200,0,0,0.707,0.707;
base,cube_002,-100,25,200,0,0,0.707,0.707;
base,cube_002,-80,25,200,0,0,0.707,0.707;
base,cube_002,-60,25,200,0,0,0.707,0.707;
base,cube_002,-40,25,200,0,0,0.707,0.707;
base,cube_002,-20,25,200,0,0,0.707,0.707;
base,cube_002,0,25,200,0,0,0.707,0.707;
base,cube_002,20,25,200,0,0,0.707,0.707;
base,cube_002,40,25,200,0,0,0.707,0.707;
base,cube_002,60,25,200,0,0,0.707,0.707;
base,cube_002,80,25,200,0,0,0.707,0.707;
base,cube_002,100,25,200,0,0,0.707,0.707;
base,cube_002,120,25,200,0,0,0.707,0.707;
base,cube_002,140,25,200,0,0,0.707,0.707;
base,cube_002,160,25,200,0,0,0.707,0.707;
base,cube_002,180,25,200,0,0,0.707,0.707;
base,cube_002,200,25,200,0,0,0.707,0.707;






base,cube_002,-200,35,200,0,0,0.707,0.707;
base,cube_002,-180,35,200,0,0,0.707,0.707;
base,cube_002,-160,35,200,0,0,0.707,0.707;
base,cube_002,-140,35,200,0,0,0.707,0.707;
base,cube_002,-120,35,200,0,0,0.707,0.707;
base,cube_002,-100,35,200,0,0,0.707,0.707;
base,cube_002,-80,35,200,0,0,0.707,0.707;
base,cube_002,-60,35,200,0,0,0.707,0.707;
base,cube_002,-40,35,200,0,0,0.707,0.707;
base,cube_002,-20,35,200,0,0,0.707,0.707;
base,cube_002,0,35,200,0,0,0.707,0.707;
base,cube_002,20,35,200,0,0,0.707,0.707;
base,cube_002,40,35,200,0,0,0.707,0.707;
base,cube_002,60,35,200,0,0,0.707,0.707;
base,cube_002,80,35,200,0,0,0.707,0.707;
base,cube_002,100,35,200,0,0,0.707,0.707;
base,cube_002,120,35,200,0,0,0.707,0.707;
base,cube_002,140,35,200,0,0,0.707,0.707;
base,cube_002,160,35,200,0,0,0.707,0.707;
base,cube_002,180,35,200,0,0,0.707,0.707;
base,cube_002,200,35,200,0,0,0.707,0.707;






base,cube_002,-200,45,200,0,0,0.707,0.707;
base,cube_002,-180,45,200,0,0,0.707,0.707;
base,cube_002,-160,45,200,0,0,0.707,0.707;
base,cube_002,-140,45,200,0,0,0.707,0.707;
base,cube_002,-120,45,200,0,0,0.707,0.707;
base,cube_002,-100,45,200,0,0,0.707,0.707;
base,cube_002,-80,45,200,0,0,0.707,0.707;
base,cube_002,-60,45,200,0,0,0.707,0.707;
base,cube_002,-40,45,200,0,0,0.707,0.707;
base,cube_002,-20,45,200,0,0,0.707,0.707;
base,cube_002,0,45,200,0,0,0.707,0.707;
base,cube_002,20,45,200,0,0,0.707,0.707;
base,cube_002,40,45,200,0,0,0.707,0.707;
base,cube_002,60,45,200,0,0,0.707,0.707;
base,cube_002,80,45,200,0,0,0.707,0.707;
base,cube_002,100,45,200,0,0,0.707,0.707;
base,cube_002,120,45,200,0,0,0.707,0.707;
base,cube_002,140,45,200,0,0,0.707,0.707;
base,cube_002,160,45,200,0,0,0.707,0.707;
base,cube_002,180,45,200,0,0,0.707,0.707;
base,cube_002,200,45,200,0,0,0.707,0.707;






base,cube_002,-200,55,200,0,0,0.707,0.707;
base,cube_002,-180,55,200,0,0,0.707,0.707;
base,cube_002,-160,55,200,0,0,0.707,0.707;
base,cube_002,-140,55,200,0,0,0.707,0.707;
base,cube_002,-120,55,200,0,0,0.707,0.707;
base,cube_002,-100,55,200,0,0,0.707,0.707;
base,cube_002,-80,55,200,0,0,0.707,0.707;
base,cube_002,-60,55,200,0,0,0.707,0.707;
base,cube_002,-40,55,200,0,0,0.707,0.707;
base,cube_002,-20,55,200,0,0,0.707,0.707;
base,cube_002,0,55,200,0,0,0.707,0.707;
base,cube_002,20,55,200,0,0,0.707,0.707;
base,cube_002,40,55,200,0,0,0.707,0.707;
base,cube_002,60,55,200,0,0,0.707,0.707;
base,cube_002,80,55,200,0,0,0.707,0.707;
base,cube_002,100,55,200,0,0,0.707,0.707;
base,cube_002,120,55,200,0,0,0.707,0.707;
base,cube_002,140,55,200,0,0,0.707,0.707;
base,cube_002,160,55,200,0,0,0.707,0.707;
base,cube_002,180,55,200,0,0,0.707,0.707;
base,cube_002,200,55,200,0,0,0.707,0.707;






base,cube_002,-200,65,200,0,0,0.707,0.707;
base,cube_002,-180,65,200,0,0,0.707,0.707;
base,cube_002,-160,65,200,0,0,0.707,0.707;
base,cube_002,-140,65,200,0,0,0.707,0.707;
base,cube_002,-120,65,200,0,0,0.707,0.707;
base,cube_002,-100,65,200,0,0,0.707,0.707;
base,cube_002,-80,65,200,0,0,0.707,0.707;
base,cube_002,-60,65,200,0,0,0.707,0.707;
base,cube_002,-40,65,200,0,0,0.707,0.707;
base,cube_002,-20,65,200,0,0,0.707,0.707;
base,cube_002,0,65,200,0,0,0.707,0.707;
base,cube_002,20,65,200,0,0,0.707,0.707;
base,cube_002,40,65,200,0,0,0.707,0.707;
base,cube_002,60,65,200,0,0,0.707,0.707;
base,cube_002,80,65,200,0,0,0.707,0.707;
base,cube_002,100,65,200,0,0,0.707,0.707;
base,cube_002,120,65,200,0,0,0.707,0.707;
base,cube_002,140,65,200,0,0,0.707,0.707;
base,cube_002,160,65,200,0,0,0.707,0.707;
base,cube_002,180,65,200,0,0,0.707,0.707;
base,cube_002,200,65,200,0,0,0.707,0.707;






base,cube_002,-200,75,200,0,0,0.707,0.707;
base,cube_002,-180,75,200,0,0,0.707,0.707;
base,cube_002,-160,75,200,0,0,0.707,0.707;
base,cube_002,-140,75,200,0,0,0.707,0.707;
base,cube_002,-120,75,200,0,0,0.707,0.707;
base,cube_002,-100,75,200,0,0,0.707,0.707;
base,cube_002,-80,75,200,0,0,0.707,0.707;
base,cube_002,-60,75,200,0,0,0.707,0.707;
base,cube_002,-40,75,200,0,0,0.707,0.707;
base,cube_002,-20,75,200,0,0,0.707,0.707;
base,cube_002,0,75,200,0,0,0.707,0.707;
base,cube_002,20,75,200,0,0,0.707,0.707;
base,cube_002,40,75,200,0,0,0.707,0.707;
base,cube_002,60,75,200,0,0,0.707,0.707;
base,cube_002,80,75,200,0,0,0.707,0.707;
base,cube_002,100,75,200,0,0,0.707,0.707;
base,cube_002,120,75,200,0,0,0.707,0.707;
base,cube_002,140,75,200,0,0,0.707,0.707;
base,cube_002,160,75,200,0,0,0.707,0.707;
base,cube_002,180,75,200,0,0,0.707,0.707;
base,cube_002,200,75,200,0,0,0.707,0.707;






base,cube_002,-200,85,200,0,0,0.707,0.707;
base,cube_002,-180,85,200,0,0,0.707,0.707;
base,cube_002,-160,85,200,0,0,0.707,0.707;
base,cube_002,-140,85,200,0,0,0.707,0.707;
base,cube_002,-120,85,200,0,0,0.707,0.707;
base,cube_002,-100,85,200,0,0,0.707,0.707;
base,cube_002,-80,85,200,0,0,0.707,0.707;
base,cube_002,-60,85,200,0,0,0.707,0.707;
base,cube_002,-40,85,200,0,0,0.707,0.707;
base,cube_002,-20,85,200,0,0,0.707,0.707;
base,cube_002,0,85,200,0,0,0.707,0.707;
base,cube_002,20,85,200,0,0,0.707,0.707;
base,cube_002,40,85,200,0,0,0.707,0.707;
base,cube_002,60,85,200,0,0,0.707,0.707;
base,cube_002,80,85,200,0,0,0.707,0.707;
base,cube_002,100,85,200,0,0,0.707,0.707;
base,cube_002,120,85,200,0,0,0.707,0.707;
base,cube_002,140,85,200,0,0,0.707,0.707;
base,cube_002,160,85,200,0,0,0.707,0.707;
base,cube_002,180,85,200,0,0,0.707,0.707;
base,cube_002,200,85,200,0,0,0.707,0.707;






base,cube_002,-200,95,200,0,0,0.707,0.707;
base,cube_002,-180,95,200,0,0,0.707,0.707;
base,cube_002,-160,95,200,0,0,0.707,0.707;
base,cube_002,-140,95,200,0,0,0.707,0.707;
base,cube_002,-120,95,200,0,0,0.707,0.707;
base,cube_002,-100,95,200,0,0,0.707,0.707;
base,cube_002,-80,95,200,0,0,0.707,0.707;
base,cube_002,-60,95,200,0,0,0.707,0.707;
base,cube_002,-40,95,200,0,0,0.707,0.707;
base,cube_002,-20,95,200,0,0,0.707,0.707;
base,cube_002,0,95,200,0,0,0.707,0.707;
base,cube_002,20,95,200,0,0,0.707,0.707;
base,cube_002,40,95,200,0,0,0.707,0.707;
base,cube_002,60,95,200,0,0,0.707,0.707;
base,cube_002,80,95,200,0,0,0.707,0.707;
base,cube_002,100,95,200,0,0,0.707,0.707;
base,cube_002,120,95,200,0,0,0.707,0.707;
base,cube_002,140,95,200,0,0,0.707,0.707;
base,cube_002,160,95,200,0,0,0.707,0.707;
base,cube_002,180,95,200,0,0,0.707,0.707;
base,cube_002,200,95,200,0,0,0.707,0.707;






base,cube_002,-200,105,200,0,0,0.707,0.707;
base,cube_002,-180,105,200,0,0,0.707,0.707;
base,cube_002,-160,105,200,0,0,0.707,0.707;
base,cube_002,-140,105,200,0,0,0.707,0.707;
base,cube_002,-120,105,200,0,0,0.707,0.707;
base,cube_002,-100,105,200,0,0,0.707,0.707;
base,cube_002,-80,105,200,0,0,0.707,0.707;
base,cube_002,-60,105,200,0,0,0.707,0.707;
base,cube_002,-40,105,200,0,0,0.707,0.707;
base,cube_002,-20,105,200,0,0,0.707,0.707;
base,cube_002,0,105,200,0,0,0.707,0.707;
base,cube_002,20,105,200,0,0,0.707,0.707;
base,cube_002,40,105,200,0,0,0.707,0.707;
base,cube_002,60,105,200,0,0,0.707,0.707;
base,cube_002,80,105,200,0,0,0.707,0.707;
base,cube_002,100,105,200,0,0,0.707,0.707;
base,cube_002,120,105,200,0,0,0.707,0.707;
base,cube_002,140,105,200,0,0,0.707,0.707;
base,cube_002,160,105,200,0,0,0.707,0.707;
base,cube_002,180,105,200,0,0,0.707,0.707;
base,cube_002,200,105,200,0,0,0.707,0.707;






base,cube_002,-200,115,200,0,0,0.707,0.707;
base,cube_002,-180,115,200,0,0,0.707,0.707;
base,cube_002,-160,115,200,0,0,0.707,0.707;
base,cube_002,-140,115,200,0,0,0.707,0.707;
base,cube_002,-120,115,200,0,0,0.707,0.707;
base,cube_002,-100,115,200,0,0,0.707,0.707;
base,cube_002,-80,115,200,0,0,0.707,0.707;
base,cube_002,-60,115,200,0,0,0.707,0.707;
base,cube_002,-40,115,200,0,0,0.707,0.707;
base,cube_002,-20,115,200,0,0,0.707,0.707;
base,cube_002,0,115,200,0,0,0.707,0.707;
base,cube_002,20,115,200,0,0,0.707,0.707;
base,cube_002,40,115,200,0,0,0.707,0.707;
base,cube_002,60,115,200,0,0,0.707,0.707;
base,cube_002,80,115,200,0,0,0.707,0.707;
base,cube_002,100,115,200,0,0,0.707,0.707;
base,cube_002,120,115,200,0,0,0.707,0.707;
base,cube_002,140,115,200,0,0,0.707,0.707;
base,cube_002,160,115,200,0,0,0.707,0.707;
base,cube_002,180,115,200,0,0,0.707,0.707;
base,cube_002,200,115,200,0,0,0.707,0.707;





