






map,disablebounds;
spawnpoint,playerC,0,16093.921279,-4628.11825,0,0.872922,-0.48786,0;
custom,cuboid,cannonregionmat,10,20,10,1,0,0,0,1,1,0,16141.574477,-4663.922628,-0.300706,0,0,0.953717;
custom,cuboid,cannonregionmat,6,2,6,1,0,0,0,1,1,0,16066.212489,-4611.153595,0,0.98751,0.157556,0;



custom,killcylinder,bombexplosiontex,0.05,16.45372298,0.05,1,1,0.5,0,999999,999999,0,16149.5,-4449.5,0.5053459338,0,0,0.8629168483;
custom,killcylinder,bombexplosiontex,0.05,15.60801076,0.05,1,0.9,0.4,0.1,999999,999999,0,16299,-4166,0.5281663189,0,0,0.8491409421;
custom,killcylinder,bombexplosiontex,0.05,15.55385804,0.05,1,0.8,0.3,0.2,999999,999999,0,16428,-3882.5,0.5541857172,0,0,0.8323930507;
custom,killcylinder,bombexplosiontex,0.05,14.83273407,0.05,1,0.7,0.2,0.3,999999,999999,0,16537,-3599,0.5786404649,0,0,0.815582744;
custom,killcylinder,bombexplosiontex,0.05,14.26543024,0.05,1,0.6,0.1,0.4,999999,999999,0,16624,-3321.5,0.6056491452,0,0,0.7957318097;
custom,killcylinder,bombexplosiontex,0.05,14.05249088,0.05,1,0.5,0,0.5,999999,999999,0,16691,-3046.5,0.6299328903,0,0,0.7766495694;
custom,killcylinder,bombexplosiontex,0.05,14.17788771,0.05,1,0.4,0.1,0.6,999999,999999,0,16739,-2768.5,0.6580229859,0,0,0.752997842;
custom,killcylinder,bombexplosiontex,0.05,14.3315212,0.05,1,0.3,0.2,0.7,999999,999999,0,16767.5,-2485,0.6832688159,0,0,0.730166916;
custom,killcylinder,bombexplosiontex,0.05,14.30034965,0.05,1,0.2,0.3,0.8,999999,999999,0,16776,-2199,0.7095748149,0,0,0.704630103;
custom,killcylinder,bombexplosiontex,0.05,13.49092287,0.05,1,0.1,0.4,0.9,999999,999999,0,16764.5,-1921.5,0.7341083398,0,0,0.6790323596;
custom,killcylinder,bombexplosiontex,0.05,14.51016885,0.05,1,0,0.5,1,999999,999999,0,16732.5,-1643.5,0.7576846142,0,0,0.6526208895;
custom,killcylinder,bombexplosiontex,0.05,14.33910736,0.05,1,0.1,0.6,0.9,999999,999999,0,16680,-1360,0.7798050972,0,0,0.6260223722;
custom,killcylinder,bombexplosiontex,0.05,14.63600014,0.05,1,0.2,0.7,0.8,999999,999999,0,16608,-1079.5,0.8000409929,0,0,0.5999453389;
custom,killcylinder,bombexplosiontex,0.05,14.61386328,0.05,1,0.3,0.8,0.7,999999,999999,0,16517.5,-801.5,0.8181440791,0,0,0.5750132745;
custom,killcylinder,bombexplosiontex,0.05,15.27121475,0.05,1,0.4,0.9,0.6,999999,999999,0,16407,-524,0.836493969,0,0,0.5479761306;
custom,killcylinder,bombexplosiontex,0.05,15.71957379,0.05,1,0.5,1,0.5,999999,999999,0,16275.5,-243.5,0.8510245126,0,0,0.5251259648;
custom,killcylinder,bombexplosiontex,0.05,16.1311035,0.05,1,0.6,0.9,0.4,999999,999999,0,16124,36.5,0.8666416553,0,0,0.4989310988;
custom,killcylinder,bombexplosiontex,0.05,16.71242053,0.05,1,0.7,0.8,0.3,999999,999999,0,15952.5,316.5,0.8779275084,0,0,0.4787935776;
custom,killcylinder,bombexplosiontex,0.05,17.3035401,0.05,1,0.8,0.7,0.2,999999,999999,0,15761,597.5,0.8898582997,0,0,0.4562370068;
custom,killcylinder,bombexplosiontex,0.05,17.83542823,0.05,1,0.9,0.6,0.1,999999,999999,0,15549.5,878,0.8998759328,0,0,0.4361459682;
custom,killcylinder,bombexplosiontex,0.05,18.15172168,0.05,1,1,0.5,0,999999,999999,0,15320.5,1155.5,0.9090738791,0,0,0.4166349508;
custom,killcylinder,bombexplosiontex,0.05,19.17563558,0.05,1,1,0.5,0,999999,999999,0,15071.5,1433.5,0.9166654531,0,0,0.3996554105;
custom,killcylinder,bombexplosiontex,0.05,20.61219299,0.05,1,0.9,0.4,0.1,999999,999999,0,14795,1719.5,0.9242073943,0,0,0.381890943;
custom,killcylinder,bombexplosiontex,0.05,20.20154697,0.05,1,0.8,0.3,0.2,999999,999999,0,14501,2002.5,0.9307569934,0,0,0.3656383722;
custom,killcylinder,bombexplosiontex,0.05,20.90753453,0.05,1,0.7,0.2,0.3,999999,999999,0,14195.5,2277.5,0.9363004174,0,0,0.3512001258;
custom,killcylinder,bombexplosiontex,0.05,22.52221126,0.05,1,0.6,0.1,0.4,999999,999999,0,13864,2558,0.941427288,0,0,0.3372160457;
custom,killcylinder,bombexplosiontex,0.05,22.87367483,0.05,1,0.5,0,0.5,999999,999999,0,13509.5,2841.5,0.9458109623,0,0,0.32471776;
custom,killcylinder,bombexplosiontex,0.05,23.71102064,0.05,1,0.4,0.1,0.6,999999,999999,0,13138,3122.5,0.9501401464,0,0,0.3118231907;
custom,killcylinder,bombexplosiontex,0.05,24.45408964,0.05,1,0.3,0.2,0.7,999999,999999,0,12746.5,3403,0.9539139789,0,0,0.3000801907;
custom,killcylinder,bombexplosiontex,0.05,25.34980276,0.05,1,0.2,0.3,0.8,999999,999999,0,12335,3683.5,0.9571712533,0,0,0.2895223512;
custom,killcylinder,bombexplosiontex,0.05,25.60512644,0.05,1,0.1,0.4,0.9,999999,999999,0,11908,3961.5,0.9600992323,0,0,0.2796595505;
custom,killcylinder,bombexplosiontex,0.05,27.55163335,0.05,1,0,0.5,1,999999,999999,0,11456.5,4242,0.9630053898,0,0,0.2694821314;
custom,killcylinder,bombexplosiontex,0.05,27.82808833,0.05,1,0.1,0.6,0.9,999999,999999,0,10980.5,4525,0.9654622508,0,0,0.2605429758;
custom,killcylinder,bombexplosiontex,0.05,28.76477881,0.05,1,0.2,0.7,0.8,999999,999999,0,10489,4805.5,0.9676246495,0,0,0.2523936165;
custom,killcylinder,bombexplosiontex,0.05,29.59738164,0.05,1,0.3,0.8,0.7,999999,999999,0,9977.5,5086.5,0.969573469,0,0,0.244800507;
custom,killcylinder,bombexplosiontex,0.05,30.50262284,0.05,1,0.4,0.9,0.6,999999,999999,0,9446,5367,0.9717119399,0,0,0.2361692313;
custom,killcylinder,bombexplosiontex,0.05,31.39446607,0.05,1,0.5,1,0.5,999999,999999,0,8894.5,5648,0.9730029719,0,0,0.2307925836;
custom,killcylinder,bombexplosiontex,0.05,32.27092345,0.05,1,0.6,0.9,0.4,999999,999999,0,8323,5928.5,0.9751257719,0,0,0.2216522704;
custom,killcylinder,bombexplosiontex,0.05,33.17235295,0.05,1,0.7,0.8,0.3,999999,999999,0,7731.5,6208.5,0.9761851368,0,0,0.216939113;
custom,killcylinder,bombexplosiontex,0.05,34.06027745,0.05,1,0.8,0.7,0.2,999999,999999,0,7120.5,6489,0.9776551323,0,0,0.2102152285;
custom,killcylinder,bombexplosiontex,0.05,35.04015554,0.05,1,0.9,0.6,0.1,999999,999999,0,6489,6769.5,0.9787981978,0,0,0.2048269708;
custom,killcylinder,bombexplosiontex,0.05,35.91246302,0.05,1,1,0.5,0,999999,999999,0,5837.5,7050.5,0.9798707377,0,0,0.199633007;
custom,killcylinder,bombexplosiontex,0.05,36.8620401,0.05,1,1,0.5,0,999999,999999,0,5166,7331,0.9810889061,0,0,0.1935576354;
custom,killcylinder,bombexplosiontex,0.05,37.76115729,0.05,1,0.9,0.4,0.1,999999,999999,0,4474.5,7611.5,0.9818865729,0,0,0.1894696756;
custom,killcylinder,bombexplosiontex,0.05,38.71963326,0.05,1,0.8,0.3,0.2,999999,999999,0,3763,7892,0.9829403699,0,0,0.1839245206;
custom,killcylinder,bombexplosiontex,0.05,38.81690997,0.05,1,0.7,0.2,0.3,999999,999999,0,3039,8169.5,0.9836563031,0,0,0.1800563172;
custom,killcylinder,bombexplosiontex,0.05,41.39821856,0.05,1,0.6,0.1,0.4,999999,999999,0,2287.5,8450,0.9844912845,0,0,0.175433494;
custom,killcylinder,bombexplosiontex,0.05,41.50066265,0.05,1,0.5,0,0.5,999999,999999,0,1508.5,8733.5,0.9851265987,0,0,0.1718301037;
custom,killcylinder,bombexplosiontex,0.05,42.49014592,0.05,1,0.4,0.1,0.6,999999,999999,0,717,9014.5,0.9858367588,0,0,0.1677077369;
custom,killcylinder,bombexplosiontex,0.05,43.32435804,0.05,1,0.3,0.2,0.7,999999,999999,0,-94,9295,0.9864962889,0,0,0.1637836132;
custom,killcylinder,bombexplosiontex,0.05,44.38256978,0.05,1,0.2,0.3,0.8,999999,999999,0,-925,9575.5,0.9870589093,0,0,0.1603580665;
custom,killcylinder,bombexplosiontex,0.05,45.26922244,0.05,1,0.1,0.4,0.9,999999,999999,0,-1776.5,9856,0.9876682731,0,0,0.1565611137;
custom,killcylinder,bombexplosiontex,0.05,46.28404153,0.05,1,0,0.5,1,999999,999999,0,-2648,10136.5,0.9881326359,0,0,0.1536030399;
custom,killcylinder,bombexplosiontex,0.05,47.17523185,0.05,1,0.1,0.6,0.9,999999,999999,0,-3539.5,10417,0.9886734197,0,0,0.1500828743;
custom,killcylinder,bombexplosiontex,0.05,48.19349022,0.05,1,0.2,0.7,0.8,999999,999999,0,-4451,10697.5,0.9890805645,0,0,0.1473758358;
custom,killcylinder,bombexplosiontex,0.05,49.0887207,0.05,1,0.3,0.8,0.7,999999,999999,0,-5382.5,10978,0.9895626945,0,0,0.1441029964;
custom,killcylinder,bombexplosiontex,0.05,50.11000399,0.05,1,0.4,0.9,0.6,999999,999999,0,-6334,11258.5,0.9899212518,0,0,0.1416189087;
custom,killcylinder,bombexplosiontex,0.05,51.02259303,0.05,1,0.5,1,0.5,999999,999999,0,-7305.5,11539.5,0.9902875421,0,0,0.1390344703;
custom,killcylinder,bombexplosiontex,0.05,52.01932333,0.05,1,0.6,0.9,0.4,999999,999999,0,-8297,11820,0.9907329728,0,0,0.1358240651;
custom,killcylinder,bombexplosiontex,0.05,52.948135,0.05,1,0.7,0.8,0.3,999999,999999,0,-9308.5,12100.5,0.9909972378,0,0,0.1338823162;
custom,killcylinder,bombexplosiontex,0.05,52.86932003,0.05,1,0.8,0.7,0.2,999999,999999,0,-10329.5,12378.5,0.9913597631,0,0,0.1311709578;
custom,killcylinder,bombexplosiontex,0.05,55.95801998,0.05,1,0.9,0.6,0.1,999999,999999,0,-11381,12659,0.9916643033,0,0,0.1288483978;
custom,killcylinder,bombexplosiontex,0.05,54.75456602,0.05,1,1,0.5,0,999999,999999,0,-12452,12939.5,0.991956603,0,0,0.1265784254;
custom,killcylinder,bombexplosiontex,0.05,57.94232046,0.05,1,1,0.5,0,999999,999999,0,-13543.5,13220,0.9922366555,0,0,0.1243640599;
custom,killcylinder,bombexplosiontex,0.05,57.83262488,0.05,1,0.9,0.4,0.1,999999,999999,0,-14666,13503.5,0.9924819146,0,0,0.1223913775;
custom,killcylinder,bombexplosiontex,0.05,57.56624445,0.05,1,0.8,0.3,0.2,999999,999999,0,-15786,13781.5,0.9927374231,0,0,0.1203013252;
custom,killcylinder,bombexplosiontex,0.05,60.9512305,0.05,1,0.7,0.2,0.3,999999,999999,0,-16937.5,14062,0.9929976486,0,0,0.1181341182;
custom,killcylinder,bombexplosiontex,0.05,60.68692198,0.05,1,0.6,0.1,0.4,999999,999999,0,-18120.5,14345,0.9932338031,0,0,0.1161318749;
custom,killcylinder,bombexplosiontex,0.05,61.72043827,0.05,1,0.5,0,0.5,999999,999999,0,-19312,14625.5,0.9934146958,0,0,0.1145741772;
custom,killcylinder,bombexplosiontex,0.05,62.6346749,0.05,1,0.4,0.1,0.6,999999,999999,0,-20523.5,14906,0.9936547989,0,0,0.1124728443;
custom,killcylinder,bombexplosiontex,0.05,62.38417267,0.05,1,0.3,0.2,0.7,999999,999999,0,-21742.5,15183.5,0.9938328989,0,0,0.1108880927;
custom,killcylinder,bombexplosiontex,0.05,65.88180705,0.05,1,0.2,0.3,0.8,999999,999999,0,-22994,15464.5,0.9939794338,0,0,0.1095668066;
custom,killcylinder,bombexplosiontex,0.05,65.6110509,0.05,1,0.1,0.4,0.9,999999,999999,0,-24278,15748,0.9942257206,0,0,0.1073089763;
custom,killcylinder,bombexplosiontex,0.05,66.55001878,0.05,1,0,0.5,1,999999,999999,0,-25569.5,16028.5,0.9943491037,0,0,0.1061595966;
custom,killcylinder,bombexplosiontex,0.05,67.56633777,0.05,1,0.1,0.6,0.9,999999,999999,0,-26881,16309,0.9945596528,0,0,0.104168599;
custom,killcylinder,bombexplosiontex,0.05,68.50624059,0.05,1,0.2,0.7,0.8,999999,999999,0,-28212.5,16589.5,0.9946715412,0,0,0.1030947383;
custom,killcylinder,bombexplosiontex,0.05,69.52416846,0.05,1,0.3,0.8,0.7,999999,999999,0,-29564,16870,0.9948656922,0,0,0.1012040243;
custom,killcylinder,bombexplosiontex,0.05,70.46492035,0.05,1,0.4,0.9,0.6,999999,999999,0,-30935.5,17150.5,0.9949673905,0,0,0.1001992604;
custom,killcylinder,bombexplosiontex,0.05,70.06248996,0.05,1,0.5,1,0.5,999999,999999,0,-32313,17428.5,0.9951264287,0,0,0.09860725617;
custom,killcylinder,bombexplosiontex,0.05,73.84776571,0.05,1,0.6,0.9,0.4,999999,999999,0,-33724.5,17709,0.9952568352,0,0,0.09728222898;
custom,killcylinder,bombexplosiontex,0.05,73.45619443,0.05,1,0.7,0.8,0.3,999999,999999,0,-35170,17992.5,0.9953736413,0,0,0.09607972862;
custom,killcylinder,bombexplosiontex,0.05,74.37944945,0.05,1,0.8,0.7,0.2,999999,999999,0,-36621.5,18273,0.9955215012,0,0,0.0945353935;
custom,killcylinder,bombexplosiontex,0.05,75.42023933,0.05,1,0.9,0.6,0.1,999999,999999,0,-38093,18553.5,0.9956141053,0,0,0.09355508153;
custom,killcylinder,bombexplosiontex,0.05,76.3446298,0.05,1,1,0.5,0,999999,999999,0,-39584.5,18834,0.9957515488,0,0,0.09208068807;
custom,killcylinder,bombexplosiontex,0.05,77.38612602,0.05,1,1,0.5,0,999999,999999,0,-41096,19114.5,0.9958364338,0,0,0.09115808873;
custom,killcylinder,bombexplosiontex,0.05,78.31157322,0.05,1,0.9,0.4,0.1,999999,999999,0,-42627.5,19395,0.9959644409,0,0,0.08974871896;
custom,killcylinder,bombexplosiontex,0.05,77.7258805,0.05,1,0.8,0.3,0.2,999999,999999,0,-44163,19672.5,0.9960492346,0,0,0.08880271541;
custom,killcylinder,bombexplosiontex,0.05,81.91669549,0.05,1,0.7,0.2,0.3,999999,999999,0,-45734.5,19953.5,0.996126695,0,0,0.08792956042;
custom,killcylinder,bombexplosiontex,0.05,81.265014,0.05,1,0.6,0.1,0.4,999999,999999,0,-47341.5,20237,0.9962551742,0,0,0.08646171298;
custom,killcylinder,bombexplosiontex,0.05,82.30803424,0.05,1,0.5,0,0.5,999999,999999,0,-48953,20517.5,0.9963239959,0,0,0.08566501768;
custom,killcylinder,bombexplosiontex,0.05,83.23582462,0.05,1,0.4,0.1,0.6,999999,999999,0,-50584.5,20798,0.9964319933,0,0,0.08439954206;
custom,killcylinder,bombexplosiontex,0.05,84.27937173,0.05,1,0.3,0.2,0.7,999999,999999,0,-52236,21078.5,0.9964954593,0,0,0.08364687392;
custom,killcylinder,bombexplosiontex,0.05,85.20799552,0.05,1,0.2,0.3,0.8,999999,999999,0,-53907.5,21359,0.9965966533,0,0,0.08243246119;
custom,killcylinder,bombexplosiontex,0.05,86.20269717,0.05,1,0.1,0.4,0.9,999999,999999,0,-55598.5,21639.5,0.9966514088,0,0,0.08176777665;
custom,killcylinder,bombexplosiontex,0.05,87.2388245,0.05,1,0,0.5,1,999999,999999,0,-57310,21920.5,0.9967311318,0,0,0.08079016598;
custom,killcylinder,bombexplosiontex,0.05,88.16860269,0.05,1,0.1,0.6,0.9,999999,999999,0,-59041.5,22201,0.9968231823,0,0,0.07964636367;
custom,killcylinder,bombexplosiontex,0.05,89.21329778,0.05,1,0.2,0.7,0.8,999999,999999,0,-60793,22481.5,0.9968753542,0,0,0.0789906843;
custom,killcylinder,bombexplosiontex,0.05,90.14378792,0.05,1,0.3,0.8,0.7,999999,999999,0,-62564.5,22762,0.9969619317,0,0,0.07789035103;
custom,killcylinder,bombexplosiontex,0.05,91.18888364,0.05,1,0.4,0.9,0.6,999999,999999,0,-64356,23042.5,0.9970102885,0,0,0.07726891066;
custom,killcylinder,bombexplosiontex,0.05,93.99414875,0.05,1,0.5,1,0.5,999999,999999,0,-66186,23326,0.9970856019,0,0,0.07629090692;



racing,endcuboid,20,40,20,0,-66809.21053,23469,0,1,0,0;





custom,killcuboid,bombexplosiontex,2,0.02,0.02,1,1,0.5,0,999999,999999,0,16149.5,-4449.5,0.5053459338,0,0,0.8629168483;
custom,killcuboid,bombexplosiontex,2,0.02,0.02,1,0.9,0.4,0.1,999999,999999,0,16299,-4166,0.5281663189,0,0,0.8491409421;
custom,killcuboid,bombexplosiontex,2,0.02,0.02,1,0.8,0.3,0.2,999999,999999,0,16428,-3882.5,0.5541857172,0,0,0.8323930507;
custom,killcuboid,bombexplosiontex,2,0.02,0.02,1,0.7,0.2,0.3,999999,999999,0,16537,-3599,0.5786404649,0,0,0.815582744;
custom,killcuboid,bombexplosiontex,2,0.02,0.02,1,0.6,0.1,0.4,999999,999999,0,16624,-3321.5,0.6056491452,0,0,0.7957318097;
custom,killcuboid,bombexplosiontex,2,0.02,0.02,1,0.5,0,0.5,999999,999999,0,16691,-3046.5,0.6299328903,0,0,0.7766495694;
custom,killcuboid,bombexplosiontex,2,0.02,0.02,1,0.4,0.1,0.6,999999,999999,0,16739,-2768.5,0.6580229859,0,0,0.752997842;
custom,killcuboid,bombexplosiontex,2,0.02,0.02,1,0.3,0.2,0.7,999999,999999,0,16767.5,-2485,0.6832688159,0,0,0.730166916;
custom,killcuboid,bombexplosiontex,2,0.02,0.02,1,0.2,0.3,0.8,999999,999999,0,16776,-2199,0.7095748149,0,0,0.704630103;
custom,killcuboid,bombexplosiontex,2,0.02,0.02,1,0.1,0.4,0.9,999999,999999,0,16764.5,-1921.5,0.7341083398,0,0,0.6790323596;
custom,killcuboid,bombexplosiontex,2,0.02,0.02,1,0,0.5,1,999999,999999,0,16732.5,-1643.5,0.7576846142,0,0,0.6526208895;
custom,killcuboid,bombexplosiontex,2,0.02,0.02,1,0.1,0.6,0.9,999999,999999,0,16680,-1360,0.7798050972,0,0,0.6260223722;
custom,killcuboid,bombexplosiontex,2,0.02,0.02,1,0.2,0.7,0.8,999999,999999,0,16608,-1079.5,0.8000409929,0,0,0.5999453389;
custom,killcuboid,bombexplosiontex,2,0.02,0.02,1,0.3,0.8,0.7,999999,999999,0,16517.5,-801.5,0.8181440791,0,0,0.5750132745;
custom,killcuboid,bombexplosiontex,2,0.02,0.02,1,0.4,0.9,0.6,999999,999999,0,16407,-524,0.836493969,0,0,0.5479761306;
custom,killcuboid,bombexplosiontex,2,0.02,0.02,1,0.5,1,0.5,999999,999999,0,16275.5,-243.5,0.8510245126,0,0,0.5251259648;
custom,killcuboid,bombexplosiontex,2,0.02,0.02,1,0.6,0.9,0.4,999999,999999,0,16124,36.5,0.8666416553,0,0,0.4989310988;
custom,killcuboid,bombexplosiontex,2,0.02,0.02,1,0.7,0.8,0.3,999999,999999,0,15952.5,316.5,0.8779275084,0,0,0.4787935776;
custom,killcuboid,bombexplosiontex,2,0.02,0.02,1,0.8,0.7,0.2,999999,999999,0,15761,597.5,0.8898582997,0,0,0.4562370068;
custom,killcuboid,bombexplosiontex,2,0.02,0.02,1,0.9,0.6,0.1,999999,999999,0,15549.5,878,0.8998759328,0,0,0.4361459682;
custom,killcuboid,bombexplosiontex,2,0.02,0.02,1,1,0.5,0,999999,999999,0,15320.5,1155.5,0.9090738791,0,0,0.4166349508;
custom,killcuboid,bombexplosiontex,2,0.02,0.02,1,1,0.5,0,999999,999999,0,15071.5,1433.5,0.9166654531,0,0,0.3996554105;
custom,killcuboid,bombexplosiontex,2,0.02,0.02,1,0.9,0.4,0.1,999999,999999,0,14795,1719.5,0.9242073943,0,0,0.381890943;
custom,killcuboid,bombexplosiontex,2,0.02,0.02,1,0.8,0.3,0.2,999999,999999,0,14501,2002.5,0.9307569934,0,0,0.3656383722;
custom,killcuboid,bombexplosiontex,2,0.02,0.02,1,0.7,0.2,0.3,999999,999999,0,14195.5,2277.5,0.9363004174,0,0,0.3512001258;
custom,killcuboid,bombexplosiontex,2,0.02,0.02,1,0.6,0.1,0.4,999999,999999,0,13864,2558,0.941427288,0,0,0.3372160457;
custom,killcuboid,bombexplosiontex,2,0.02,0.02,1,0.5,0,0.5,999999,999999,0,13509.5,2841.5,0.9458109623,0,0,0.32471776;
custom,killcuboid,bombexplosiontex,2,0.02,0.02,1,0.4,0.1,0.6,999999,999999,0,13138,3122.5,0.9501401464,0,0,0.3118231907;
custom,killcuboid,bombexplosiontex,2,0.02,0.02,1,0.3,0.2,0.7,999999,999999,0,12746.5,3403,0.9539139789,0,0,0.3000801907;
custom,killcuboid,bombexplosiontex,2,0.02,0.02,1,0.2,0.3,0.8,999999,999999,0,12335,3683.5,0.9571712533,0,0,0.2895223512;
custom,killcuboid,bombexplosiontex,2,0.02,0.02,1,0.1,0.4,0.9,999999,999999,0,11908,3961.5,0.9600992323,0,0,0.2796595505;
custom,killcuboid,bombexplosiontex,2,0.02,0.02,1,0,0.5,1,999999,999999,0,11456.5,4242,0.9630053898,0,0,0.2694821314;
custom,killcuboid,bombexplosiontex,2,0.02,0.02,1,0.1,0.6,0.9,999999,999999,0,10980.5,4525,0.9654622508,0,0,0.2605429758;
custom,killcuboid,bombexplosiontex,2,0.02,0.02,1,0.2,0.7,0.8,999999,999999,0,10489,4805.5,0.9676246495,0,0,0.2523936165;
custom,killcuboid,bombexplosiontex,2,0.02,0.02,1,0.3,0.8,0.7,999999,999999,0,9977.5,5086.5,0.969573469,0,0,0.244800507;
custom,killcuboid,bombexplosiontex,2,0.02,0.02,1,0.4,0.9,0.6,999999,999999,0,9446,5367,0.9717119399,0,0,0.2361692313;
custom,killcuboid,bombexplosiontex,2,0.02,0.02,1,0.5,1,0.5,999999,999999,0,8894.5,5648,0.9730029719,0,0,0.2307925836;
custom,killcuboid,bombexplosiontex,2,0.02,0.02,1,0.6,0.9,0.4,999999,999999,0,8323,5928.5,0.9751257719,0,0,0.2216522704;
custom,killcuboid,bombexplosiontex,2,0.02,0.02,1,0.7,0.8,0.3,999999,999999,0,7731.5,6208.5,0.9761851368,0,0,0.216939113;
custom,killcuboid,bombexplosiontex,2,0.02,0.02,1,0.8,0.7,0.2,999999,999999,0,7120.5,6489,0.9776551323,0,0,0.2102152285;
custom,killcuboid,bombexplosiontex,2,0.02,0.02,1,0.9,0.6,0.1,999999,999999,0,6489,6769.5,0.9787981978,0,0,0.2048269708;
custom,killcuboid,bombexplosiontex,2,0.02,0.02,1,1,0.5,0,999999,999999,0,5837.5,7050.5,0.9798707377,0,0,0.199633007;
custom,killcuboid,bombexplosiontex,2,0.02,0.02,1,1,0.5,0,999999,999999,0,5166,7331,0.9810889061,0,0,0.1935576354;
custom,killcuboid,bombexplosiontex,2,0.02,0.02,1,0.9,0.4,0.1,999999,999999,0,4474.5,7611.5,0.9818865729,0,0,0.1894696756;
custom,killcuboid,bombexplosiontex,2,0.02,0.02,1,0.8,0.3,0.2,999999,999999,0,3763,7892,0.9829403699,0,0,0.1839245206;
custom,killcuboid,bombexplosiontex,2,0.02,0.02,1,0.7,0.2,0.3,999999,999999,0,3039,8169.5,0.9836563031,0,0,0.1800563172;
custom,killcuboid,bombexplosiontex,2,0.02,0.02,1,0.6,0.1,0.4,999999,999999,0,2287.5,8450,0.9844912845,0,0,0.175433494;
custom,killcuboid,bombexplosiontex,2,0.02,0.02,1,0.5,0,0.5,999999,999999,0,1508.5,8733.5,0.9851265987,0,0,0.1718301037;
custom,killcuboid,bombexplosiontex,2,0.02,0.02,1,0.4,0.1,0.6,999999,999999,0,717,9014.5,0.9858367588,0,0,0.1677077369;
custom,killcuboid,bombexplosiontex,2,0.02,0.02,1,0.3,0.2,0.7,999999,999999,0,-94,9295,0.9864962889,0,0,0.1637836132;
custom,killcuboid,bombexplosiontex,2,0.02,0.02,1,0.2,0.3,0.8,999999,999999,0,-925,9575.5,0.9870589093,0,0,0.1603580665;
custom,killcuboid,bombexplosiontex,2,0.02,0.02,1,0.1,0.4,0.9,999999,999999,0,-1776.5,9856,0.9876682731,0,0,0.1565611137;
custom,killcuboid,bombexplosiontex,2,0.02,0.02,1,0,0.5,1,999999,999999,0,-2648,10136.5,0.9881326359,0,0,0.1536030399;
custom,killcuboid,bombexplosiontex,2,0.02,0.02,1,0.1,0.6,0.9,999999,999999,0,-3539.5,10417,0.9886734197,0,0,0.1500828743;
custom,killcuboid,bombexplosiontex,2,0.02,0.02,1,0.2,0.7,0.8,999999,999999,0,-4451,10697.5,0.9890805645,0,0,0.1473758358;
custom,killcuboid,bombexplosiontex,2,0.02,0.02,1,0.3,0.8,0.7,999999,999999,0,-5382.5,10978,0.9895626945,0,0,0.1441029964;
custom,killcuboid,bombexplosiontex,2,0.02,0.02,1,0.4,0.9,0.6,999999,999999,0,-6334,11258.5,0.9899212518,0,0,0.1416189087;
custom,killcuboid,bombexplosiontex,2,0.02,0.02,1,0.5,1,0.5,999999,999999,0,-7305.5,11539.5,0.9902875421,0,0,0.1390344703;
custom,killcuboid,bombexplosiontex,2,0.02,0.02,1,0.6,0.9,0.4,999999,999999,0,-8297,11820,0.9907329728,0,0,0.1358240651;
custom,killcuboid,bombexplosiontex,2,0.02,0.02,1,0.7,0.8,0.3,999999,999999,0,-9308.5,12100.5,0.9909972378,0,0,0.1338823162;
custom,killcuboid,bombexplosiontex,2,0.02,0.02,1,0.8,0.7,0.2,999999,999999,0,-10329.5,12378.5,0.9913597631,0,0,0.1311709578;
custom,killcuboid,bombexplosiontex,2,0.02,0.02,1,0.9,0.6,0.1,999999,999999,0,-11381,12659,0.9916643033,0,0,0.1288483978;
custom,killcuboid,bombexplosiontex,2,0.02,0.02,1,1,0.5,0,999999,999999,0,-12452,12939.5,0.991956603,0,0,0.1265784254;
custom,killcuboid,bombexplosiontex,2,0.02,0.02,1,1,0.5,0,999999,999999,0,-13543.5,13220,0.9922366555,0,0,0.1243640599;
custom,killcuboid,bombexplosiontex,2,0.02,0.02,1,0.9,0.4,0.1,999999,999999,0,-14666,13503.5,0.9924819146,0,0,0.1223913775;
custom,killcuboid,bombexplosiontex,2,0.02,0.02,1,0.8,0.3,0.2,999999,999999,0,-15786,13781.5,0.9927374231,0,0,0.1203013252;
custom,killcuboid,bombexplosiontex,2,0.02,0.02,1,0.7,0.2,0.3,999999,999999,0,-16937.5,14062,0.9929976486,0,0,0.1181341182;
custom,killcuboid,bombexplosiontex,2,0.02,0.02,1,0.6,0.1,0.4,999999,999999,0,-18120.5,14345,0.9932338031,0,0,0.1161318749;
custom,killcuboid,bombexplosiontex,2,0.02,0.02,1,0.5,0,0.5,999999,999999,0,-19312,14625.5,0.9934146958,0,0,0.1145741772;
custom,killcuboid,bombexplosiontex,2,0.02,0.02,1,0.4,0.1,0.6,999999,999999,0,-20523.5,14906,0.9936547989,0,0,0.1124728443;
custom,killcuboid,bombexplosiontex,2,0.02,0.02,1,0.3,0.2,0.7,999999,999999,0,-21742.5,15183.5,0.9938328989,0,0,0.1108880927;
custom,killcuboid,bombexplosiontex,2,0.02,0.02,1,0.2,0.3,0.8,999999,999999,0,-22994,15464.5,0.9939794338,0,0,0.1095668066;
custom,killcuboid,bombexplosiontex,2,0.02,0.02,1,0.1,0.4,0.9,999999,999999,0,-24278,15748,0.9942257206,0,0,0.1073089763;
custom,killcuboid,bombexplosiontex,2,0.02,0.02,1,0,0.5,1,999999,999999,0,-25569.5,16028.5,0.9943491037,0,0,0.1061595966;
custom,killcuboid,bombexplosiontex,2,0.02,0.02,1,0.1,0.6,0.9,999999,999999,0,-26881,16309,0.9945596528,0,0,0.104168599;
custom,killcuboid,bombexplosiontex,2,0.02,0.02,1,0.2,0.7,0.8,999999,999999,0,-28212.5,16589.5,0.9946715412,0,0,0.1030947383;
custom,killcuboid,bombexplosiontex,2,0.02,0.02,1,0.3,0.8,0.7,999999,999999,0,-29564,16870,0.9948656922,0,0,0.1012040243;
custom,killcuboid,bombexplosiontex,2,0.02,0.02,1,0.4,0.9,0.6,999999,999999,0,-30935.5,17150.5,0.9949673905,0,0,0.1001992604;
custom,killcuboid,bombexplosiontex,2,0.02,0.02,1,0.5,1,0.5,999999,999999,0,-32313,17428.5,0.9951264287,0,0,0.09860725617;
custom,killcuboid,bombexplosiontex,2,0.02,0.02,1,0.6,0.9,0.4,999999,999999,0,-33724.5,17709,0.9952568352,0,0,0.09728222898;
custom,killcuboid,bombexplosiontex,2,0.02,0.02,1,0.7,0.8,0.3,999999,999999,0,-35170,17992.5,0.9953736413,0,0,0.09607972862;
custom,killcuboid,bombexplosiontex,2,0.02,0.02,1,0.8,0.7,0.2,999999,999999,0,-36621.5,18273,0.9955215012,0,0,0.0945353935;
custom,killcuboid,bombexplosiontex,2,0.02,0.02,1,0.9,0.6,0.1,999999,999999,0,-38093,18553.5,0.9956141053,0,0,0.09355508153;
custom,killcuboid,bombexplosiontex,2,0.02,0.02,1,1,0.5,0,999999,999999,0,-39584.5,18834,0.9957515488,0,0,0.09208068807;
custom,killcuboid,bombexplosiontex,2,0.02,0.02,1,1,0.5,0,999999,999999,0,-41096,19114.5,0.9958364338,0,0,0.09115808873;
custom,killcuboid,bombexplosiontex,2,0.02,0.02,1,0.9,0.4,0.1,999999,999999,0,-42627.5,19395,0.9959644409,0,0,0.08974871896;
custom,killcuboid,bombexplosiontex,2,0.02,0.02,1,0.8,0.3,0.2,999999,999999,0,-44163,19672.5,0.9960492346,0,0,0.08880271541;
custom,killcuboid,bombexplosiontex,2,0.02,0.02,1,0.7,0.2,0.3,999999,999999,0,-45734.5,19953.5,0.996126695,0,0,0.08792956042;
custom,killcuboid,bombexplosiontex,2,0.02,0.02,1,0.6,0.1,0.4,999999,999999,0,-47341.5,20237,0.9962551742,0,0,0.08646171298;
custom,killcuboid,bombexplosiontex,2,0.02,0.02,1,0.5,0,0.5,999999,999999,0,-48953,20517.5,0.9963239959,0,0,0.08566501768;
custom,killcuboid,bombexplosiontex,2,0.02,0.02,1,0.4,0.1,0.6,999999,999999,0,-50584.5,20798,0.9964319933,0,0,0.08439954206;
custom,killcuboid,bombexplosiontex,2,0.02,0.02,1,0.3,0.2,0.7,999999,999999,0,-52236,21078.5,0.9964954593,0,0,0.08364687392;
custom,killcuboid,bombexplosiontex,2,0.02,0.02,1,0.2,0.3,0.8,999999,999999,0,-53907.5,21359,0.9965966533,0,0,0.08243246119;
custom,killcuboid,bombexplosiontex,2,0.02,0.02,1,0.1,0.4,0.9,999999,999999,0,-55598.5,21639.5,0.9966514088,0,0,0.08176777665;
custom,killcuboid,bombexplosiontex,2,0.02,0.02,1,0,0.5,1,999999,999999,0,-57310,21920.5,0.9967311318,0,0,0.08079016598;
custom,killcuboid,bombexplosiontex,2,0.02,0.02,1,0.1,0.6,0.9,999999,999999,0,-59041.5,22201,0.9968231823,0,0,0.07964636367;
custom,killcuboid,bombexplosiontex,2,0.02,0.02,1,0.2,0.7,0.8,999999,999999,0,-60793,22481.5,0.9968753542,0,0,0.0789906843;
custom,killcuboid,bombexplosiontex,2,0.02,0.02,1,0.3,0.8,0.7,999999,999999,0,-62564.5,22762,0.9969619317,0,0,0.07789035103;
custom,killcuboid,bombexplosiontex,2,0.02,0.02,1,0.4,0.9,0.6,999999,999999,0,-64356,23042.5,0.9970102885,0,0,0.07726891066;
custom,killcuboid,bombexplosiontex,2,0.02,0.02,1,0.5,1,0.5,999999,999999,0,-66186,23326,0.9970856019,0,0,0.07629090692;





custom,killcuboid,bombexplosiontex,0.02,0.02,2,1,1,0.5,0,999999,999999,0,16149.5,-4449.5,0.5053459338,0,0,0.8629168483;
custom,killcuboid,bombexplosiontex,0.02,0.02,2,1,0.9,0.4,0.1,999999,999999,0,16299,-4166,0.5281663189,0,0,0.8491409421;
custom,killcuboid,bombexplosiontex,0.02,0.02,2,1,0.8,0.3,0.2,999999,999999,0,16428,-3882.5,0.5541857172,0,0,0.8323930507;
custom,killcuboid,bombexplosiontex,0.02,0.02,2,1,0.7,0.2,0.3,999999,999999,0,16537,-3599,0.5786404649,0,0,0.815582744;
custom,killcuboid,bombexplosiontex,0.02,0.02,2,1,0.6,0.1,0.4,999999,999999,0,16624,-3321.5,0.6056491452,0,0,0.7957318097;
custom,killcuboid,bombexplosiontex,0.02,0.02,2,1,0.5,0,0.5,999999,999999,0,16691,-3046.5,0.6299328903,0,0,0.7766495694;
custom,killcuboid,bombexplosiontex,0.02,0.02,2,1,0.4,0.1,0.6,999999,999999,0,16739,-2768.5,0.6580229859,0,0,0.752997842;
custom,killcuboid,bombexplosiontex,0.02,0.02,2,1,0.3,0.2,0.7,999999,999999,0,16767.5,-2485,0.6832688159,0,0,0.730166916;
custom,killcuboid,bombexplosiontex,0.02,0.02,2,1,0.2,0.3,0.8,999999,999999,0,16776,-2199,0.7095748149,0,0,0.704630103;
custom,killcuboid,bombexplosiontex,0.02,0.02,2,1,0.1,0.4,0.9,999999,999999,0,16764.5,-1921.5,0.7341083398,0,0,0.6790323596;
custom,killcuboid,bombexplosiontex,0.02,0.02,2,1,0,0.5,1,999999,999999,0,16732.5,-1643.5,0.7576846142,0,0,0.6526208895;
custom,killcuboid,bombexplosiontex,0.02,0.02,2,1,0.1,0.6,0.9,999999,999999,0,16680,-1360,0.7798050972,0,0,0.6260223722;
custom,killcuboid,bombexplosiontex,0.02,0.02,2,1,0.2,0.7,0.8,999999,999999,0,16608,-1079.5,0.8000409929,0,0,0.5999453389;
custom,killcuboid,bombexplosiontex,0.02,0.02,2,1,0.3,0.8,0.7,999999,999999,0,16517.5,-801.5,0.8181440791,0,0,0.5750132745;
custom,killcuboid,bombexplosiontex,0.02,0.02,2,1,0.4,0.9,0.6,999999,999999,0,16407,-524,0.836493969,0,0,0.5479761306;
custom,killcuboid,bombexplosiontex,0.02,0.02,2,1,0.5,1,0.5,999999,999999,0,16275.5,-243.5,0.8510245126,0,0,0.5251259648;
custom,killcuboid,bombexplosiontex,0.02,0.02,2,1,0.6,0.9,0.4,999999,999999,0,16124,36.5,0.8666416553,0,0,0.4989310988;
custom,killcuboid,bombexplosiontex,0.02,0.02,2,1,0.7,0.8,0.3,999999,999999,0,15952.5,316.5,0.8779275084,0,0,0.4787935776;
custom,killcuboid,bombexplosiontex,0.02,0.02,2,1,0.8,0.7,0.2,999999,999999,0,15761,597.5,0.8898582997,0,0,0.4562370068;
custom,killcuboid,bombexplosiontex,0.02,0.02,2,1,0.9,0.6,0.1,999999,999999,0,15549.5,878,0.8998759328,0,0,0.4361459682;
custom,killcuboid,bombexplosiontex,0.02,0.02,2,1,1,0.5,0,999999,999999,0,15320.5,1155.5,0.9090738791,0,0,0.4166349508;
custom,killcuboid,bombexplosiontex,0.02,0.02,2,1,1,0.5,0,999999,999999,0,15071.5,1433.5,0.9166654531,0,0,0.3996554105;
custom,killcuboid,bombexplosiontex,0.02,0.02,2,1,0.9,0.4,0.1,999999,999999,0,14795,1719.5,0.9242073943,0,0,0.381890943;
custom,killcuboid,bombexplosiontex,0.02,0.02,2,1,0.8,0.3,0.2,999999,999999,0,14501,2002.5,0.9307569934,0,0,0.3656383722;
custom,killcuboid,bombexplosiontex,0.02,0.02,2,1,0.7,0.2,0.3,999999,999999,0,14195.5,2277.5,0.9363004174,0,0,0.3512001258;
custom,killcuboid,bombexplosiontex,0.02,0.02,2,1,0.6,0.1,0.4,999999,999999,0,13864,2558,0.941427288,0,0,0.3372160457;
custom,killcuboid,bombexplosiontex,0.02,0.02,2,1,0.5,0,0.5,999999,999999,0,13509.5,2841.5,0.9458109623,0,0,0.32471776;
custom,killcuboid,bombexplosiontex,0.02,0.02,2,1,0.4,0.1,0.6,999999,999999,0,13138,3122.5,0.9501401464,0,0,0.3118231907;
custom,killcuboid,bombexplosiontex,0.02,0.02,2,1,0.3,0.2,0.7,999999,999999,0,12746.5,3403,0.9539139789,0,0,0.3000801907;
custom,killcuboid,bombexplosiontex,0.02,0.02,2,1,0.2,0.3,0.8,999999,999999,0,12335,3683.5,0.9571712533,0,0,0.2895223512;
custom,killcuboid,bombexplosiontex,0.02,0.02,2,1,0.1,0.4,0.9,999999,999999,0,11908,3961.5,0.9600992323,0,0,0.2796595505;
custom,killcuboid,bombexplosiontex,0.02,0.02,2,1,0,0.5,1,999999,999999,0,11456.5,4242,0.9630053898,0,0,0.2694821314;
custom,killcuboid,bombexplosiontex,0.02,0.02,2,1,0.1,0.6,0.9,999999,999999,0,10980.5,4525,0.9654622508,0,0,0.2605429758;
custom,killcuboid,bombexplosiontex,0.02,0.02,2,1,0.2,0.7,0.8,999999,999999,0,10489,4805.5,0.9676246495,0,0,0.2523936165;
custom,killcuboid,bombexplosiontex,0.02,0.02,2,1,0.3,0.8,0.7,999999,999999,0,9977.5,5086.5,0.969573469,0,0,0.244800507;
custom,killcuboid,bombexplosiontex,0.02,0.02,2,1,0.4,0.9,0.6,999999,999999,0,9446,5367,0.9717119399,0,0,0.2361692313;
custom,killcuboid,bombexplosiontex,0.02,0.02,2,1,0.5,1,0.5,999999,999999,0,8894.5,5648,0.9730029719,0,0,0.2307925836;
custom,killcuboid,bombexplosiontex,0.02,0.02,2,1,0.6,0.9,0.4,999999,999999,0,8323,5928.5,0.9751257719,0,0,0.2216522704;
custom,killcuboid,bombexplosiontex,0.02,0.02,2,1,0.7,0.8,0.3,999999,999999,0,7731.5,6208.5,0.9761851368,0,0,0.216939113;
custom,killcuboid,bombexplosiontex,0.02,0.02,2,1,0.8,0.7,0.2,999999,999999,0,7120.5,6489,0.9776551323,0,0,0.2102152285;
custom,killcuboid,bombexplosiontex,0.02,0.02,2,1,0.9,0.6,0.1,999999,999999,0,6489,6769.5,0.9787981978,0,0,0.2048269708;
custom,killcuboid,bombexplosiontex,0.02,0.02,2,1,1,0.5,0,999999,999999,0,5837.5,7050.5,0.9798707377,0,0,0.199633007;
custom,killcuboid,bombexplosiontex,0.02,0.02,2,1,1,0.5,0,999999,999999,0,5166,7331,0.9810889061,0,0,0.1935576354;
custom,killcuboid,bombexplosiontex,0.02,0.02,2,1,0.9,0.4,0.1,999999,999999,0,4474.5,7611.5,0.9818865729,0,0,0.1894696756;
custom,killcuboid,bombexplosiontex,0.02,0.02,2,1,0.8,0.3,0.2,999999,999999,0,3763,7892,0.9829403699,0,0,0.1839245206;
custom,killcuboid,bombexplosiontex,0.02,0.02,2,1,0.7,0.2,0.3,999999,999999,0,3039,8169.5,0.9836563031,0,0,0.1800563172;
custom,killcuboid,bombexplosiontex,0.02,0.02,2,1,0.6,0.1,0.4,999999,999999,0,2287.5,8450,0.9844912845,0,0,0.175433494;
custom,killcuboid,bombexplosiontex,0.02,0.02,2,1,0.5,0,0.5,999999,999999,0,1508.5,8733.5,0.9851265987,0,0,0.1718301037;
custom,killcuboid,bombexplosiontex,0.02,0.02,2,1,0.4,0.1,0.6,999999,999999,0,717,9014.5,0.9858367588,0,0,0.1677077369;
custom,killcuboid,bombexplosiontex,0.02,0.02,2,1,0.3,0.2,0.7,999999,999999,0,-94,9295,0.9864962889,0,0,0.1637836132;
custom,killcuboid,bombexplosiontex,0.02,0.02,2,1,0.2,0.3,0.8,999999,999999,0,-925,9575.5,0.9870589093,0,0,0.1603580665;
custom,killcuboid,bombexplosiontex,0.02,0.02,2,1,0.1,0.4,0.9,999999,999999,0,-1776.5,9856,0.9876682731,0,0,0.1565611137;
custom,killcuboid,bombexplosiontex,0.02,0.02,2,1,0,0.5,1,999999,999999,0,-2648,10136.5,0.9881326359,0,0,0.1536030399;
custom,killcuboid,bombexplosiontex,0.02,0.02,2,1,0.1,0.6,0.9,999999,999999,0,-3539.5,10417,0.9886734197,0,0,0.1500828743;
custom,killcuboid,bombexplosiontex,0.02,0.02,2,1,0.2,0.7,0.8,999999,999999,0,-4451,10697.5,0.9890805645,0,0,0.1473758358;
custom,killcuboid,bombexplosiontex,0.02,0.02,2,1,0.3,0.8,0.7,999999,999999,0,-5382.5,10978,0.9895626945,0,0,0.1441029964;
custom,killcuboid,bombexplosiontex,0.02,0.02,2,1,0.4,0.9,0.6,999999,999999,0,-6334,11258.5,0.9899212518,0,0,0.1416189087;
custom,killcuboid,bombexplosiontex,0.02,0.02,2,1,0.5,1,0.5,999999,999999,0,-7305.5,11539.5,0.9902875421,0,0,0.1390344703;
custom,killcuboid,bombexplosiontex,0.02,0.02,2,1,0.6,0.9,0.4,999999,999999,0,-8297,11820,0.9907329728,0,0,0.1358240651;
custom,killcuboid,bombexplosiontex,0.02,0.02,2,1,0.7,0.8,0.3,999999,999999,0,-9308.5,12100.5,0.9909972378,0,0,0.1338823162;
custom,killcuboid,bombexplosiontex,0.02,0.02,2,1,0.8,0.7,0.2,999999,999999,0,-10329.5,12378.5,0.9913597631,0,0,0.1311709578;
custom,killcuboid,bombexplosiontex,0.02,0.02,2,1,0.9,0.6,0.1,999999,999999,0,-11381,12659,0.9916643033,0,0,0.1288483978;
custom,killcuboid,bombexplosiontex,0.02,0.02,2,1,1,0.5,0,999999,999999,0,-12452,12939.5,0.991956603,0,0,0.1265784254;
custom,killcuboid,bombexplosiontex,0.02,0.02,2,1,1,0.5,0,999999,999999,0,-13543.5,13220,0.9922366555,0,0,0.1243640599;
custom,killcuboid,bombexplosiontex,0.02,0.02,2,1,0.9,0.4,0.1,999999,999999,0,-14666,13503.5,0.9924819146,0,0,0.1223913775;
custom,killcuboid,bombexplosiontex,0.02,0.02,2,1,0.8,0.3,0.2,999999,999999,0,-15786,13781.5,0.9927374231,0,0,0.1203013252;
custom,killcuboid,bombexplosiontex,0.02,0.02,2,1,0.7,0.2,0.3,999999,999999,0,-16937.5,14062,0.9929976486,0,0,0.1181341182;
custom,killcuboid,bombexplosiontex,0.02,0.02,2,1,0.6,0.1,0.4,999999,999999,0,-18120.5,14345,0.9932338031,0,0,0.1161318749;
custom,killcuboid,bombexplosiontex,0.02,0.02,2,1,0.5,0,0.5,999999,999999,0,-19312,14625.5,0.9934146958,0,0,0.1145741772;
custom,killcuboid,bombexplosiontex,0.02,0.02,2,1,0.4,0.1,0.6,999999,999999,0,-20523.5,14906,0.9936547989,0,0,0.1124728443;
custom,killcuboid,bombexplosiontex,0.02,0.02,2,1,0.3,0.2,0.7,999999,999999,0,-21742.5,15183.5,0.9938328989,0,0,0.1108880927;
custom,killcuboid,bombexplosiontex,0.02,0.02,2,1,0.2,0.3,0.8,999999,999999,0,-22994,15464.5,0.9939794338,0,0,0.1095668066;
custom,killcuboid,bombexplosiontex,0.02,0.02,2,1,0.1,0.4,0.9,999999,999999,0,-24278,15748,0.9942257206,0,0,0.1073089763;
custom,killcuboid,bombexplosiontex,0.02,0.02,2,1,0,0.5,1,999999,999999,0,-25569.5,16028.5,0.9943491037,0,0,0.1061595966;
custom,killcuboid,bombexplosiontex,0.02,0.02,2,1,0.1,0.6,0.9,999999,999999,0,-26881,16309,0.9945596528,0,0,0.104168599;
custom,killcuboid,bombexplosiontex,0.02,0.02,2,1,0.2,0.7,0.8,999999,999999,0,-28212.5,16589.5,0.9946715412,0,0,0.1030947383;
custom,killcuboid,bombexplosiontex,0.02,0.02,2,1,0.3,0.8,0.7,999999,999999,0,-29564,16870,0.9948656922,0,0,0.1012040243;
custom,killcuboid,bombexplosiontex,0.02,0.02,2,1,0.4,0.9,0.6,999999,999999,0,-30935.5,17150.5,0.9949673905,0,0,0.1001992604;
custom,killcuboid,bombexplosiontex,0.02,0.02,2,1,0.5,1,0.5,999999,999999,0,-32313,17428.5,0.9951264287,0,0,0.09860725617;
custom,killcuboid,bombexplosiontex,0.02,0.02,2,1,0.6,0.9,0.4,999999,999999,0,-33724.5,17709,0.9952568352,0,0,0.09728222898;
custom,killcuboid,bombexplosiontex,0.02,0.02,2,1,0.7,0.8,0.3,999999,999999,0,-35170,17992.5,0.9953736413,0,0,0.09607972862;
custom,killcuboid,bombexplosiontex,0.02,0.02,2,1,0.8,0.7,0.2,999999,999999,0,-36621.5,18273,0.9955215012,0,0,0.0945353935;
custom,killcuboid,bombexplosiontex,0.02,0.02,2,1,0.9,0.6,0.1,999999,999999,0,-38093,18553.5,0.9956141053,0,0,0.09355508153;
custom,killcuboid,bombexplosiontex,0.02,0.02,2,1,1,0.5,0,999999,999999,0,-39584.5,18834,0.9957515488,0,0,0.09208068807;
custom,killcuboid,bombexplosiontex,0.02,0.02,2,1,1,0.5,0,999999,999999,0,-41096,19114.5,0.9958364338,0,0,0.09115808873;
custom,killcuboid,bombexplosiontex,0.02,0.02,2,1,0.9,0.4,0.1,999999,999999,0,-42627.5,19395,0.9959644409,0,0,0.08974871896;
custom,killcuboid,bombexplosiontex,0.02,0.02,2,1,0.8,0.3,0.2,999999,999999,0,-44163,19672.5,0.9960492346,0,0,0.08880271541;
custom,killcuboid,bombexplosiontex,0.02,0.02,2,1,0.7,0.2,0.3,999999,999999,0,-45734.5,19953.5,0.996126695,0,0,0.08792956042;
custom,killcuboid,bombexplosiontex,0.02,0.02,2,1,0.6,0.1,0.4,999999,999999,0,-47341.5,20237,0.9962551742,0,0,0.08646171298;
custom,killcuboid,bombexplosiontex,0.02,0.02,2,1,0.5,0,0.5,999999,999999,0,-48953,20517.5,0.9963239959,0,0,0.08566501768;
custom,killcuboid,bombexplosiontex,0.02,0.02,2,1,0.4,0.1,0.6,999999,999999,0,-50584.5,20798,0.9964319933,0,0,0.08439954206;
custom,killcuboid,bombexplosiontex,0.02,0.02,2,1,0.3,0.2,0.7,999999,999999,0,-52236,21078.5,0.9964954593,0,0,0.08364687392;
custom,killcuboid,bombexplosiontex,0.02,0.02,2,1,0.2,0.3,0.8,999999,999999,0,-53907.5,21359,0.9965966533,0,0,0.08243246119;
custom,killcuboid,bombexplosiontex,0.02,0.02,2,1,0.1,0.4,0.9,999999,999999,0,-55598.5,21639.5,0.9966514088,0,0,0.08176777665;
custom,killcuboid,bombexplosiontex,0.02,0.02,2,1,0,0.5,1,999999,999999,0,-57310,21920.5,0.9967311318,0,0,0.08079016598;
custom,killcuboid,bombexplosiontex,0.02,0.02,2,1,0.1,0.6,0.9,999999,999999,0,-59041.5,22201,0.9968231823,0,0,0.07964636367;
custom,killcuboid,bombexplosiontex,0.02,0.02,2,1,0.2,0.7,0.8,999999,999999,0,-60793,22481.5,0.9968753542,0,0,0.0789906843;
custom,killcuboid,bombexplosiontex,0.02,0.02,2,1,0.3,0.8,0.7,999999,999999,0,-62564.5,22762,0.9969619317,0,0,0.07789035103;
custom,killcuboid,bombexplosiontex,0.02,0.02,2,1,0.4,0.9,0.6,999999,999999,0,-64356,23042.5,0.9970102885,0,0,0.07726891066;
custom,killcuboid,bombexplosiontex,0.02,0.02,2,1,0.5,1,0.5,999999,999999,0,-66186,23326,0.9970856019,0,0,0.07629090692;






custom,killcuboid,bombexplosiontex,2,0,2,1,1,0.5,0,1,1,0,16149.5,-4449.5,0.5053459338,0,0,0.8629168483;
custom,killcuboid,bombexplosiontex,2,0,2,1,0.9,0.4,0.1,1,1,0,16299,-4166,0.5281663189,0,0,0.8491409421;
custom,killcuboid,bombexplosiontex,2,0,2,1,0.8,0.3,0.2,1,1,0,16428,-3882.5,0.5541857172,0,0,0.8323930507;
custom,killcuboid,bombexplosiontex,2,0,2,1,0.7,0.2,0.3,1,1,0,16537,-3599,0.5786404649,0,0,0.815582744;
custom,killcuboid,bombexplosiontex,2,0,2,1,0.6,0.1,0.4,1,1,0,16624,-3321.5,0.6056491452,0,0,0.7957318097;
custom,killcuboid,bombexplosiontex,2,0,2,1,0.5,0,0.5,1,1,0,16691,-3046.5,0.6299328903,0,0,0.7766495694;
custom,killcuboid,bombexplosiontex,2,0,2,1,0.4,0.1,0.6,1,1,0,16739,-2768.5,0.6580229859,0,0,0.752997842;
custom,killcuboid,bombexplosiontex,2,0,2,1,0.3,0.2,0.7,1,1,0,16767.5,-2485,0.6832688159,0,0,0.730166916;
custom,killcuboid,bombexplosiontex,2,0,2,1,0.2,0.3,0.8,1,1,0,16776,-2199,0.7095748149,0,0,0.704630103;
custom,killcuboid,bombexplosiontex,2,0,2,1,0.1,0.4,0.9,1,1,0,16764.5,-1921.5,0.7341083398,0,0,0.6790323596;
custom,killcuboid,bombexplosiontex,2,0,2,1,0,0.5,1,1,1,0,16732.5,-1643.5,0.7576846142,0,0,0.6526208895;
custom,killcuboid,bombexplosiontex,2,0,2,1,0.1,0.6,0.9,1,1,0,16680,-1360,0.7798050972,0,0,0.6260223722;
custom,killcuboid,bombexplosiontex,2,0,2,1,0.2,0.7,0.8,1,1,0,16608,-1079.5,0.8000409929,0,0,0.5999453389;
custom,killcuboid,bombexplosiontex,2,0,2,1,0.3,0.8,0.7,1,1,0,16517.5,-801.5,0.8181440791,0,0,0.5750132745;
custom,killcuboid,bombexplosiontex,2,0,2,1,0.4,0.9,0.6,1,1,0,16407,-524,0.836493969,0,0,0.5479761306;
custom,killcuboid,bombexplosiontex,2,0,2,1,0.5,1,0.5,1,1,0,16275.5,-243.5,0.8510245126,0,0,0.5251259648;
custom,killcuboid,bombexplosiontex,2,0,2,1,0.6,0.9,0.4,1,1,0,16124,36.5,0.8666416553,0,0,0.4989310988;
custom,killcuboid,bombexplosiontex,2,0,2,1,0.7,0.8,0.3,1,1,0,15952.5,316.5,0.8779275084,0,0,0.4787935776;
custom,killcuboid,bombexplosiontex,2,0,2,1,0.8,0.7,0.2,1,1,0,15761,597.5,0.8898582997,0,0,0.4562370068;
custom,killcuboid,bombexplosiontex,2,0,2,1,0.9,0.6,0.1,1,1,0,15549.5,878,0.8998759328,0,0,0.4361459682;
custom,killcuboid,bombexplosiontex,2,0,2,1,1,0.5,0,1,1,0,15320.5,1155.5,0.9090738791,0,0,0.4166349508;
custom,killcuboid,bombexplosiontex,2,0,2,1,1,0.5,0,1,1,0,15071.5,1433.5,0.9166654531,0,0,0.3996554105;
custom,killcuboid,bombexplosiontex,2,0,2,1,0.9,0.4,0.1,1,1,0,14795,1719.5,0.9242073943,0,0,0.381890943;
custom,killcuboid,bombexplosiontex,2,0,2,1,0.8,0.3,0.2,1,1,0,14501,2002.5,0.9307569934,0,0,0.3656383722;
custom,killcuboid,bombexplosiontex,2,0,2,1,0.7,0.2,0.3,1,1,0,14195.5,2277.5,0.9363004174,0,0,0.3512001258;
custom,killcuboid,bombexplosiontex,2,0,2,1,0.6,0.1,0.4,1,1,0,13864,2558,0.941427288,0,0,0.3372160457;
custom,killcuboid,bombexplosiontex,2,0,2,1,0.5,0,0.5,1,1,0,13509.5,2841.5,0.9458109623,0,0,0.32471776;
custom,killcuboid,bombexplosiontex,2,0,2,1,0.4,0.1,0.6,1,1,0,13138,3122.5,0.9501401464,0,0,0.3118231907;
custom,killcuboid,bombexplosiontex,2,0,2,1,0.3,0.2,0.7,1,1,0,12746.5,3403,0.9539139789,0,0,0.3000801907;
custom,killcuboid,bombexplosiontex,2,0,2,1,0.2,0.3,0.8,1,1,0,12335,3683.5,0.9571712533,0,0,0.2895223512;
custom,killcuboid,bombexplosiontex,2,0,2,1,0.1,0.4,0.9,1,1,0,11908,3961.5,0.9600992323,0,0,0.2796595505;
custom,killcuboid,bombexplosiontex,2,0,2,1,0,0.5,1,1,1,0,11456.5,4242,0.9630053898,0,0,0.2694821314;
custom,killcuboid,bombexplosiontex,2,0,2,1,0.1,0.6,0.9,1,1,0,10980.5,4525,0.9654622508,0,0,0.2605429758;
custom,killcuboid,bombexplosiontex,2,0,2,1,0.2,0.7,0.8,1,1,0,10489,4805.5,0.9676246495,0,0,0.2523936165;
custom,killcuboid,bombexplosiontex,2,0,2,1,0.3,0.8,0.7,1,1,0,9977.5,5086.5,0.969573469,0,0,0.244800507;
custom,killcuboid,bombexplosiontex,2,0,2,1,0.4,0.9,0.6,1,1,0,9446,5367,0.9717119399,0,0,0.2361692313;
custom,killcuboid,bombexplosiontex,2,0,2,1,0.5,1,0.5,1,1,0,8894.5,5648,0.9730029719,0,0,0.2307925836;
custom,killcuboid,bombexplosiontex,2,0,2,1,0.6,0.9,0.4,1,1,0,8323,5928.5,0.9751257719,0,0,0.2216522704;
custom,killcuboid,bombexplosiontex,2,0,2,1,0.7,0.8,0.3,1,1,0,7731.5,6208.5,0.9761851368,0,0,0.216939113;
custom,killcuboid,bombexplosiontex,2,0,2,1,0.8,0.7,0.2,1,1,0,7120.5,6489,0.9776551323,0,0,0.2102152285;
custom,killcuboid,bombexplosiontex,2,0,2,1,0.9,0.6,0.1,1,1,0,6489,6769.5,0.9787981978,0,0,0.2048269708;
custom,killcuboid,bombexplosiontex,2,0,2,1,1,0.5,0,1,1,0,5837.5,7050.5,0.9798707377,0,0,0.199633007;
custom,killcuboid,bombexplosiontex,2,0,2,1,1,0.5,0,1,1,0,5166,7331,0.9810889061,0,0,0.1935576354;
custom,killcuboid,bombexplosiontex,2,0,2,1,0.9,0.4,0.1,1,1,0,4474.5,7611.5,0.9818865729,0,0,0.1894696756;
custom,killcuboid,bombexplosiontex,2,0,2,1,0.8,0.3,0.2,1,1,0,3763,7892,0.9829403699,0,0,0.1839245206;
custom,killcuboid,bombexplosiontex,2,0,2,1,0.7,0.2,0.3,1,1,0,3039,8169.5,0.9836563031,0,0,0.1800563172;
custom,killcuboid,bombexplosiontex,2,0,2,1,0.6,0.1,0.4,1,1,0,2287.5,8450,0.9844912845,0,0,0.175433494;
custom,killcuboid,bombexplosiontex,2,0,2,1,0.5,0,0.5,1,1,0,1508.5,8733.5,0.9851265987,0,0,0.1718301037;
custom,killcuboid,bombexplosiontex,2,0,2,1,0.4,0.1,0.6,1,1,0,717,9014.5,0.9858367588,0,0,0.1677077369;
custom,killcuboid,bombexplosiontex,2,0,2,1,0.3,0.2,0.7,1,1,0,-94,9295,0.9864962889,0,0,0.1637836132;
custom,killcuboid,bombexplosiontex,2,0,2,1,0.2,0.3,0.8,1,1,0,-925,9575.5,0.9870589093,0,0,0.1603580665;
custom,killcuboid,bombexplosiontex,2,0,2,1,0.1,0.4,0.9,1,1,0,-1776.5,9856,0.9876682731,0,0,0.1565611137;
custom,killcuboid,bombexplosiontex,2,0,2,1,0,0.5,1,1,1,0,-2648,10136.5,0.9881326359,0,0,0.1536030399;
custom,killcuboid,bombexplosiontex,2,0,2,1,0.1,0.6,0.9,1,1,0,-3539.5,10417,0.9886734197,0,0,0.1500828743;
custom,killcuboid,bombexplosiontex,2,0,2,1,0.2,0.7,0.8,1,1,0,-4451,10697.5,0.9890805645,0,0,0.1473758358;
custom,killcuboid,bombexplosiontex,2,0,2,1,0.3,0.8,0.7,1,1,0,-5382.5,10978,0.9895626945,0,0,0.1441029964;
custom,killcuboid,bombexplosiontex,2,0,2,1,0.4,0.9,0.6,1,1,0,-6334,11258.5,0.9899212518,0,0,0.1416189087;
custom,killcuboid,bombexplosiontex,2,0,2,1,0.5,1,0.5,1,1,0,-7305.5,11539.5,0.9902875421,0,0,0.1390344703;
custom,killcuboid,bombexplosiontex,2,0,2,1,0.6,0.9,0.4,1,1,0,-8297,11820,0.9907329728,0,0,0.1358240651;
custom,killcuboid,bombexplosiontex,2,0,2,1,0.7,0.8,0.3,1,1,0,-9308.5,12100.5,0.9909972378,0,0,0.1338823162;
custom,killcuboid,bombexplosiontex,2,0,2,1,0.8,0.7,0.2,1,1,0,-10329.5,12378.5,0.9913597631,0,0,0.1311709578;
custom,killcuboid,bombexplosiontex,2,0,2,1,0.9,0.6,0.1,1,1,0,-11381,12659,0.9916643033,0,0,0.1288483978;
custom,killcuboid,bombexplosiontex,2,0,2,1,1,0.5,0,1,1,0,-12452,12939.5,0.991956603,0,0,0.1265784254;
custom,killcuboid,bombexplosiontex,2,0,2,1,1,0.5,0,1,1,0,-13543.5,13220,0.9922366555,0,0,0.1243640599;
custom,killcuboid,bombexplosiontex,2,0,2,1,0.9,0.4,0.1,1,1,0,-14666,13503.5,0.9924819146,0,0,0.1223913775;
custom,killcuboid,bombexplosiontex,2,0,2,1,0.8,0.3,0.2,1,1,0,-15786,13781.5,0.9927374231,0,0,0.1203013252;
custom,killcuboid,bombexplosiontex,2,0,2,1,0.7,0.2,0.3,1,1,0,-16937.5,14062,0.9929976486,0,0,0.1181341182;
custom,killcuboid,bombexplosiontex,2,0,2,1,0.6,0.1,0.4,1,1,0,-18120.5,14345,0.9932338031,0,0,0.1161318749;
custom,killcuboid,bombexplosiontex,2,0,2,1,0.5,0,0.5,1,1,0,-19312,14625.5,0.9934146958,0,0,0.1145741772;
custom,killcuboid,bombexplosiontex,2,0,2,1,0.4,0.1,0.6,1,1,0,-20523.5,14906,0.9936547989,0,0,0.1124728443;
custom,killcuboid,bombexplosiontex,2,0,2,1,0.3,0.2,0.7,1,1,0,-21742.5,15183.5,0.9938328989,0,0,0.1108880927;
custom,killcuboid,bombexplosiontex,2,0,2,1,0.2,0.3,0.8,1,1,0,-22994,15464.5,0.9939794338,0,0,0.1095668066;
custom,killcuboid,bombexplosiontex,2,0,2,1,0.1,0.4,0.9,1,1,0,-24278,15748,0.9942257206,0,0,0.1073089763;
custom,killcuboid,bombexplosiontex,2,0,2,1,0,0.5,1,1,1,0,-25569.5,16028.5,0.9943491037,0,0,0.1061595966;
custom,killcuboid,bombexplosiontex,2,0,2,1,0.1,0.6,0.9,1,1,0,-26881,16309,0.9945596528,0,0,0.104168599;
custom,killcuboid,bombexplosiontex,2,0,2,1,0.2,0.7,0.8,1,1,0,-28212.5,16589.5,0.9946715412,0,0,0.1030947383;
custom,killcuboid,bombexplosiontex,2,0,2,1,0.3,0.8,0.7,1,1,0,-29564,16870,0.9948656922,0,0,0.1012040243;
custom,killcuboid,bombexplosiontex,2,0,2,1,0.4,0.9,0.6,1,1,0,-30935.5,17150.5,0.9949673905,0,0,0.1001992604;
custom,killcuboid,bombexplosiontex,2,0,2,1,0.5,1,0.5,1,1,0,-32313,17428.5,0.9951264287,0,0,0.09860725617;
custom,killcuboid,bombexplosiontex,2,0,2,1,0.6,0.9,0.4,1,1,0,-33724.5,17709,0.9952568352,0,0,0.09728222898;
custom,killcuboid,bombexplosiontex,2,0,2,1,0.7,0.8,0.3,1,1,0,-35170,17992.5,0.9953736413,0,0,0.09607972862;
custom,killcuboid,bombexplosiontex,2,0,2,1,0.8,0.7,0.2,1,1,0,-36621.5,18273,0.9955215012,0,0,0.0945353935;
custom,killcuboid,bombexplosiontex,2,0,2,1,0.9,0.6,0.1,1,1,0,-38093,18553.5,0.9956141053,0,0,0.09355508153;
custom,killcuboid,bombexplosiontex,2,0,2,1,1,0.5,0,1,1,0,-39584.5,18834,0.9957515488,0,0,0.09208068807;
custom,killcuboid,bombexplosiontex,2,0,2,1,1,0.5,0,1,1,0,-41096,19114.5,0.9958364338,0,0,0.09115808873;
custom,killcuboid,bombexplosiontex,2,0,2,1,0.9,0.4,0.1,1,1,0,-42627.5,19395,0.9959644409,0,0,0.08974871896;
custom,killcuboid,bombexplosiontex,2,0,2,1,0.8,0.3,0.2,1,1,0,-44163,19672.5,0.9960492346,0,0,0.08880271541;
custom,killcuboid,bombexplosiontex,2,0,2,1,0.7,0.2,0.3,1,1,0,-45734.5,19953.5,0.996126695,0,0,0.08792956042;
custom,killcuboid,bombexplosiontex,2,0,2,1,0.6,0.1,0.4,1,1,0,-47341.5,20237,0.9962551742,0,0,0.08646171298;
custom,killcuboid,bombexplosiontex,2,0,2,1,0.5,0,0.5,1,1,0,-48953,20517.5,0.9963239959,0,0,0.08566501768;
custom,killcuboid,bombexplosiontex,2,0,2,1,0.4,0.1,0.6,1,1,0,-50584.5,20798,0.9964319933,0,0,0.08439954206;
custom,killcuboid,bombexplosiontex,2,0,2,1,0.3,0.2,0.7,1,1,0,-52236,21078.5,0.9964954593,0,0,0.08364687392;
custom,killcuboid,bombexplosiontex,2,0,2,1,0.2,0.3,0.8,1,1,0,-53907.5,21359,0.9965966533,0,0,0.08243246119;
custom,killcuboid,bombexplosiontex,2,0,2,1,0.1,0.4,0.9,1,1,0,-55598.5,21639.5,0.9966514088,0,0,0.08176777665;
custom,killcuboid,bombexplosiontex,2,0,2,1,0,0.5,1,1,1,0,-57310,21920.5,0.9967311318,0,0,0.08079016598;
custom,killcuboid,bombexplosiontex,2,0,2,1,0.1,0.6,0.9,1,1,0,-59041.5,22201,0.9968231823,0,0,0.07964636367;
custom,killcuboid,bombexplosiontex,2,0,2,1,0.2,0.7,0.8,1,1,0,-60793,22481.5,0.9968753542,0,0,0.0789906843;
custom,killcuboid,bombexplosiontex,2,0,2,1,0.3,0.8,0.7,1,1,0,-62564.5,22762,0.9969619317,0,0,0.07789035103;
custom,killcuboid,bombexplosiontex,2,0,2,1,0.4,0.9,0.6,1,1,0,-64356,23042.5,0.9970102885,0,0,0.07726891066;
custom,killcuboid,bombexplosiontex,2,0,2,1,0.5,1,0.5,1,1,0,-66186,23326,0.9970856019,0,0,0.07629090692;












































































































































































































































































































































































































































































