






map,disablebounds;
spawnpoint,playerC,0,16093.921279,-4628.11825,0,0.872922,-0.48786,0;
custom,cuboid,cannonregionmat,10,20,10,1,0,0,0,1,1,0,16141.574477,-4663.922628,-0.300706,0,0,0.953717;
custom,cuboid,cannonregionmat,6,2,6,1,0,0,0,1,1,0,16066.212489,-4611.153595,0,0.98751,0.157556,0;






















































custom,killcylinder,bombexplosiontex,0.05,45.26922244,0.05,1,0.1,0.4,0.9,999999,999999,0,-1776.5,9856,0.9876682731,0,0,0.1565611137;
custom,killcylinder,bombexplosiontex,0.05,46.28404153,0.05,1,0,0.5,1,999999,999999,0,-2648,10136.5,0.9881326359,0,0,0.1536030399;
custom,killcylinder,bombexplosiontex,0.05,47.17523185,0.05,1,0.1,0.6,0.9,999999,999999,0,-3539.5,10417,0.9886734197,0,0,0.1500828743;
custom,killcylinder,bombexplosiontex,0.05,48.19349022,0.05,1,0.2,0.7,0.8,999999,999999,0,-4451,10697.5,0.9890805645,0,0,0.1473758358;
custom,killcylinder,bombexplosiontex,0.05,49.0887207,0.05,1,0.3,0.8,0.7,999999,999999,0,-5382.5,10978,0.9895626945,0,0,0.1441029964;
custom,killcylinder,bombexplosiontex,0.05,50.11000399,0.05,1,0.4,0.9,0.6,999999,999999,0,-6334,11258.5,0.9899212518,0,0,0.1416189087;
custom,killcylinder,bombexplosiontex,0.05,51.02259303,0.05,1,0.5,1,0.5,999999,999999,0,-7305.5,11539.5,0.9902875421,0,0,0.1390344703;
custom,killcylinder,bombexplosiontex,0.05,52.01932333,0.05,1,0.6,0.9,0.4,999999,999999,0,-8297,11820,0.9907329728,0,0,0.1358240651;
custom,killcylinder,bombexplosiontex,0.05,52.948135,0.05,1,0.7,0.8,0.3,999999,999999,0,-9308.5,12100.5,0.9909972378,0,0,0.1338823162;
custom,killcylinder,bombexplosiontex,0.05,52.86932003,0.05,1,0.8,0.7,0.2,999999,999999,0,-10329.5,12378.5,0.9913597631,0,0,0.1311709578;
custom,killcylinder,bombexplosiontex,0.05,55.95801998,0.05,1,0.9,0.6,0.1,999999,999999,0,-11381,12659,0.9916643033,0,0,0.1288483978;
custom,killcylinder,bombexplosiontex,0.05,54.75456602,0.05,1,1,0.5,0,999999,999999,0,-12452,12939.5,0.991956603,0,0,0.1265784254;
custom,killcylinder,bombexplosiontex,0.05,57.94232046,0.05,1,1,0.5,0,999999,999999,0,-13543.5,13220,0.9922366555,0,0,0.1243640599;
custom,killcylinder,bombexplosiontex,0.05,57.83262488,0.05,1,0.9,0.4,0.1,999999,999999,0,-14666,13503.5,0.9924819146,0,0,0.1223913775;
custom,killcylinder,bombexplosiontex,0.05,57.56624445,0.05,1,0.8,0.3,0.2,999999,999999,0,-15786,13781.5,0.9927374231,0,0,0.1203013252;
custom,killcylinder,bombexplosiontex,0.05,60.9512305,0.05,1,0.7,0.2,0.3,999999,999999,0,-16937.5,14062,0.9929976486,0,0,0.1181341182;
custom,killcylinder,bombexplosiontex,0.05,60.68692198,0.05,1,0.6,0.1,0.4,999999,999999,0,-18120.5,14345,0.9932338031,0,0,0.1161318749;
custom,killcylinder,bombexplosiontex,0.05,61.72043827,0.05,1,0.5,0,0.5,999999,999999,0,-19312,14625.5,0.9934146958,0,0,0.1145741772;
custom,killcylinder,bombexplosiontex,0.05,62.6346749,0.05,1,0.4,0.1,0.6,999999,999999,0,-20523.5,14906,0.9936547989,0,0,0.1124728443;
custom,killcylinder,bombexplosiontex,0.05,62.38417267,0.05,1,0.3,0.2,0.7,999999,999999,0,-21742.5,15183.5,0.9938328989,0,0,0.1108880927;
custom,killcylinder,bombexplosiontex,0.05,65.88180705,0.05,1,0.2,0.3,0.8,999999,999999,0,-22994,15464.5,0.9939794338,0,0,0.1095668066;
custom,killcylinder,bombexplosiontex,0.05,65.6110509,0.05,1,0.1,0.4,0.9,999999,999999,0,-24278,15748,0.9942257206,0,0,0.1073089763;
custom,killcylinder,bombexplosiontex,0.05,66.55001878,0.05,1,0,0.5,1,999999,999999,0,-25569.5,16028.5,0.9943491037,0,0,0.1061595966;
custom,killcylinder,bombexplosiontex,0.05,67.56633777,0.05,1,0.1,0.6,0.9,999999,999999,0,-26881,16309,0.9945596528,0,0,0.104168599;
custom,killcylinder,bombexplosiontex,0.05,68.50624059,0.05,1,0.2,0.7,0.8,999999,999999,0,-28212.5,16589.5,0.9946715412,0,0,0.1030947383;
custom,killcylinder,bombexplosiontex,0.05,69.52416846,0.05,1,0.3,0.8,0.7,999999,999999,0,-29564,16870,0.9948656922,0,0,0.1012040243;
custom,killcylinder,bombexplosiontex,0.05,70.46492035,0.05,1,0.4,0.9,0.6,999999,999999,0,-30935.5,17150.5,0.9949673905,0,0,0.1001992604;
custom,killcylinder,bombexplosiontex,0.05,70.06248996,0.05,1,0.5,1,0.5,999999,999999,0,-32313,17428.5,0.9951264287,0,0,0.09860725617;
custom,killcylinder,bombexplosiontex,0.05,73.84776571,0.05,1,0.6,0.9,0.4,999999,999999,0,-33724.5,17709,0.9952568352,0,0,0.09728222898;
















custom,killcylinder,bombexplosiontex,0.05,89.21329778,0.05,1,0.2,0.7,0.8,999999,999999,0,-60793,22481.5,0.9968753542,0,0,0.0789906843;
custom,killcylinder,bombexplosiontex,0.05,90.14378792,0.05,1,0.3,0.8,0.7,999999,999999,0,-62564.5,22762,0.9969619317,0,0,0.07789035103;
custom,killcylinder,bombexplosiontex,0.05,91.18888364,0.05,1,0.4,0.9,0.6,999999,999999,0,-64356,23042.5,0.9970102885,0,0,0.07726891066;
custom,killcylinder,bombexplosiontex,0.05,93.99414875,0.05,1,0.5,1,0.5,999999,999999,0,-66186,23326,0.9970856019,0,0,0.07629090692;



racing,endcuboid,0.00001,0.0001,10,0,-66715,23469,0,1,0,0;
custom,cuboid,cannonregionmat,20,200,20,1,0,0,0,1,1,0,-67715,23469,0,1,0,0;
custom,cuboid,cannonregionmat,20,199.9,20,1,0,0,0,1,1,0,-67715,23469,0,1,0,0;
custom,cuboid,cannonregionmat,20,199.8,20,1,0,0,0,1,1,0,-67715,23469,0,1,0,0;
custom,cuboid,cannonregionmat,20,199.7,20,1,0,0,0,1,1,0,-67715,23469,0,1,0,0;






























custom,killcuboid,cannonregionmat,2,0.1,0.02,1,0,1,0,999999,999999,0,15075.5,1433.5,0.9166654531,0,0,0.3996554105;
custom,killcuboid,cannonregionmat,2,0.1,0.02,1,0,1,0,999999,999999,0,14799,1719.5,0.9242073943,0,0,0.381890943;
custom,killcuboid,cannonregionmat,2,0.1,0.02,1,0,1,0,999999,999999,0,14505,2002.5,0.9307569934,0,0,0.3656383722;
custom,killcuboid,cannonregionmat,2,0.1,0.02,1,0,1,0,999999,999999,0,14199.5,2277.5,0.9363004174,0,0,0.3512001258;
custom,killcuboid,cannonregionmat,2,0.1,0.02,1,0,1,0,999999,999999,0,13868,2558,0.941427288,0,0,0.3372160457;
custom,killcuboid,cannonregionmat,2,0.1,0.02,1,0,1,0,999999,999999,0,13513.5,2841.5,0.9458109623,0,0,0.32471776;
custom,killcuboid,cannonregionmat,2,0.1,0.02,1,0,1,0,999999,999999,0,13142,3122.5,0.9501401464,0,0,0.3118231907;
custom,killcuboid,cannonregionmat,2,0.1,0.02,1,0,1,0,999999,999999,0,12750.5,3403,0.9539139789,0,0,0.3000801907;
custom,killcuboid,cannonregionmat,2,0.1,0.02,1,0,1,0,999999,999999,0,12339,3683.5,0.9571712533,0,0,0.2895223512;
custom,killcuboid,cannonregionmat,2,0.1,0.02,1,0,1,0,999999,999999,0,11912,3961.5,0.9600992323,0,0,0.2796595505;































































































custom,killcuboid,cannonregionmat,0.02,0.1,2,2,0,1,0,1,1,0,15075.5,1433.5,0.9166654531,0,0,0.3996554105;
custom,killcuboid,cannonregionmat,0.02,0.1,2,1,0,1,0,1,1,0,14799,1719.5,0.9242073943,0,0,0.381890943;
custom,killcuboid,cannonregionmat,0.02,0.1,2,1,0,1,0,1,1,0,14505,2002.5,0.9307569934,0,0,0.3656383722;
custom,killcuboid,cannonregionmat,0.02,0.1,2,1,0,1,0,1,1,0,14199.5,2277.5,0.9363004174,0,0,0.3512001258;
custom,killcuboid,cannonregionmat,0.02,0.1,2,1,0,1,0,1,1,0,13868,2558,0.941427288,0,0,0.3372160457;
custom,killcuboid,cannonregionmat,0.02,0.1,2,1,0,1,0,1,1,0,13513.5,2841.5,0.9458109623,0,0,0.32471776;
custom,killcuboid,cannonregionmat,0.02,0.1,2,1,0,1,0,1,1,0,13142,3122.5,0.9501401464,0,0,0.3118231907;
custom,killcuboid,cannonregionmat,0.02,0.1,2,1,0,1,0,1,1,0,12750.5,3403,0.9539139789,0,0,0.3000801907;
custom,killcuboid,cannonregionmat,0.02,0.1,2,1,0,1,0,1,1,0,12339,3683.5,0.9571712533,0,0,0.2895223512;
custom,killcuboid,cannonregionmat,0.02,0.1,2,1,0,1,0,1,1,0,11912,3961.5,0.9600992323,0,0,0.2796595505;
































































































custom,killcuboid,bombexplosiontex,2.1,0.2,2.1,1,1,0.5,0,1,1,0,15075.5,1433.5,0.9166654531,0,0,0.3996554105;
custom,killcuboid,bombexplosiontex,2.1,0.2,2.1,1,0.9,0.4,0.1,1,1,0,14799,1719.5,0.9242073943,0,0,0.381890943;
custom,killcuboid,bombexplosiontex,2.1,0.2,2.1,1,0.8,0.3,0.2,1,1,0,14505,2002.5,0.9307569934,0,0,0.3656383722;
custom,killcuboid,bombexplosiontex,2.1,0.2,2.1,1,0.7,0.2,0.3,1,1,0,14199.5,2277.5,0.9363004174,0,0,0.3512001258;
custom,killcuboid,bombexplosiontex,2.1,0.2,2.1,1,0.6,0.1,0.4,1,1,0,13868,2558,0.941427288,0,0,0.3372160457;
custom,killcuboid,bombexplosiontex,2.1,0.2,2.1,1,0.5,0,0.5,1,1,0,13513.5,2841.5,0.9458109623,0,0,0.32471776;
custom,killcuboid,bombexplosiontex,2.1,0.2,2.1,1,0.4,0.1,0.6,1,1,0,13142,3122.5,0.9501401464,0,0,0.3118231907;
custom,killcuboid,bombexplosiontex,2.1,0.2,2.1,1,0.3,0.2,0.7,1,1,0,12750.5,3403,0.9539139789,0,0,0.3000801907;
custom,killcuboid,bombexplosiontex,2.1,0.2,2.1,1,0.2,0.3,0.8,1,1,0,12339,3683.5,0.9571712533,0,0,0.2895223512;
custom,killcuboid,bombexplosiontex,2.1,0.2,2.1,1,0.1,0.4,0.9,1,1,0,11912,3961.5,0.9600992323,0,0,0.2796595505;

custom,killcylinder,empty,20,0,20,1,0,0,0,1,1,0,15075.5,1433.5,0.9166654531,0,0,0.3996554105;
custom,killcylinder,empty,20,0,20,1,0,0,0,1,1,0,14799,1719.5,0.9242073943,0,0,0.381890943;
custom,killcylinder,empty,20,0,20,1,0,0,0,1,1,0,14505,2002.5,0.9307569934,0,0,0.3656383722;
custom,killcylinder,empty,20,0,20,1,0,0,0,1,1,0,14199.5,2277.5,0.9363004174,0,0,0.3512001258;
custom,killcylinder,empty,20,0,20,1,0,0,0,1,1,0,13868,2558,0.941427288,0,0,0.3372160457;
custom,killcylinder,empty,20,0,20,1,0,0,0,1,1,0,13513.5,2841.5,0.9458109623,0,0,0.32471776;
custom,killcylinder,empty,20,0,20,1,0,0,0,1,1,0,13142,3122.5,0.9501401464,0,0,0.3118231907;
custom,killcylinder,empty,20,0,20,1,0,0,0,1,1,0,12750.5,3403,0.9539139789,0,0,0.3000801907;
custom,killcylinder,empty,20,0,20,1,0,0,0,1,1,0,12339,3683.5,0.9571712533,0,0,0.2895223512;
custom,killcylinder,empty,20,0,20,1,0,0,0,1,1,0,11912,3961.5,0.9600992323,0,0,0.2796595505;

racing,checkpointcuboid,0.5,0.5,0.5,0,14941,1574,0.9166654531,0,0,0.3996554105;
racing,checkpointcuboid,0.5,0.5,0.5,0,14649,1865,0.9242073943,0,0,0.381890943;
racing,checkpointcuboid,0.5,0.5,0.5,0,14353,2140,0.9307569934,0,0,0.3656383722;
racing,checkpointcuboid,0.5,0.5,0.5,0,14038,2415,0.9363004174,0,0,0.3512001258;
racing,checkpointcuboid,0.5,0.5,0.5,0,13690,2701,0.941427288,0,0,0.3372160457;
racing,checkpointcuboid,0.5,0.5,0.5,0,13329,2982,0.9458109623,0,0,0.32471776;
racing,checkpointcuboid,0.5,0.5,0.5,0,12947,3263,0.9501401464,0,0,0.3118231907;
racing,checkpointcuboid,0.5,0.5,0.5,0,12546,3543,0.9539139789,0,0,0.3000801907;
racing,checkpointcuboid,0.5,0.5,0.5,0,12124,3824,0.9571712533,0,0,0.2895223512;





























































racing,killtube,985.165795,5.409539471,985.165795,0,16080.75,-4576,0.5060526862,0,0,0.8625025674;
racing,killtube,886.6492155,8.217951218,886.6492155,0,16105.25,-4533.5,0.4964775289,0,0,0.8680495742;
racing,killtube,797.9842939,4.479032082,797.9842939,0,16128.25,-4494,0.5019268182,0,0,0.8649100931;
racing,killtube,718.1858646,4.479032082,718.1858646,0,16144.25,-4466,0.5019268182,0,0,0.8649100931;
racing,killtube,646.3672781,6.219059216,646.3672781,0,16163.25,-4432.5,0.5043207378,0,0,0.8635164118;
racing,killtube,581.7305503,4.479032082,581.7305503,0,16182.25,-4399,0.5019268182,0,0,0.8649100931;
racing,killtube,523.5574953,7.083333333,523.5574953,0,16202.25,-4362.5,0.5144957554,0,0,0.8574929257;
racing,killtube,471.2017457,4.411772271,471.2017457,0,16221.75,-4326,0.513701561,0,0,0.8579689425;
racing,killtube,424.0815712,4.411772271,424.0815712,0,16236.75,-4298,0.513701561,0,0,0.8579689425;
racing,killtube,381.673414,6.211299937,381.673414,0,16254.25,-4264,0.5257311121,0,0,0.8506508084;
racing,killtube,343.5060726,5.155753109,343.5060726,0,16272.75,-4227.5,0.5205974502,0,0,0.8538022575;
racing,killtube,309.1554654,5.279604947,309.1554654,0,16289.75,-4194,0.5257311121,0,0,0.8506508084;
racing,killtube,278.2399188,4.347909956,278.2399188,0,16305.25,-4163,0.5257311121,0,0,0.8506508084;
racing,killtube,250.415927,6.025281101,250.415927,0,16321.75,-4129.5,0.5301087514,0,0,0.847929662;
racing,killtube,225.3743343,5.218970619,225.3743343,0,16339.25,-4093,0.5358185158,0,0,0.8443331796;
racing,killtube,202.8369008,4.287596956,202.8369008,0,16353.75,-4062,0.5380003223,0,0,0.8429446324;
racing,killtube,182.5532107,5.965758776,182.5532107,0,16369.25,-4028.5,0.5389535335,0,0,0.8423354965;
racing,killtube,164.2978897,6.036476059,164.2978897,0,16386.75,-3989,0.5517514656,0,0,0.8340085852;
racing,killtube,147.8681007,4.287596956,147.8681007,0,16401.75,-3955,0.5380003223,0,0,0.8429446324;
racing,killtube,133.0812906,4.978735647,133.0812906,0,16415.25,-3924.5,0.5520190908,0,0,0.8338314718;
racing,killtube,119.7731616,4.230985059,119.7731616,0,16428.25,-3894,0.5504910087,0,0,0.8348410922;
racing,killtube,107.7958454,5.983516452,107.7958454,0,16442.25,-3860,0.5606288093,0,0,0.8280672305;
racing,killtube,97.01626087,4.978735647,97.01626087,0,16457.25,-3823.5,0.5520190908,0,0,0.8338314718;
racing,killtube,87.31463479,5.055631868,87.31463479,0,16470.75,-3790,0.5669490867,0,0,0.823752835;
racing,killtube,78.58317131,5.055631868,78.58317131,0,16483.75,-3756,0.5669490867,0,0,0.823752835;
racing,killtube,70.72485418,3.301351201,70.72485418,0,16494.75,-3728,0.5573899686,0,0,0.8302508192;
racing,killtube,63.65236876,6.681118595,63.65236876,0,16507.75,-3694.5,0.568594509,0,0,0.8226179456;
racing,killtube,57.28713188,5.007710105,57.28713188,0,16522.25,-3655,0.5775724553,0,0,0.8163394263;
racing,killtube,51.5584187,4.129463541,51.5584187,0,16533.25,-3624,0.5760484368,0,0,0.8174155605;
racing,killtube,46.40257683,5.709667998,46.40257683,0,16544.75,-3590.5,0.5847102847,0,0,0.8112421852;
racing,killtube,41.76231914,5.007710105,41.76231914,0,16557.25,-3554,0.5775724553,0,0,0.8163394263;
racing,killtube,37.58608723,4.831257536,37.58608723,0,16568.75,-3520.5,0.5847102847,0,0,0.8112421852;
racing,killtube,33.82747851,4.922234763,33.82747851,0,16579.25,-3487,0.599096685,0,0,0.8006766901;
racing,killtube,30.44473066,4.96321344,30.44473066,0,16589.75,-3453,0.5882940228,0,0,0.8086471064;
racing,killtube,27.40025759,4.044505494,27.40025759,0,16599.25,-3422,0.6021955131,0,0,0.7983486481;
racing,killtube,24.66023183,5.667279379,24.66023183,0,16609.25,-3388.5,0.5941019067,0,0,0.8043897839;
racing,killtube,22.19420865,5.627999886,22.19420865,0,16620.75,-3349.5,0.6035477756,0,0,0.7973268354;
racing,killtube,19.97478778,3.301351201,19.97478778,0,16629.25,-3318.5,0.6113829008,0,0,0.7913349156;
racing,killtube,17.977309,4.789149903,17.977309,0,16637.25,-3290.5,0.5958156614,0,0,0.8031212223;
racing,killtube,16.1795781,4.851180332,16.1795781,0,16646.25,-3257,0.6208706251,0,0,0.783913048;
racing,killtube,14.56162029,4.88486261,14.56162029,0,16654.75,-3223,0.6099620643,0,0,0.7924306154;
racing,killtube,13.10545826,5.559026693,13.10545826,0,16663.75,-3186.5,0.6225514008,0,0,0.7825789119;
racing,killtube,11.79491244,4.851180332,11.79491244,0,16672.25,-3150,0.6208706251,0,0,0.783913048;
racing,killtube,10.61542119,4.716090791,10.61542119,0,16680.25,-3116.5,0.6182232503,0,0,0.7860025527;
racing,killtube,9.553879075,3.977172518,9.553879075,0,16687.25,-3086,0.628677545,0,0,0.777666088;
racing,killtube,8.598491167,4.821265266,8.598491167,0,16693.75,-3055,0.6318018199,0,0,0.7751299635;
racing,killtube,7.738642051,5.529452566,7.738642051,0,16701.25,-3018.5,0.6320822163,0,0,0.7749013304;
racing,killtube,6.964777845,4.795187917,6.964777845,0,16708.25,-2982,0.6427342632,0,0,0.766089203;
racing,killtube,6.268300061,3.977172518,6.268300061,0,16714.25,-2951,0.628677545,0,0,0.777666088;
racing,killtube,5.641470055,4.773011188,5.641470055,0,16719.75,-2920,0.6536459323,0,0,0.756800499;
racing,killtube,5.077323049,4.658474953,5.077323049,0,16725.25,-2886.5,0.6407474392,0,0,0.7677517301;
racing,killtube,4.569590744,5.617707893,4.569590744,0,16731.25,-2850,0.6525563374,0,0,0.7577402104;
racing,killtube,4.11263167,4.635644241,4.11263167,0,16736.75,-2813.5,0.6519948698,0,0,0.7582233772;
racing,killtube,3.701368503,4.773011188,3.701368503,0,16741.75,-2780,0.6536459323,0,0,0.756800499;
racing,killtube,3.331231653,4.754789658,3.331231653,0,16746.25,-2746,0.6645143913,0,0,0.7472754671;
racing,killtube,2.998108487,3.928371007,2.998108487,0,16750.25,-2715,0.6552017414,0,0,0.755453955;
racing,killtube,2.698297639,5.445082162,2.698297639,0,16754.25,-2681.5,0.6700638531,0,0,0.7423034641;
racing,killtube,2.428467875,4.754789658,2.428467875,0,16758.25,-2645,0.6645143913,0,0,0.7472754671;
racing,killtube,2.185621087,4.602233757,2.185621087,0,16761.75,-2611.5,0.6743382882,0,0,0.7384225572;
racing,killtube,1.967058979,4.740568935,1.967058979,0,16764.75,-2578,0.6753170328,0,0,0.7375275623;
racing,killtube,1.770353081,4.740568935,1.770353081,0,16767.75,-2544,0.6753170328,0,0,0.7375275623;
racing,killtube,1.593317773,4.591743126,1.593317773,0,16770.25,-2510.5,0.6853849063,0,0,0.7281809735;
racing,killtube,1.433985995,4.740568935,1.433985995,0,16772.75,-2477,0.6753170328,0,0,0.7375275623;
racing,killtube,1.290587396,4.724264264,1.290587396,0,16774.75,-2443,0.6966351084,0,0,0.7174256239;
racing,killtube,1.161528656,4.591743126,1.161528656,0,16776.25,-2409.5,0.6853849063,0,0,0.7281809735;
racing,killtube,1.045375791,3.891368257,1.045375791,0,16777.75,-2379,0.6943732676,0,0,0.7196150118;
racing,killtube,0.9408382116,5.557291395,0.9408382116,0,16778.75,-2345,0.6982147982,0,0,0.7158883262;
racing,killtube,0.8467543904,4.585437228,0.8467543904,0,16779.75,-2308.5,0.6963156157,0,0,0.7177357197;
racing,killtube,0.7620789514,4.722222222,0.7620789514,0,16780.25,-2275,0.7071067812,0,0,0.7071067812;
racing,killtube,0.6858710562,3.888888889,0.6858710562,0,16780.25,-2244,0.7071067812,0,0,0.7071067812;
racing,killtube,0.6172839506,5.416666667,0.6172839506,0,16780.25,-2210.5,0.7071067812,0,0,0.7071067812;
racing,killtube,0.5555555556,4.722222222,0.5555555556,0,16780.25,-2174,0.7071067812,0,0,0.7071067812;
racing,killtube,0.5,4.724264264,0.5,0,16779.75,-2140,0.7174256239,0,0,0.6966351084;


custom,killcylinder,empty,1200,20,1200,1,0,0,0,1,1,0,16069,-4593,0.5060526862,0,0,0.8625025674;





custom,killtube,bombexplosiontex,985.165795,5.409539471,985.165795,1,1,0.5,0,0.04,21.63815788,0,16080.75,-4576,0.5060526862,0,0,0.8625025674;
custom,killtube,bombexplosiontex,886.6492155,8.217951218,886.6492155,1,0.9,0.4,0.1,0.04,32.87180487,0,16105.25,-4533.5,0.4964775289,0,0,0.8680495742;
custom,killtube,bombexplosiontex,797.9842939,4.479032082,797.9842939,1,0.8,0.3,0.2,0.04,17.91612833,0,16128.25,-4494,0.5019268182,0,0,0.8649100931;
custom,killtube,bombexplosiontex,718.1858646,4.479032082,718.1858646,1,0.7,0.2,0.3,0.04,17.91612833,0,16144.25,-4466,0.5019268182,0,0,0.8649100931;
custom,killtube,bombexplosiontex,646.3672781,6.219059216,646.3672781,1,0.6,0.1,0.4,0.04,24.87623686,0,16163.25,-4432.5,0.5043207378,0,0,0.8635164118;
custom,killtube,bombexplosiontex,581.7305503,4.479032082,581.7305503,1,0.5,0,0.5,0.04,17.91612833,0,16182.25,-4399,0.5019268182,0,0,0.8649100931;
custom,killtube,bombexplosiontex,523.5574953,7.083333333,523.5574953,1,0.4,0.1,0.6,0.04,28.33333333,0,16202.25,-4362.5,0.5144957554,0,0,0.8574929257;
custom,killtube,bombexplosiontex,471.2017457,4.411772271,471.2017457,1,0.3,0.2,0.7,0.04,17.64708908,0,16221.75,-4326,0.513701561,0,0,0.8579689425;
custom,killtube,bombexplosiontex,424.0815712,4.411772271,424.0815712,1,0.2,0.3,0.8,0.04,17.64708908,0,16236.75,-4298,0.513701561,0,0,0.8579689425;
custom,killtube,bombexplosiontex,381.673414,6.211299937,381.673414,1,0.1,0.4,0.9,0.04,24.84519975,0,16254.25,-4264,0.5257311121,0,0,0.8506508084;
custom,killtube,bombexplosiontex,343.5060726,5.155753109,343.5060726,1,0,0.5,1,0.04,20.62301244,0,16272.75,-4227.5,0.5205974502,0,0,0.8538022575;
custom,killtube,bombexplosiontex,309.1554654,5.279604947,309.1554654,1,0.1,0.6,0.9,0.04,21.11841979,0,16289.75,-4194,0.5257311121,0,0,0.8506508084;
custom,killtube,bombexplosiontex,278.2399188,4.347909956,278.2399188,1,0.2,0.7,0.8,0.04,17.39163982,0,16305.25,-4163,0.5257311121,0,0,0.8506508084;
custom,killtube,bombexplosiontex,250.415927,6.025281101,250.415927,1,0.3,0.8,0.7,0.04,24.1011244,0,16321.75,-4129.5,0.5301087514,0,0,0.847929662;
custom,killtube,bombexplosiontex,225.3743343,5.218970619,225.3743343,1,0.4,0.9,0.6,0.04,20.87588248,0,16339.25,-4093,0.5358185158,0,0,0.8443331796;
custom,killtube,bombexplosiontex,202.8369008,4.287596956,202.8369008,1,0.5,1,0.5,0.04,17.15038782,0,16353.75,-4062,0.5380003223,0,0,0.8429446324;
custom,killtube,bombexplosiontex,182.5532107,5.965758776,182.5532107,1,0.6,0.9,0.4,0.04,23.86303511,0,16369.25,-4028.5,0.5389535335,0,0,0.8423354965;
custom,killtube,bombexplosiontex,164.2978897,6.036476059,164.2978897,1,0.7,0.8,0.3,0.04,24.14590424,0,16386.75,-3989,0.5517514656,0,0,0.8340085852;
custom,killtube,bombexplosiontex,147.8681007,4.287596956,147.8681007,1,0.8,0.7,0.2,0.04,17.15038782,0,16401.75,-3955,0.5380003223,0,0,0.8429446324;
custom,killtube,bombexplosiontex,133.0812906,4.978735647,133.0812906,1,0.9,0.6,0.1,0.04,19.91494259,0,16415.25,-3924.5,0.5520190908,0,0,0.8338314718;
custom,killtube,bombexplosiontex,119.7731616,4.230985059,119.7731616,1,1,0.5,0,0.04,16.92394024,0,16428.25,-3894,0.5504910087,0,0,0.8348410922;
custom,killtube,bombexplosiontex,107.7958454,5.983516452,107.7958454,1,1,0.5,0,0.04,23.93406581,0,16442.25,-3860,0.5606288093,0,0,0.8280672305;
custom,killtube,bombexplosiontex,97.01626087,4.978735647,97.01626087,1,0.9,0.4,0.1,0.04,19.91494259,0,16457.25,-3823.5,0.5520190908,0,0,0.8338314718;
custom,killtube,bombexplosiontex,87.31463479,5.055631868,87.31463479,1,0.8,0.3,0.2,0.04,20.22252747,0,16470.75,-3790,0.5669490867,0,0,0.823752835;
custom,killtube,bombexplosiontex,78.58317131,5.055631868,78.58317131,1,0.7,0.2,0.3,0.04,20.22252747,0,16483.75,-3756,0.5669490867,0,0,0.823752835;
custom,killtube,bombexplosiontex,70.72485418,3.301351201,70.72485418,1,0.6,0.1,0.4,0.04,13.2054048,0,16494.75,-3728,0.5573899686,0,0,0.8302508192;
custom,killtube,bombexplosiontex,63.65236876,6.681118595,63.65236876,1,0.5,0,0.5,0.04,26.72447438,0,16507.75,-3694.5,0.568594509,0,0,0.8226179456;
custom,killtube,bombexplosiontex,57.28713188,5.007710105,57.28713188,1,0.4,0.1,0.6,0.04,20.03084042,0,16522.25,-3655,0.5775724553,0,0,0.8163394263;
custom,killtube,bombexplosiontex,51.5584187,4.129463541,51.5584187,1,0.3,0.2,0.7,0.04,16.51785416,0,16533.25,-3624,0.5760484368,0,0,0.8174155605;
custom,killtube,bombexplosiontex,46.40257683,5.709667998,46.40257683,1,0.2,0.3,0.8,0.04,22.83867199,0,16544.75,-3590.5,0.5847102847,0,0,0.8112421852;
custom,killtube,bombexplosiontex,41.76231914,5.007710105,41.76231914,1,0.1,0.4,0.9,0.04,20.03084042,0,16557.25,-3554,0.5775724553,0,0,0.8163394263;
custom,killtube,bombexplosiontex,37.58608723,4.831257536,37.58608723,1,0,0.5,1,0.04,19.32503015,0,16568.75,-3520.5,0.5847102847,0,0,0.8112421852;
custom,killtube,bombexplosiontex,33.82747851,4.922234763,33.82747851,1,0.1,0.6,0.9,0.04,19.68893905,0,16579.25,-3487,0.599096685,0,0,0.8006766901;
custom,killtube,bombexplosiontex,30.44473066,4.96321344,30.44473066,1,0.2,0.7,0.8,0.04,19.85285376,0,16589.75,-3453,0.5882940228,0,0,0.8086471064;
custom,killtube,bombexplosiontex,27.40025759,4.044505494,27.40025759,1,0.3,0.8,0.7,0.04,16.17802198,0,16599.25,-3422,0.6021955131,0,0,0.7983486481;
custom,killtube,bombexplosiontex,24.66023183,5.667279379,24.66023183,1,0.4,0.9,0.6,0.04,22.66911751,0,16609.25,-3388.5,0.5941019067,0,0,0.8043897839;
custom,killtube,bombexplosiontex,22.19420865,5.627999886,22.19420865,1,0.5,1,0.5,0.04,22.51199954,0,16620.75,-3349.5,0.6035477756,0,0,0.7973268354;
custom,killtube,bombexplosiontex,19.97478778,3.301351201,19.97478778,1,0.6,0.9,0.4,0.04,13.2054048,0,16629.25,-3318.5,0.6113829008,0,0,0.7913349156;
custom,killtube,bombexplosiontex,17.977309,4.789149903,17.977309,1,0.7,0.8,0.3,0.04,19.15659961,0,16637.25,-3290.5,0.5958156614,0,0,0.8031212223;
custom,killtube,bombexplosiontex,16.1795781,4.851180332,16.1795781,1,0.8,0.7,0.2,0.04,19.40472133,0,16646.25,-3257,0.6208706251,0,0,0.783913048;
custom,killtube,bombexplosiontex,14.56162029,4.88486261,14.56162029,1,0.9,0.6,0.1,0.04,19.53945044,0,16654.75,-3223,0.6099620643,0,0,0.7924306154;
custom,killtube,bombexplosiontex,13.10545826,5.559026693,13.10545826,1,1,0.5,0,0.04,22.23610677,0,16663.75,-3186.5,0.6225514008,0,0,0.7825789119;
custom,killtube,bombexplosiontex,11.79491244,4.851180332,11.79491244,1,1,0.5,0,0.04,19.40472133,0,16672.25,-3150,0.6208706251,0,0,0.783913048;
custom,killtube,bombexplosiontex,10.61542119,4.716090791,10.61542119,1,0.9,0.4,0.1,0.04,18.86436316,0,16680.25,-3116.5,0.6182232503,0,0,0.7860025527;
custom,killtube,bombexplosiontex,9.553879075,3.977172518,9.553879075,1,0.8,0.3,0.2,0.04,15.90869007,0,16687.25,-3086,0.628677545,0,0,0.777666088;
custom,killtube,bombexplosiontex,8.598491167,4.821265266,8.598491167,1,0.7,0.2,0.3,0.04,19.28506106,0,16693.75,-3055,0.6318018199,0,0,0.7751299635;
custom,killtube,bombexplosiontex,7.738642051,5.529452566,7.738642051,1,0.6,0.1,0.4,0.04,22.11781026,0,16701.25,-3018.5,0.6320822163,0,0,0.7749013304;
custom,killtube,bombexplosiontex,6.964777845,4.795187917,6.964777845,1,0.5,0,0.5,0.04,19.18075167,0,16708.25,-2982,0.6427342632,0,0,0.766089203;
custom,killtube,bombexplosiontex,6.268300061,3.977172518,6.268300061,1,0.4,0.1,0.6,0.04,15.90869007,0,16714.25,-2951,0.628677545,0,0,0.777666088;
custom,killtube,bombexplosiontex,5.641470055,4.773011188,5.641470055,1,0.3,0.2,0.7,0.04,19.09204475,0,16719.75,-2920,0.6536459323,0,0,0.756800499;
custom,killtube,bombexplosiontex,5.077323049,4.658474953,5.077323049,1,0.2,0.3,0.8,0.04,18.63389981,0,16725.25,-2886.5,0.6407474392,0,0,0.7677517301;
custom,killtube,bombexplosiontex,4.569590744,5.617707893,4.569590744,1,0.1,0.4,0.9,0.04,22.47083157,0,16731.25,-2850,0.6525563374,0,0,0.7577402104;
custom,killtube,bombexplosiontex,4.11263167,4.635644241,4.11263167,1,0,0.5,1,0.04,18.54257696,0,16736.75,-2813.5,0.6519948698,0,0,0.7582233772;
custom,killtube,bombexplosiontex,3.701368503,4.773011188,3.701368503,1,0.1,0.6,0.9,0.04,19.09204475,0,16741.75,-2780,0.6536459323,0,0,0.756800499;
custom,killtube,bombexplosiontex,3.331231653,4.754789658,3.331231653,1,0.2,0.7,0.8,0.04,19.01915863,0,16746.25,-2746,0.6645143913,0,0,0.7472754671;
custom,killtube,bombexplosiontex,2.998108487,3.928371007,2.998108487,1,0.3,0.8,0.7,0.04,15.71348403,0,16750.25,-2715,0.6552017414,0,0,0.755453955;
custom,killtube,bombexplosiontex,2.698297639,5.445082162,2.698297639,1,0.4,0.9,0.6,0.04,21.78032865,0,16754.25,-2681.5,0.6700638531,0,0,0.7423034641;
custom,killtube,bombexplosiontex,2.428467875,4.754789658,2.428467875,1,0.5,1,0.5,0.04,19.01915863,0,16758.25,-2645,0.6645143913,0,0,0.7472754671;
custom,killtube,bombexplosiontex,2.185621087,4.602233757,2.185621087,1,0.6,0.9,0.4,0.04,18.40893503,0,16761.75,-2611.5,0.6743382882,0,0,0.7384225572;
custom,killtube,bombexplosiontex,1.967058979,4.740568935,1.967058979,1,0.7,0.8,0.3,0.04,18.96227574,0,16764.75,-2578,0.6753170328,0,0,0.7375275623;
custom,killtube,bombexplosiontex,1.770353081,4.740568935,1.770353081,1,0.8,0.7,0.2,0.04,18.96227574,0,16767.75,-2544,0.6753170328,0,0,0.7375275623;
custom,killtube,bombexplosiontex,1.593317773,4.591743126,1.593317773,1,0.9,0.6,0.1,0.04,18.36697251,0,16770.25,-2510.5,0.6853849063,0,0,0.7281809735;
custom,killtube,bombexplosiontex,1.433985995,4.740568935,1.433985995,1,1,0.5,0,0.04,18.96227574,0,16772.75,-2477,0.6753170328,0,0,0.7375275623;
custom,killtube,bombexplosiontex,1.290587396,4.724264264,1.290587396,1,1,0.5,0,0.04,18.89705706,0,16774.75,-2443,0.6966351084,0,0,0.7174256239;
custom,killtube,bombexplosiontex,1.161528656,4.591743126,1.161528656,1,0.9,0.4,0.1,0.04,18.36697251,0,16776.25,-2409.5,0.6853849063,0,0,0.7281809735;
custom,killtube,bombexplosiontex,1.045375791,3.891368257,1.045375791,1,0.8,0.3,0.2,0.04,15.56547303,0,16777.75,-2379,0.6943732676,0,0,0.7196150118;
custom,killtube,bombexplosiontex,0.9408382116,5.557291395,0.9408382116,1,0.7,0.2,0.3,0.04,22.22916558,0,16778.75,-2345,0.6982147982,0,0,0.7158883262;
custom,killtube,bombexplosiontex,0.8467543904,4.585437228,0.8467543904,1,0.6,0.1,0.4,0.04,18.34174891,0,16779.75,-2308.5,0.6963156157,0,0,0.7177357197;
custom,killtube,bombexplosiontex,0.7620789514,4.722222222,0.7620789514,1,0.5,0,0.5,0.04,18.88888889,0,16780.25,-2275,0.7071067812,0,0,0.7071067812;
custom,killtube,bombexplosiontex,0.6858710562,3.888888889,0.6858710562,1,0.4,0.1,0.6,0.04,15.55555556,0,16780.25,-2244,0.7071067812,0,0,0.7071067812;
custom,killtube,bombexplosiontex,0.6172839506,5.416666667,0.6172839506,1,0.3,0.2,0.7,0.04,21.66666667,0,16780.25,-2210.5,0.7071067812,0,0,0.7071067812;
custom,killtube,bombexplosiontex,0.5555555556,4.722222222,0.5555555556,1,0.2,0.3,0.8,0.04,18.88888889,0,16780.25,-2174,0.7071067812,0,0,0.7071067812;
custom,killtube,bombexplosiontex,0.5,4.724264264,0.5,1,0.1,0.4,0.9,0.04,18.89705706,0,16779.75,-2140,0.7174256239,0,0,0.6966351084;






custom,killtube,bombexplosiontex,985.165795,5.409539471,985.165795,1,1,0.5,0,21.63815788,0.04,0,16080.75,-4576,0.5060526862,0,0,0.8625025674;
custom,killtube,bombexplosiontex,886.6492155,8.217951218,886.6492155,1,0.9,0.4,0.1,32.87180487,0.04,0,16105.25,-4533.5,0.4964775289,0,0,0.8680495742;
custom,killtube,bombexplosiontex,797.9842939,4.479032082,797.9842939,1,0.8,0.3,0.2,17.91612833,0.04,0,16128.25,-4494,0.5019268182,0,0,0.8649100931;
custom,killtube,bombexplosiontex,718.1858646,4.479032082,718.1858646,1,0.7,0.2,0.3,17.91612833,0.04,0,16144.25,-4466,0.5019268182,0,0,0.8649100931;
custom,killtube,bombexplosiontex,646.3672781,6.219059216,646.3672781,1,0.6,0.1,0.4,24.87623686,0.04,0,16163.25,-4432.5,0.5043207378,0,0,0.8635164118;
custom,killtube,bombexplosiontex,581.7305503,4.479032082,581.7305503,1,0.5,0,0.5,17.91612833,0.04,0,16182.25,-4399,0.5019268182,0,0,0.8649100931;
custom,killtube,bombexplosiontex,523.5574953,7.083333333,523.5574953,1,0.4,0.1,0.6,28.33333333,0.04,0,16202.25,-4362.5,0.5144957554,0,0,0.8574929257;
custom,killtube,bombexplosiontex,471.2017457,4.411772271,471.2017457,1,0.3,0.2,0.7,17.64708908,0.04,0,16221.75,-4326,0.513701561,0,0,0.8579689425;
custom,killtube,bombexplosiontex,424.0815712,4.411772271,424.0815712,1,0.2,0.3,0.8,17.64708908,0.04,0,16236.75,-4298,0.513701561,0,0,0.8579689425;
custom,killtube,bombexplosiontex,381.673414,6.211299937,381.673414,1,0.1,0.4,0.9,24.84519975,0.04,0,16254.25,-4264,0.5257311121,0,0,0.8506508084;
custom,killtube,bombexplosiontex,343.5060726,5.155753109,343.5060726,1,0,0.5,1,20.62301244,0.04,0,16272.75,-4227.5,0.5205974502,0,0,0.8538022575;
custom,killtube,bombexplosiontex,309.1554654,5.279604947,309.1554654,1,0.1,0.6,0.9,21.11841979,0.04,0,16289.75,-4194,0.5257311121,0,0,0.8506508084;
custom,killtube,bombexplosiontex,278.2399188,4.347909956,278.2399188,1,0.2,0.7,0.8,17.39163982,0.04,0,16305.25,-4163,0.5257311121,0,0,0.8506508084;
custom,killtube,bombexplosiontex,250.415927,6.025281101,250.415927,1,0.3,0.8,0.7,24.1011244,0.04,0,16321.75,-4129.5,0.5301087514,0,0,0.847929662;
custom,killtube,bombexplosiontex,225.3743343,5.218970619,225.3743343,1,0.4,0.9,0.6,20.87588248,0.04,0,16339.25,-4093,0.5358185158,0,0,0.8443331796;
custom,killtube,bombexplosiontex,202.8369008,4.287596956,202.8369008,1,0.5,1,0.5,17.15038782,0.04,0,16353.75,-4062,0.5380003223,0,0,0.8429446324;
custom,killtube,bombexplosiontex,182.5532107,5.965758776,182.5532107,1,0.6,0.9,0.4,23.86303511,0.04,0,16369.25,-4028.5,0.5389535335,0,0,0.8423354965;
custom,killtube,bombexplosiontex,164.2978897,6.036476059,164.2978897,1,0.7,0.8,0.3,24.14590424,0.04,0,16386.75,-3989,0.5517514656,0,0,0.8340085852;
custom,killtube,bombexplosiontex,147.8681007,4.287596956,147.8681007,1,0.8,0.7,0.2,17.15038782,0.04,0,16401.75,-3955,0.5380003223,0,0,0.8429446324;
custom,killtube,bombexplosiontex,133.0812906,4.978735647,133.0812906,1,0.9,0.6,0.1,19.91494259,0.04,0,16415.25,-3924.5,0.5520190908,0,0,0.8338314718;
custom,killtube,bombexplosiontex,119.7731616,4.230985059,119.7731616,1,1,0.5,0,16.92394024,0.04,0,16428.25,-3894,0.5504910087,0,0,0.8348410922;
custom,killtube,bombexplosiontex,107.7958454,5.983516452,107.7958454,1,1,0.5,0,23.93406581,0.04,0,16442.25,-3860,0.5606288093,0,0,0.8280672305;
custom,killtube,bombexplosiontex,97.01626087,4.978735647,97.01626087,1,0.9,0.4,0.1,19.91494259,0.04,0,16457.25,-3823.5,0.5520190908,0,0,0.8338314718;
custom,killtube,bombexplosiontex,87.31463479,5.055631868,87.31463479,1,0.8,0.3,0.2,20.22252747,0.04,0,16470.75,-3790,0.5669490867,0,0,0.823752835;
custom,killtube,bombexplosiontex,78.58317131,5.055631868,78.58317131,1,0.7,0.2,0.3,20.22252747,0.04,0,16483.75,-3756,0.5669490867,0,0,0.823752835;
custom,killtube,bombexplosiontex,70.72485418,3.301351201,70.72485418,1,0.6,0.1,0.4,13.2054048,0.04,0,16494.75,-3728,0.5573899686,0,0,0.8302508192;
custom,killtube,bombexplosiontex,63.65236876,6.681118595,63.65236876,1,0.5,0,0.5,26.72447438,0.04,0,16507.75,-3694.5,0.568594509,0,0,0.8226179456;
custom,killtube,bombexplosiontex,57.28713188,5.007710105,57.28713188,1,0.4,0.1,0.6,20.03084042,0.04,0,16522.25,-3655,0.5775724553,0,0,0.8163394263;
custom,killtube,bombexplosiontex,51.5584187,4.129463541,51.5584187,1,0.3,0.2,0.7,16.51785416,0.04,0,16533.25,-3624,0.5760484368,0,0,0.8174155605;
custom,killtube,bombexplosiontex,46.40257683,5.709667998,46.40257683,1,0.2,0.3,0.8,22.83867199,0.04,0,16544.75,-3590.5,0.5847102847,0,0,0.8112421852;
custom,killtube,bombexplosiontex,41.76231914,5.007710105,41.76231914,1,0.1,0.4,0.9,20.03084042,0.04,0,16557.25,-3554,0.5775724553,0,0,0.8163394263;
custom,killtube,bombexplosiontex,37.58608723,4.831257536,37.58608723,1,0,0.5,1,19.32503015,0.04,0,16568.75,-3520.5,0.5847102847,0,0,0.8112421852;
custom,killtube,bombexplosiontex,33.82747851,4.922234763,33.82747851,1,0.1,0.6,0.9,19.68893905,0.04,0,16579.25,-3487,0.599096685,0,0,0.8006766901;
custom,killtube,bombexplosiontex,30.44473066,4.96321344,30.44473066,1,0.2,0.7,0.8,19.85285376,0.04,0,16589.75,-3453,0.5882940228,0,0,0.8086471064;
custom,killtube,bombexplosiontex,27.40025759,4.044505494,27.40025759,1,0.3,0.8,0.7,16.17802198,0.04,0,16599.25,-3422,0.6021955131,0,0,0.7983486481;
custom,killtube,bombexplosiontex,24.66023183,5.667279379,24.66023183,1,0.4,0.9,0.6,22.66911751,0.04,0,16609.25,-3388.5,0.5941019067,0,0,0.8043897839;
custom,killtube,bombexplosiontex,22.19420865,5.627999886,22.19420865,1,0.5,1,0.5,22.51199954,0.04,0,16620.75,-3349.5,0.6035477756,0,0,0.7973268354;
custom,killtube,bombexplosiontex,19.97478778,3.301351201,19.97478778,1,0.6,0.9,0.4,13.2054048,0.04,0,16629.25,-3318.5,0.6113829008,0,0,0.7913349156;
custom,killtube,bombexplosiontex,17.977309,4.789149903,17.977309,1,0.7,0.8,0.3,19.15659961,0.04,0,16637.25,-3290.5,0.5958156614,0,0,0.8031212223;
custom,killtube,bombexplosiontex,16.1795781,4.851180332,16.1795781,1,0.8,0.7,0.2,19.40472133,0.04,0,16646.25,-3257,0.6208706251,0,0,0.783913048;
custom,killtube,bombexplosiontex,14.56162029,4.88486261,14.56162029,1,0.9,0.6,0.1,19.53945044,0.04,0,16654.75,-3223,0.6099620643,0,0,0.7924306154;
custom,killtube,bombexplosiontex,13.10545826,5.559026693,13.10545826,1,1,0.5,0,22.23610677,0.04,0,16663.75,-3186.5,0.6225514008,0,0,0.7825789119;
custom,killtube,bombexplosiontex,11.79491244,4.851180332,11.79491244,1,1,0.5,0,19.40472133,0.04,0,16672.25,-3150,0.6208706251,0,0,0.783913048;
custom,killtube,bombexplosiontex,10.61542119,4.716090791,10.61542119,1,0.9,0.4,0.1,18.86436316,0.04,0,16680.25,-3116.5,0.6182232503,0,0,0.7860025527;
custom,killtube,bombexplosiontex,9.553879075,3.977172518,9.553879075,1,0.8,0.3,0.2,15.90869007,0.04,0,16687.25,-3086,0.628677545,0,0,0.777666088;
custom,killtube,bombexplosiontex,8.598491167,4.821265266,8.598491167,1,0.7,0.2,0.3,19.28506106,0.04,0,16693.75,-3055,0.6318018199,0,0,0.7751299635;
custom,killtube,bombexplosiontex,7.738642051,5.529452566,7.738642051,1,0.6,0.1,0.4,22.11781026,0.04,0,16701.25,-3018.5,0.6320822163,0,0,0.7749013304;
custom,killtube,bombexplosiontex,6.964777845,4.795187917,6.964777845,1,0.5,0,0.5,19.18075167,0.04,0,16708.25,-2982,0.6427342632,0,0,0.766089203;
custom,killtube,bombexplosiontex,6.268300061,3.977172518,6.268300061,1,0.4,0.1,0.6,15.90869007,0.04,0,16714.25,-2951,0.628677545,0,0,0.777666088;
custom,killtube,bombexplosiontex,5.641470055,4.773011188,5.641470055,1,0.3,0.2,0.7,19.09204475,0.04,0,16719.75,-2920,0.6536459323,0,0,0.756800499;
custom,killtube,bombexplosiontex,5.077323049,4.658474953,5.077323049,1,0.2,0.3,0.8,18.63389981,0.04,0,16725.25,-2886.5,0.6407474392,0,0,0.7677517301;
custom,killtube,bombexplosiontex,4.569590744,5.617707893,4.569590744,1,0.1,0.4,0.9,22.47083157,0.04,0,16731.25,-2850,0.6525563374,0,0,0.7577402104;
custom,killtube,bombexplosiontex,4.11263167,4.635644241,4.11263167,1,0,0.5,1,18.54257696,0.04,0,16736.75,-2813.5,0.6519948698,0,0,0.7582233772;
custom,killtube,bombexplosiontex,3.701368503,4.773011188,3.701368503,1,0.1,0.6,0.9,19.09204475,0.04,0,16741.75,-2780,0.6536459323,0,0,0.756800499;
custom,killtube,bombexplosiontex,3.331231653,4.754789658,3.331231653,1,0.2,0.7,0.8,19.01915863,0.04,0,16746.25,-2746,0.6645143913,0,0,0.7472754671;
custom,killtube,bombexplosiontex,2.998108487,3.928371007,2.998108487,1,0.3,0.8,0.7,15.71348403,0.04,0,16750.25,-2715,0.6552017414,0,0,0.755453955;
custom,killtube,bombexplosiontex,2.698297639,5.445082162,2.698297639,1,0.4,0.9,0.6,21.78032865,0.04,0,16754.25,-2681.5,0.6700638531,0,0,0.7423034641;
custom,killtube,bombexplosiontex,2.428467875,4.754789658,2.428467875,1,0.5,1,0.5,19.01915863,0.04,0,16758.25,-2645,0.6645143913,0,0,0.7472754671;
custom,killtube,bombexplosiontex,2.185621087,4.602233757,2.185621087,1,0.6,0.9,0.4,18.40893503,0.04,0,16761.75,-2611.5,0.6743382882,0,0,0.7384225572;
custom,killtube,bombexplosiontex,1.967058979,4.740568935,1.967058979,1,0.7,0.8,0.3,18.96227574,0.04,0,16764.75,-2578,0.6753170328,0,0,0.7375275623;
custom,killtube,bombexplosiontex,1.770353081,4.740568935,1.770353081,1,0.8,0.7,0.2,18.96227574,0.04,0,16767.75,-2544,0.6753170328,0,0,0.7375275623;
custom,killtube,bombexplosiontex,1.593317773,4.591743126,1.593317773,1,0.9,0.6,0.1,18.36697251,0.04,0,16770.25,-2510.5,0.6853849063,0,0,0.7281809735;
custom,killtube,bombexplosiontex,1.433985995,4.740568935,1.433985995,1,1,0.5,0,18.96227574,0.04,0,16772.75,-2477,0.6753170328,0,0,0.7375275623;
custom,killtube,bombexplosiontex,1.290587396,4.724264264,1.290587396,1,1,0.5,0,18.89705706,0.04,0,16774.75,-2443,0.6966351084,0,0,0.7174256239;
custom,killtube,bombexplosiontex,1.161528656,4.591743126,1.161528656,1,0.9,0.4,0.1,18.36697251,0.04,0,16776.25,-2409.5,0.6853849063,0,0,0.7281809735;
custom,killtube,bombexplosiontex,1.045375791,3.891368257,1.045375791,1,0.8,0.3,0.2,15.56547303,0.04,0,16777.75,-2379,0.6943732676,0,0,0.7196150118;
custom,killtube,bombexplosiontex,0.9408382116,5.557291395,0.9408382116,1,0.7,0.2,0.3,22.22916558,0.04,0,16778.75,-2345,0.6982147982,0,0,0.7158883262;
custom,killtube,bombexplosiontex,0.8467543904,4.585437228,0.8467543904,1,0.6,0.1,0.4,18.34174891,0.04,0,16779.75,-2308.5,0.6963156157,0,0,0.7177357197;
custom,killtube,bombexplosiontex,0.7620789514,4.722222222,0.7620789514,1,0.5,0,0.5,18.88888889,0.04,0,16780.25,-2275,0.7071067812,0,0,0.7071067812;
custom,killtube,bombexplosiontex,0.6858710562,3.888888889,0.6858710562,1,0.4,0.1,0.6,15.55555556,0.04,0,16780.25,-2244,0.7071067812,0,0,0.7071067812;
custom,killtube,bombexplosiontex,0.6172839506,5.416666667,0.6172839506,1,0.3,0.2,0.7,21.66666667,0.04,0,16780.25,-2210.5,0.7071067812,0,0,0.7071067812;
custom,killtube,bombexplosiontex,0.5555555556,4.722222222,0.5555555556,1,0.2,0.3,0.8,18.88888889,0.04,0,16780.25,-2174,0.7071067812,0,0,0.7071067812;
custom,killtube,bombexplosiontex,0.5,4.724264264,0.5,1,0.1,0.4,0.9,18.89705706,0.04,0,16779.75,-2140,0.7174256239,0,0,0.6966351084;
















































































custom,killcylinder,empty,100,0,100,1,0,0,0,1,1,0,16777,-2123,0.7174256239,0,0,0.6966351084;
custom,killcylinder,cannonregionmat,95,0.5,95,1,0,1,0,1,1,0,16777,-2123,0.7174256239,0,0,0.6966351084;
custom,killcylinder,empty,94,1,94,1,0,0,0,1,1,0,16777,-2123,0.7174256239,0,0,0.6966351084;
custom,killcylinder,cannonregionmat,85,1.5,85,1,0,1,0,1,1,0,16777,-2123,0.7174256239,0,0,0.6966351084;
custom,killcylinder,empty,84,2,84,1,0,0,0,1,1,0,16777,-2123,0.7174256239,0,0,0.6966351084;
custom,killcylinder,cannonregionmat,75,2.5,75,1,0,1,0,1,1,0,16777,-2123,0.7174256239,0,0,0.6966351084;
custom,killcylinder,empty,74,3,74,1,0,0,0,1,1,0,16777,-2123,0.7174256239,0,0,0.6966351084;
custom,killcylinder,cannonregionmat,65,3.5,65,1,0,1,0,1,1,0,16777,-2123,0.7174256239,0,0,0.6966351084;
custom,killcylinder,empty,64,4,64,1,0,0,0,1,1,0,16777,-2123,0.7174256239,0,0,0.6966351084;
custom,killcylinder,cannonregionmat,55,4.5,55,1,0,1,0,1,1,0,16777,-2123,0.7174256239,0,0,0.6966351084;
custom,killcylinder,empty,54,5,54,1,0,0,0,1,1,0,16777,-2123,0.7174256239,0,0,0.6966351084;
custom,killcylinder,cannonregionmat,45,5.5,45,1,0,1,0,1,1,0,16777,-2123,0.7174256239,0,0,0.6966351084;
custom,killcylinder,empty,44,6,44,1,0,0,0,1,1,0,16777,-2123,0.7174256239,0,0,0.6966351084;
custom,killcylinder,cannonregionmat,35,6.5,35,1,0,1,0,1,1,0,16777,-2123,0.7174256239,0,0,0.6966351084;
custom,killcylinder,empty,34,7,34,1,0,0,0,1,1,0,16777,-2123,0.7174256239,0,0,0.6966351084;
custom,killcylinder,cannonregionmat,25,7.5,25,1,0,1,0,1,1,0,16777,-2123,0.7174256239,0,0,0.6966351084;
custom,killcylinder,empty,24,8,24,1,0,0,0,1,1,0,16777,-2123,0.7174256239,0,0,0.6966351084;
custom,killcylinder,cannonregionmat,15,8.5,15,1,0,1,0,1,1,0,16777,-2123,0.7174256239,0,0,0.6966351084;
custom,killcylinder,empty,14,9,14,1,0,0,0,1,1,0,16777,-2123,0.7174256239,0,0,0.6966351084;


custom,tube,metal4,16.66666667,37.47478576,16.66666667,1,0.083,0.083,0.083,0.7494957152,0.3333333333,0,16764.5,-1921.5,0.7341083398,0,0,0.6790323596;
custom,tube,metal4,16.66666667,40.30602458,16.66666667,1,0.166,0.166,0.166,0.8061204916,0.3333333333,0,16732.5,-1643.5,0.7576846142,0,0,0.6526208895;
custom,tube,metal4,16.66666667,39.83085379,16.66666667,1,0.249,0.249,0.249,0.7966170758,0.3333333333,0,16680,-1360,0.7798050972,0,0,0.6260223722;
custom,tube,metal4,16.66666667,40.65555594,16.66666667,1,0.332,0.332,0.332,0.8131111187,0.3333333333,0,16608,-1079.5,0.8000409929,0,0,0.5999453389;
custom,tube,metal4,16.66666667,40.59406467,16.66666667,1,0.415,0.415,0.415,0.8118812934,0.3333333333,0,16517.5,-801.5,0.8181440791,0,0,0.5750132745;
custom,tube,metal4,16.66666667,42.42004098,16.66666667,1,0.498,0.498,0.498,0.8484008196,0.3333333333,0,16407,-524,0.836493969,0,0,0.5479761306;
custom,tube,metal4,16.66666667,43.66548274,16.66666667,1,0.581,0.581,0.581,0.8733096548,0.3333333333,0,16275.5,-243.5,0.8510245126,0,0,0.5251259648;
custom,tube,metal4,16.66666667,44.80862082,16.66666667,1,0.664,0.664,0.664,0.8961724164,0.3333333333,0,16124,36.5,0.8666416553,0,0,0.4989310988;
custom,tube,metal4,16.66666667,46.42339036,16.66666667,1,0.747,0.747,0.747,0.9284678073,0.3333333333,0,15952.5,316.5,0.8779275084,0,0,0.4787935776;
custom,tube,metal4,16.66666667,48.06538917,16.66666667,1,0.83,0.83,0.83,0.9613077833,0.3333333333,0,15761,597.5,0.8898582997,0,0,0.4562370068;
custom,tube,metal4,16.66666667,49.54285618,16.66666667,1,0.913,0.913,0.913,0.9908571237,0.3333333333,0,15549.5,878,0.8998759328,0,0,0.4361459682;
custom,tube,metal4,16.66666667,50.42144912,16.66666667,1,0.996,0.996,0.996,1.008428982,0.3333333333,0,15320.5,1155.5,0.9090738791,0,0,0.4166349508;

custom,killcylinder,empty,20,0,20,1,0,0,0,1,1,0,15202,1293,0.9090738791,0,0,0.4166349508;



custom,tube,stone2,16.66666667,204.0449845,16.66666667,1,0,0,0,10.20224923,0.8333333333,0,-35170,17992.5,0.9953736413,0,0,0.09607972862;
custom,tube,stone2,16.66666667,206.6095818,16.66666667,1,0.066666,0.066666,0.066666,10.33047909,0.8333333333,0,-36621.5,18273,0.9955215012,0,0,0.0945353935;
custom,tube,stone2,16.66666667,209.5006648,16.66666667,1,0.133332,0.133332,0.133332,10.47503324,0.8333333333,0,-38093,18553.5,0.9956141053,0,0,0.09355508153;
custom,tube,stone2,16.66666667,212.0684161,16.66666667,1,0.199998,0.199998,0.199998,10.60342081,0.8333333333,0,-39584.5,18834,0.9957515488,0,0,0.09208068807;
custom,tube,stone2,16.66666667,214.9614612,16.66666667,1,0.266664,0.266664,0.266664,10.74807306,0.8333333333,0,-41096,19114.5,0.9958364338,0,0,0.09115808873;
custom,tube,stone2,16.66666667,217.5321478,16.66666667,1,0.33333,0.33333,0.33333,10.87660739,0.8333333333,0,-42627.5,19395,0.9959644409,0,0,0.08974871896;
custom,tube,stone2,16.66666667,215.9052236,16.66666667,1,0.399996,0.399996,0.399996,10.79526118,0.8333333333,0,-44163,19672.5,0.9960492346,0,0,0.08880271541;
custom,tube,stone2,16.66666667,227.5463764,16.66666667,1,0.466662,0.466662,0.466662,11.37731882,0.8333333333,0,-45734.5,19953.5,0.996126695,0,0,0.08792956042;
custom,tube,stone2,16.66666667,225.73615,16.66666667,1,0.533328,0.533328,0.533328,11.2868075,0.8333333333,0,-47341.5,20237,0.9962551742,0,0,0.08646171298;
custom,tube,stone2,16.66666667,228.6334284,16.66666667,1,0.599994,0.599994,0.599994,11.43167142,0.8333333333,0,-48953,20517.5,0.9963239959,0,0,0.08566501768;
custom,tube,stone2,16.66666667,231.2106239,16.66666667,1,0.66666,0.66666,0.66666,11.5605312,0.8333333333,0,-50584.5,20798,0.9964319933,0,0,0.08439954206;
custom,tube,stone2,16.66666667,234.1093659,16.66666667,1,0.733326,0.733326,0.733326,11.7054683,0.8333333333,0,-52236,21078.5,0.9964954593,0,0,0.08364687392;
custom,tube,stone2,16.66666667,236.6888764,16.66666667,1,0.799992,0.799992,0.799992,11.83444382,0.8333333333,0,-53907.5,21359,0.9965966533,0,0,0.08243246119;
custom,tube,stone2,16.66666667,239.4519366,16.66666667,1,0.866658,0.866658,0.866658,11.97259683,0.8333333333,0,-55598.5,21639.5,0.9966514088,0,0,0.08176777665;
custom,tube,stone2,16.66666667,242.3300681,16.66666667,1,0.933324,0.933324,0.933324,12.1165034,0.8333333333,0,-57310,21920.5,0.9967311318,0,0,0.08079016598;
custom,tube,stone2,16.66666667,244.9127852,16.66666667,1,0.99999,0.99999,0.99999,12.24563926,0.8333333333,0,-59041.5,22201,0.9968231823,0,0,0.07964636367;


custom,killcylinder,empty,300,1404.625424,300,1,0,0,0,1,1,0,-46310,19956.5,0.9961479367,0,0,0.08768858655;



custom,killcuboid,empty,200,0,200,1,1,1,0,999999,999999,0,-34449,17852,0.99612,0,0,0.08792;
custom,killcuboid,bombexplosiontex,200,0,200,1,0.96,0.96,0.04,999999,999999,0,-34567.61,17873.045,0.99612,0,0,0.08792;
custom,killcuboid,bombexplosiontex,200,0,200,1,0.92,0.92,0.08,999999,999999,0,-34686.22,17894.09,0.99612,0,0,0.08792;
custom,killcuboid,bombexplosiontex,200,0,200,1,0.88,0.88,0.12,999999,999999,0,-34804.83,17915.135,0.99612,0,0,0.08792;
custom,killcuboid,bombexplosiontex,200,0,200,1,0.84,0.84,0.16,999999,999999,0,-34923.44,17936.18,0.99612,0,0,0.08792;
custom,killcuboid,bombexplosiontex,200,0,200,1,0.8,0.8,0.2,999999,999999,0,-35042.05,17957.225,0.99612,0,0,0.08792;
custom,killcuboid,bombexplosiontex,200,0,200,1,0.76,0.76,0.24,999999,999999,0,-35160.66,17978.27,0.99612,0,0,0.08792;
custom,killcuboid,bombexplosiontex,200,0,200,1,0.72,0.72,0.28,999999,999999,0,-35279.27,17999.315,0.99612,0,0,0.08792;
custom,killcuboid,bombexplosiontex,200,0,200,1,0.68,0.68,0.32,999999,999999,0,-35397.88,18020.36,0.99612,0,0,0.08792;
custom,killcuboid,bombexplosiontex,200,0,200,1,0.64,0.64,0.36,999999,999999,0,-35516.49,18041.405,0.99612,0,0,0.08792;
custom,killcuboid,bombexplosiontex,200,0,200,1,0.6,0.6,0.4,999999,999999,0,-35635.1,18062.45,0.99612,0,0,0.08792;
custom,killcuboid,bombexplosiontex,200,0,200,1,0.56,0.56,0.44,999999,999999,0,-35753.71,18083.495,0.99612,0,0,0.08792;
custom,killcuboid,bombexplosiontex,200,0,200,1,0.52,0.52,0.48,999999,999999,0,-35872.32,18104.54,0.99612,0,0,0.08792;
custom,killcuboid,bombexplosiontex,200,0,200,1,0.48,0.48,0.52,999999,999999,0,-35990.93,18125.585,0.99612,0,0,0.08792;
custom,killcuboid,bombexplosiontex,200,0,200,1,0.44,0.44,0.56,999999,999999,0,-36109.54,18146.63,0.99612,0,0,0.08792;
custom,killcuboid,bombexplosiontex,200,0,200,1,0.4,0.4,0.6,999999,999999,0,-36228.15,18167.675,0.99612,0,0,0.08792;
custom,killcuboid,bombexplosiontex,200,0,200,1,0.36,0.36,0.64,999999,999999,0,-36346.76,18188.72,0.99612,0,0,0.08792;
custom,killcuboid,bombexplosiontex,200,0,200,1,0.32,0.32,0.68,999999,999999,0,-36465.37,18209.765,0.99612,0,0,0.08792;
custom,killcuboid,bombexplosiontex,200,0,200,1,0.28,0.28,0.72,999999,999999,0,-36583.98,18230.81,0.99612,0,0,0.08792;
custom,killcuboid,bombexplosiontex,200,0,200,1,0.24,0.24,0.76,999999,999999,0,-36702.59,18251.855,0.99612,0,0,0.08792;
custom,killcuboid,bombexplosiontex,200,0,200,1,0.2,0.2,0.8,999999,999999,0,-36821.2,18272.9,0.99612,0,0,0.08792;
custom,killcuboid,bombexplosiontex,200,0,200,1,0.16,0.16,0.84,999999,999999,0,-36939.81,18293.945,0.99612,0,0,0.08792;
custom,killcuboid,bombexplosiontex,200,0,200,1,0.12,0.12,0.88,999999,999999,0,-37058.42,18314.99,0.99612,0,0,0.08792;
custom,killcuboid,bombexplosiontex,200,0,200,1,0.08,0.08,0.92,999999,999999,0,-37177.03,18336.035,0.99612,0,0,0.08792;
custom,killcuboid,bombexplosiontex,200,0,200,1,0.04,0.04,0.96,999999,999999,0,-37295.64,18357.08,0.99612,0,0,0.08792;
custom,killcuboid,bombexplosiontex,200,0,200,1,0,0,1,999999,999999,0,-37414.25,18378.125,0.99612,0,0,0.08792;
custom,killcuboid,bombexplosiontex,200,0,200,1,0.04,0,1,999999,999999,0,-37532.86,18399.17,0.99612,0,0,0.08792;
custom,killcuboid,bombexplosiontex,200,0,200,1,0.08,0,1,999999,999999,0,-37651.47,18420.215,0.99612,0,0,0.08792;
custom,killcuboid,bombexplosiontex,200,0,200,1,0.12,0,1,999999,999999,0,-37770.08,18441.26,0.99612,0,0,0.08792;
custom,killcuboid,bombexplosiontex,200,0,200,1,0.16,0,1,999999,999999,0,-37888.69,18462.305,0.99612,0,0,0.08792;
custom,killcuboid,bombexplosiontex,200,0,200,1,0.2,0,1,999999,999999,0,-38007.3,18483.35,0.99612,0,0,0.08792;
custom,killcuboid,bombexplosiontex,200,0,200,1,0.24,0,1,999999,999999,0,-38125.91,18504.395,0.99612,0,0,0.08792;
custom,killcuboid,bombexplosiontex,200,0,200,1,0.28,0,1,999999,999999,0,-38244.52,18525.44,0.99612,0,0,0.08792;
custom,killcuboid,bombexplosiontex,200,0,200,1,0.32,0,1,999999,999999,0,-38363.13,18546.485,0.99612,0,0,0.08792;
custom,killcuboid,bombexplosiontex,200,0,200,1,0.36,0,1,999999,999999,0,-38481.74,18567.53,0.99612,0,0,0.08792;
custom,killcuboid,bombexplosiontex,200,0,200,1,0.4,0,1,999999,999999,0,-38600.35,18588.575,0.99612,0,0,0.08792;
custom,killcuboid,bombexplosiontex,200,0,200,1,0.44,0,1,999999,999999,0,-38718.96,18609.62,0.99612,0,0,0.08792;
custom,killcuboid,bombexplosiontex,200,0,200,1,0.48,0,1,999999,999999,0,-38837.57,18630.665,0.99612,0,0,0.08792;
custom,killcuboid,bombexplosiontex,200,0,200,1,0.52,0,1,999999,999999,0,-38956.18,18651.71,0.99612,0,0,0.08792;
custom,killcuboid,bombexplosiontex,200,0,200,1,0.56,0,1,999999,999999,0,-39074.79,18672.755,0.99612,0,0,0.08792;
custom,killcuboid,bombexplosiontex,200,0,200,1,0.6,0,1,999999,999999,0,-39193.4,18693.8,0.99612,0,0,0.08792;
custom,killcuboid,bombexplosiontex,200,0,200,1,0.64,0,1,999999,999999,0,-39312.01,18714.845,0.99612,0,0,0.08792;
custom,killcuboid,bombexplosiontex,200,0,200,1,0.68,0,1,999999,999999,0,-39430.62,18735.89,0.99612,0,0,0.08792;
custom,killcuboid,bombexplosiontex,200,0,200,1,0.72,0,1,999999,999999,0,-39549.23,18756.935,0.99612,0,0,0.08792;
custom,killcuboid,bombexplosiontex,200,0,200,1,0.76,0,1,999999,999999,0,-39667.84,18777.98,0.99612,0,0,0.08792;
custom,killcuboid,bombexplosiontex,200,0,200,1,0.8,0,1,999999,999999,0,-39786.45,18799.025,0.99612,0,0,0.08792;
custom,killcuboid,bombexplosiontex,200,0,200,1,0.84,0,1,999999,999999,0,-39905.06,18820.07,0.99612,0,0,0.08792;
custom,killcuboid,bombexplosiontex,200,0,200,1,0.88,0,1,999999,999999,0,-40023.67,18841.115,0.99612,0,0,0.08792;
custom,killcuboid,bombexplosiontex,200,0,200,1,0.92,0,1,999999,999999,0,-40142.28,18862.16,0.99612,0,0,0.08792;
custom,killcuboid,bombexplosiontex,200,0,200,1,0.96,0,1,999999,999999,0,-40260.89,18883.205,0.99612,0,0,0.08792;
custom,killcuboid,bombexplosiontex,200,0,200,1,1,0,1,999999,999999,0,-40379.5,18904.25,0.99612,0,0,0.08792;
custom,killcuboid,bombexplosiontex,200,0,200,1,0.96,0.04,1,999999,999999,0,-40498.11,18925.295,0.99612,0,0,0.08792;
custom,killcuboid,bombexplosiontex,200,0,200,1,0.92,0.08,1,999999,999999,0,-40616.72,18946.34,0.99612,0,0,0.08792;
custom,killcuboid,bombexplosiontex,200,0,200,1,0.88,0.12,1,999999,999999,0,-40735.33,18967.385,0.99612,0,0,0.08792;
custom,killcuboid,bombexplosiontex,200,0,200,1,0.84,0.16,1,999999,999999,0,-40853.94,18988.43,0.99612,0,0,0.08792;
custom,killcuboid,bombexplosiontex,200,0,200,1,0.8,0.2,1,999999,999999,0,-40972.55,19009.475,0.99612,0,0,0.08792;
custom,killcuboid,bombexplosiontex,200,0,200,1,0.76,0.24,1,999999,999999,0,-41091.16,19030.52,0.99612,0,0,0.08792;
custom,killcuboid,bombexplosiontex,200,0,200,1,0.72,0.28,1,999999,999999,0,-41209.77,19051.565,0.99612,0,0,0.08792;
custom,killcuboid,bombexplosiontex,200,0,200,1,0.68,0.32,1,999999,999999,0,-41328.38,19072.61,0.99612,0,0,0.08792;
custom,killcuboid,bombexplosiontex,200,0,200,1,0.64,0.36,1,999999,999999,0,-41446.99,19093.655,0.99612,0,0,0.08792;
custom,killcuboid,bombexplosiontex,200,0,200,1,0.6,0.4,1,999999,999999,0,-41565.6,19114.7,0.99612,0,0,0.08792;
custom,killcuboid,bombexplosiontex,200,0,200,1,0.56,0.44,1,999999,999999,0,-41684.21,19135.745,0.99612,0,0,0.08792;
custom,killcuboid,bombexplosiontex,200,0,200,1,0.52,0.48,1,999999,999999,0,-41802.82,19156.79,0.99612,0,0,0.08792;
custom,killcuboid,bombexplosiontex,200,0,200,1,0.48,0.52,1,999999,999999,0,-41921.43,19177.835,0.99612,0,0,0.08792;
custom,killcuboid,bombexplosiontex,200,0,200,1,0.44,0.56,1,999999,999999,0,-42040.04,19198.88,0.99612,0,0,0.08792;
custom,killcuboid,bombexplosiontex,200,0,200,1,0.4,0.6,1,999999,999999,0,-42158.65,19219.925,0.99612,0,0,0.08792;
custom,killcuboid,bombexplosiontex,200,0,200,1,0.36,0.64,1,999999,999999,0,-42277.26,19240.97,0.99612,0,0,0.08792;
custom,killcuboid,bombexplosiontex,200,0,200,1,0.32,0.68,1,999999,999999,0,-42395.87,19262.015,0.99612,0,0,0.08792;
custom,killcuboid,bombexplosiontex,200,0,200,1,0.28,0.72,1,999999,999999,0,-42514.48,19283.06,0.99612,0,0,0.08792;
custom,killcuboid,bombexplosiontex,200,0,200,1,0.24,0.76,1,999999,999999,0,-42633.09,19304.105,0.99612,0,0,0.08792;
custom,killcuboid,bombexplosiontex,200,0,200,1,0.2,0.8,1,999999,999999,0,-42751.7,19325.15,0.99612,0,0,0.08792;
custom,killcuboid,bombexplosiontex,200,0,200,1,0.16,0.84,1,999999,999999,0,-42870.31,19346.195,0.99612,0,0,0.08792;
custom,killcuboid,bombexplosiontex,200,0,200,1,0.12,0.88,1,999999,999999,0,-42988.92,19367.24,0.99612,0,0,0.08792;
custom,killcuboid,bombexplosiontex,200,0,200,1,0.08,0.92,1,999999,999999,0,-43107.53,19388.285,0.99612,0,0,0.08792;
custom,killcuboid,bombexplosiontex,200,0,200,1,0.04,0.96,1,999999,999999,0,-43226.14,19409.33,0.99612,0,0,0.08792;
custom,killcuboid,bombexplosiontex,200,0,200,1,0,1,1,999999,999999,0,-43344.75,19430.375,0.99612,0,0,0.08792;
custom,killcuboid,bombexplosiontex,200,0,200,1,0.04,0.96,0.96,999999,999999,0,-43463.36,19451.42,0.99612,0,0,0.08792;
custom,killcuboid,bombexplosiontex,200,0,200,1,0.08,0.92,0.92,999999,999999,0,-43581.97,19472.465,0.99612,0,0,0.08792;
custom,killcuboid,bombexplosiontex,200,0,200,1,0.12,0.88,0.88,999999,999999,0,-43700.58,19493.51,0.99612,0,0,0.08792;
custom,killcuboid,bombexplosiontex,200,0,200,1,0.16,0.84,0.84,999999,999999,0,-43819.19,19514.555,0.99612,0,0,0.08792;
custom,killcuboid,bombexplosiontex,200,0,200,1,0.2,0.8,0.8,999999,999999,0,-43937.8,19535.6,0.99612,0,0,0.08792;
custom,killcuboid,bombexplosiontex,200,0,200,1,0.24,0.76,0.76,999999,999999,0,-44056.41,19556.645,0.99612,0,0,0.08792;
custom,killcuboid,bombexplosiontex,200,0,200,1,0.28,0.72,0.72,999999,999999,0,-44175.02,19577.69,0.99612,0,0,0.08792;
custom,killcuboid,bombexplosiontex,200,0,200,1,0.32,0.68,0.68,999999,999999,0,-44293.63,19598.735,0.99612,0,0,0.08792;
custom,killcuboid,bombexplosiontex,200,0,200,1,0.36,0.64,0.64,999999,999999,0,-44412.24,19619.78,0.99612,0,0,0.08792;
custom,killcuboid,bombexplosiontex,200,0,200,1,0.4,0.6,0.6,999999,999999,0,-44530.85,19640.825,0.99612,0,0,0.08792;
custom,killcuboid,bombexplosiontex,200,0,200,1,0.44,0.56,0.56,999999,999999,0,-44649.46,19661.87,0.99612,0,0,0.08792;
custom,killcuboid,bombexplosiontex,200,0,200,1,0.48,0.52,0.52,999999,999999,0,-44768.07,19682.915,0.99612,0,0,0.08792;
custom,killcuboid,bombexplosiontex,200,0,200,1,0.52,0.48,0.48,999999,999999,0,-44886.68,19703.96,0.99612,0,0,0.08792;
custom,killcuboid,bombexplosiontex,200,0,200,1,0.56,0.44,0.44,999999,999999,0,-45005.29,19725.005,0.99612,0,0,0.08792;
custom,killcuboid,bombexplosiontex,200,0,200,1,0.6,0.4,0.4,999999,999999,0,-45123.9,19746.05,0.99612,0,0,0.08792;
custom,killcuboid,bombexplosiontex,200,0,200,1,0.64,0.36,0.36,999999,999999,0,-45242.51,19767.095,0.99612,0,0,0.08792;
custom,killcuboid,bombexplosiontex,200,0,200,1,0.68,0.32,0.32,999999,999999,0,-45361.12,19788.14,0.99612,0,0,0.08792;
custom,killcuboid,bombexplosiontex,200,0,200,1,0.72,0.28,0.28,999999,999999,0,-45479.73,19809.185,0.99612,0,0,0.08792;
custom,killcuboid,bombexplosiontex,200,0,200,1,0.76,0.24,0.24,999999,999999,0,-45598.34,19830.23,0.99612,0,0,0.08792;
custom,killcuboid,bombexplosiontex,200,0,200,1,0.8,0.2,0.2,999999,999999,0,-45716.95,19851.275,0.99612,0,0,0.08792;
custom,killcuboid,bombexplosiontex,200,0,200,1,0.84,0.16,0.16,999999,999999,0,-45835.56,19872.32,0.99612,0,0,0.08792;
custom,killcuboid,bombexplosiontex,200,0,200,1,0.88,0.12,0.12,999999,999999,0,-45954.17,19893.365,0.99612,0,0,0.08792;
custom,killcuboid,bombexplosiontex,200,0,200,1,0.92,0.08,0.08,999999,999999,0,-46072.78,19914.41,0.99612,0,0,0.08792;
custom,killcuboid,bombexplosiontex,200,0,200,1,0.96,0.04,0.04,999999,999999,0,-46191.39,19935.455,0.99612,0,0,0.08792;
custom,killcuboid,bombexplosiontex,200,0,200,1,1,0,0,999999,999999,0,-46310,19956.5,0.99612,0,0,0.08792;
custom,killcuboid,bombexplosiontex,200,0,200,1,0.96,0.04,0,999999,999999,0,-46428.61,19977.545,0.99612,0,0,0.08792;
custom,killcuboid,bombexplosiontex,200,0,200,1,0.92,0.08,0,999999,999999,0,-46547.22,19998.59,0.99612,0,0,0.08792;
custom,killcuboid,bombexplosiontex,200,0,200,1,0.88,0.12,0,999999,999999,0,-46665.83,20019.635,0.99612,0,0,0.08792;
custom,killcuboid,bombexplosiontex,200,0,200,1,0.84,0.16,0,999999,999999,0,-46784.44,20040.68,0.99612,0,0,0.08792;
custom,killcuboid,bombexplosiontex,200,0,200,1,0.8,0.2,0,999999,999999,0,-46903.05,20061.725,0.99612,0,0,0.08792;
custom,killcuboid,bombexplosiontex,200,0,200,1,0.76,0.24,0,999999,999999,0,-47021.66,20082.77,0.99612,0,0,0.08792;
custom,killcuboid,bombexplosiontex,200,0,200,1,0.72,0.28,0,999999,999999,0,-47140.27,20103.815,0.99612,0,0,0.08792;
custom,killcuboid,bombexplosiontex,200,0,200,1,0.68,0.32,0,999999,999999,0,-47258.88,20124.86,0.99612,0,0,0.08792;
custom,killcuboid,bombexplosiontex,200,0,200,1,0.64,0.36,0,999999,999999,0,-47377.49,20145.905,0.99612,0,0,0.08792;
custom,killcuboid,bombexplosiontex,200,0,200,1,0.6,0.4,0,999999,999999,0,-47496.1,20166.95,0.99612,0,0,0.08792;
custom,killcuboid,bombexplosiontex,200,0,200,1,0.56,0.44,0,999999,999999,0,-47614.71,20187.995,0.99612,0,0,0.08792;
custom,killcuboid,bombexplosiontex,200,0,200,1,0.52,0.48,0,999999,999999,0,-47733.32,20209.04,0.99612,0,0,0.08792;
custom,killcuboid,bombexplosiontex,200,0,200,1,0.48,0.52,0,999999,999999,0,-47851.93,20230.085,0.99612,0,0,0.08792;
custom,killcuboid,bombexplosiontex,200,0,200,1,0.44,0.56,0,999999,999999,0,-47970.54,20251.13,0.99612,0,0,0.08792;
custom,killcuboid,bombexplosiontex,200,0,200,1,0.4,0.6,0,999999,999999,0,-48089.15,20272.175,0.99612,0,0,0.08792;
custom,killcuboid,bombexplosiontex,200,0,200,1,0.36,0.64,0,999999,999999,0,-48207.76,20293.22,0.99612,0,0,0.08792;
custom,killcuboid,bombexplosiontex,200,0,200,1,0.32,0.68,0,999999,999999,0,-48326.37,20314.265,0.99612,0,0,0.08792;
custom,killcuboid,bombexplosiontex,200,0,200,1,0.28,0.72,0,999999,999999,0,-48444.98,20335.31,0.99612,0,0,0.08792;
custom,killcuboid,bombexplosiontex,200,0,200,1,0.24,0.76,0,999999,999999,0,-48563.59,20356.355,0.99612,0,0,0.08792;
custom,killcuboid,bombexplosiontex,200,0,200,1,0.2,0.8,0,999999,999999,0,-48682.2,20377.4,0.99612,0,0,0.08792;
custom,killcuboid,bombexplosiontex,200,0,200,1,0.16,0.84,0,999999,999999,0,-48800.81,20398.445,0.99612,0,0,0.08792;
custom,killcuboid,bombexplosiontex,200,0,200,1,0.12,0.88,0,999999,999999,0,-48919.42,20419.49,0.99612,0,0,0.08792;
custom,killcuboid,bombexplosiontex,200,0,200,1,0.08,0.92,0,999999,999999,0,-49038.03,20440.535,0.99612,0,0,0.08792;
custom,killcuboid,bombexplosiontex,200,0,200,1,0.04,0.96,0,999999,999999,0,-49156.64,20461.58,0.99612,0,0,0.08792;
custom,killcuboid,bombexplosiontex,200,0,200,1,0,1,0,999999,999999,0,-49275.25,20482.625,0.99612,0,0,0.08792;
custom,killcuboid,bombexplosiontex,200,0,200,1,0.04,0.96,0.04,999999,999999,0,-49393.86,20503.67,0.99612,0,0,0.08792;
custom,killcuboid,bombexplosiontex,200,0,200,1,0.08,0.92,0.08,999999,999999,0,-49512.47,20524.715,0.99612,0,0,0.08792;
custom,killcuboid,bombexplosiontex,200,0,200,1,0.12,0.88,0.12,999999,999999,0,-49631.08,20545.76,0.99612,0,0,0.08792;
custom,killcuboid,bombexplosiontex,200,0,200,1,0.16,0.84,0.16,999999,999999,0,-49749.69,20566.805,0.99612,0,0,0.08792;
custom,killcuboid,bombexplosiontex,200,0,200,1,0.2,0.8,0.2,999999,999999,0,-49868.3,20587.85,0.99612,0,0,0.08792;
custom,killcuboid,bombexplosiontex,200,0,200,1,0.24,0.76,0.24,999999,999999,0,-49986.91,20608.895,0.99612,0,0,0.08792;
custom,killcuboid,bombexplosiontex,200,0,200,1,0.28,0.72,0.28,999999,999999,0,-50105.52,20629.94,0.99612,0,0,0.08792;
custom,killcuboid,bombexplosiontex,200,0,200,1,0.32,0.68,0.32,999999,999999,0,-50224.13,20650.985,0.99612,0,0,0.08792;
custom,killcuboid,bombexplosiontex,200,0,200,1,0.36,0.64,0.36,999999,999999,0,-50342.74,20672.03,0.99612,0,0,0.08792;
custom,killcuboid,bombexplosiontex,200,0,200,1,0.4,0.6,0.4,999999,999999,0,-50461.35,20693.075,0.99612,0,0,0.08792;
custom,killcuboid,bombexplosiontex,200,0,200,1,0.44,0.56,0.44,999999,999999,0,-50579.96,20714.12,0.99612,0,0,0.08792;
custom,killcuboid,bombexplosiontex,200,0,200,1,0.48,0.52,0.48,999999,999999,0,-50698.57,20735.165,0.99612,0,0,0.08792;
custom,killcuboid,bombexplosiontex,200,0,200,1,0.52,0.48,0.52,999999,999999,0,-50817.18,20756.21,0.99612,0,0,0.08792;
custom,killcuboid,bombexplosiontex,200,0,200,1,0.56,0.44,0.56,999999,999999,0,-50935.79,20777.255,0.99612,0,0,0.08792;
custom,killcuboid,bombexplosiontex,200,0,200,1,0.6,0.4,0.6,999999,999999,0,-51054.4,20798.3,0.99612,0,0,0.08792;
custom,killcuboid,bombexplosiontex,200,0,200,1,0.64,0.36,0.64,999999,999999,0,-51173.01,20819.345,0.99612,0,0,0.08792;
custom,killcuboid,bombexplosiontex,200,0,200,1,0.68,0.32,0.68,999999,999999,0,-51291.62,20840.39,0.99612,0,0,0.08792;
custom,killcuboid,bombexplosiontex,200,0,200,1,0.72,0.28,0.72,999999,999999,0,-51410.23,20861.435,0.99612,0,0,0.08792;
custom,killcuboid,bombexplosiontex,200,0,200,1,0.76,0.24,0.76,999999,999999,0,-51528.84,20882.48,0.99612,0,0,0.08792;
custom,killcuboid,bombexplosiontex,200,0,200,1,0.8,0.2,0.8,999999,999999,0,-51647.45,20903.525,0.99612,0,0,0.08792;
custom,killcuboid,bombexplosiontex,200,0,200,1,0.84,0.16,0.84,999999,999999,0,-51766.06,20924.57,0.99612,0,0,0.08792;
custom,killcuboid,bombexplosiontex,200,0,200,1,0.88,0.12,0.88,999999,999999,0,-51884.67,20945.615,0.99612,0,0,0.08792;
custom,killcuboid,bombexplosiontex,200,0,200,1,0.92,0.08,0.92,999999,999999,0,-52003.28,20966.66,0.99612,0,0,0.08792;
custom,killcuboid,bombexplosiontex,200,0,200,1,0.96,0.04,0.96,999999,999999,0,-52121.89,20987.705,0.99612,0,0,0.08792;
custom,killcuboid,bombexplosiontex,200,0,200,1,1,0,1,999999,999999,0,-52240.5,21008.75,0.99612,0,0,0.08792;
custom,killcuboid,bombexplosiontex,200,0,200,1,0.96,0.04,1,999999,999999,0,-52359.11,21029.795,0.99612,0,0,0.08792;
custom,killcuboid,bombexplosiontex,200,0,200,1,0.92,0.08,1,999999,999999,0,-52477.72,21050.84,0.99612,0,0,0.08792;
custom,killcuboid,bombexplosiontex,200,0,200,1,0.88,0.12,1,999999,999999,0,-52596.33,21071.885,0.99612,0,0,0.08792;
custom,killcuboid,bombexplosiontex,200,0,200,1,0.84,0.16,1,999999,999999,0,-52714.94,21092.93,0.99612,0,0,0.08792;
custom,killcuboid,bombexplosiontex,200,0,200,1,0.8,0.2,1,999999,999999,0,-52833.55,21113.975,0.99612,0,0,0.08792;
custom,killcuboid,bombexplosiontex,200,0,200,1,0.76,0.24,1,999999,999999,0,-52952.16,21135.02,0.99612,0,0,0.08792;
custom,killcuboid,bombexplosiontex,200,0,200,1,0.72,0.28,1,999999,999999,0,-53070.77,21156.065,0.99612,0,0,0.08792;
custom,killcuboid,bombexplosiontex,200,0,200,1,0.68,0.32,1,999999,999999,0,-53189.38,21177.11,0.99612,0,0,0.08792;
custom,killcuboid,bombexplosiontex,200,0,200,1,0.64,0.36,1,999999,999999,0,-53307.99,21198.155,0.99612,0,0,0.08792;
custom,killcuboid,bombexplosiontex,200,0,200,1,0.6,0.4,1,999999,999999,0,-53426.6,21219.2,0.99612,0,0,0.08792;
custom,killcuboid,bombexplosiontex,200,0,200,1,0.56,0.44,1,999999,999999,0,-53545.21,21240.245,0.99612,0,0,0.08792;
custom,killcuboid,bombexplosiontex,200,0,200,1,0.52,0.48,1,999999,999999,0,-53663.82,21261.29,0.99612,0,0,0.08792;
custom,killcuboid,bombexplosiontex,200,0,200,1,0.48,0.52,1,999999,999999,0,-53782.43,21282.335,0.99612,0,0,0.08792;
custom,killcuboid,bombexplosiontex,200,0,200,1,0.44,0.56,1,999999,999999,0,-53901.04,21303.38,0.99612,0,0,0.08792;
custom,killcuboid,bombexplosiontex,200,0,200,1,0.4,0.6,1,999999,999999,0,-54019.65,21324.425,0.99612,0,0,0.08792;
custom,killcuboid,bombexplosiontex,200,0,200,1,0.36,0.64,1,999999,999999,0,-54138.26,21345.47,0.99612,0,0,0.08792;
custom,killcuboid,bombexplosiontex,200,0,200,1,0.32,0.68,1,999999,999999,0,-54256.87,21366.515,0.99612,0,0,0.08792;
custom,killcuboid,bombexplosiontex,200,0,200,1,0.28,0.72,1,999999,999999,0,-54375.48,21387.56,0.99612,0,0,0.08792;
custom,killcuboid,bombexplosiontex,200,0,200,1,0.24,0.76,1,999999,999999,0,-54494.09,21408.605,0.99612,0,0,0.08792;
custom,killcuboid,bombexplosiontex,200,0,200,1,0.2,0.8,1,999999,999999,0,-54612.7,21429.65,0.99612,0,0,0.08792;
custom,killcuboid,bombexplosiontex,200,0,200,1,0.16,0.84,1,999999,999999,0,-54731.31,21450.695,0.99612,0,0,0.08792;
custom,killcuboid,bombexplosiontex,200,0,200,1,0.12,0.88,1,999999,999999,0,-54849.92,21471.74,0.99612,0,0,0.08792;
custom,killcuboid,bombexplosiontex,200,0,200,1,0.08,0.92,1,999999,999999,0,-54968.53,21492.785,0.99612,0,0,0.08792;
custom,killcuboid,bombexplosiontex,200,0,200,1,0.04,0.96,1,999999,999999,0,-55087.14,21513.83,0.99612,0,0,0.08792;
custom,killcuboid,bombexplosiontex,200,0,200,1,0,1,1,999999,999999,0,-55205.75,21534.875,0.99612,0,0,0.08792;
custom,killcuboid,bombexplosiontex,200,0,200,1,0,0.96,1,999999,999999,0,-55324.36,21555.92,0.99612,0,0,0.08792;
custom,killcuboid,bombexplosiontex,200,0,200,1,0,0.92,1,999999,999999,0,-55442.97,21576.965,0.99612,0,0,0.08792;
custom,killcuboid,bombexplosiontex,200,0,200,1,0,0.88,1,999999,999999,0,-55561.58,21598.01,0.99612,0,0,0.08792;
custom,killcuboid,bombexplosiontex,200,0,200,1,0,0.8400000001,1,999999,999999,0,-55680.19,21619.055,0.99612,0,0,0.08792;
custom,killcuboid,bombexplosiontex,200,0,200,1,0,0.8000000001,1,999999,999999,0,-55798.8,21640.1,0.99612,0,0,0.08792;
custom,killcuboid,bombexplosiontex,200,0,200,1,0,0.7600000001,1,999999,999999,0,-55917.41,21661.145,0.99612,0,0,0.08792;
custom,killcuboid,bombexplosiontex,200,0,200,1,0,0.7200000001,1,999999,999999,0,-56036.02,21682.19,0.99612,0,0,0.08792;
custom,killcuboid,bombexplosiontex,200,0,200,1,0,0.6800000002,1,999999,999999,0,-56154.63,21703.235,0.99612,0,0,0.08792;
custom,killcuboid,bombexplosiontex,200,0,200,1,0,0.6400000002,1,999999,999999,0,-56273.24,21724.28,0.99612,0,0,0.08792;
custom,killcuboid,bombexplosiontex,200,0,200,1,0,0.6000000002,1,999999,999999,0,-56391.85,21745.325,0.99612,0,0,0.08792;
custom,killcuboid,bombexplosiontex,200,0,200,1,0,0.5600000002,1,999999,999999,0,-56510.46,21766.37,0.99612,0,0,0.08792;
custom,killcuboid,bombexplosiontex,200,0,200,1,0,0.5200000002,1,999999,999999,0,-56629.07,21787.415,0.99612,0,0,0.08792;
custom,killcuboid,bombexplosiontex,200,0,200,1,0,0.4800000003,1,999999,999999,0,-56747.68,21808.46,0.99612,0,0,0.08792;
custom,killcuboid,bombexplosiontex,200,0,200,1,0,0.4400000003,1,999999,999999,0,-56866.29,21829.505,0.99612,0,0,0.08792;
custom,killcuboid,bombexplosiontex,200,0,200,1,0,0.4000000003,1,999999,999999,0,-56984.9,21850.55,0.99612,0,0,0.08792;
custom,killcuboid,bombexplosiontex,200,0,200,1,0,0.3600000003,1,999999,999999,0,-57103.51,21871.595,0.99612,0,0,0.08792;
custom,killcuboid,bombexplosiontex,200,0,200,1,0,0.3200000003,1,999999,999999,0,-57222.12,21892.64,0.99612,0,0,0.08792;
custom,killcuboid,bombexplosiontex,200,0,200,1,0,0.2800000004,1,999999,999999,0,-57340.73,21913.685,0.99612,0,0,0.08792;
custom,killcuboid,bombexplosiontex,200,0,200,1,0,0.2400000004,1,999999,999999,0,-57459.34,21934.73,0.99612,0,0,0.08792;
custom,killcuboid,bombexplosiontex,200,0,200,1,0,0.2000000004,1,999999,999999,0,-57577.95,21955.775,0.99612,0,0,0.08792;
custom,killcuboid,bombexplosiontex,200,0,200,1,0,0.1600000004,1,999999,999999,0,-57696.56,21976.82,0.99612,0,0,0.08792;
custom,killcuboid,bombexplosiontex,200,0,200,1,0,0.1200000005,1,999999,999999,0,-57815.17,21997.865,0.99612,0,0,0.08792;
custom,killcuboid,bombexplosiontex,200,0,200,1,0,0.08000000048,1,999999,999999,0,-57933.78,22018.91,0.99612,0,0,0.08792;
custom,killcuboid,bombexplosiontex,200,0,200,1,0,0.0400000005,1,999999,999999,0,-58052.39,22039.955,0.99612,0,0,0.08792;
custom,killcuboid,bombexplosiontex,200,0,200,1,0,0,1,999999,999999,0,-58171,22061,0.99612,0,0,0.08792;
custom,killcuboid,bombexplosiontex,200,0,200,1,0.04,0.04,1,999999,999999,0,-58289.61,22082.045,0.99612,0,0,0.08792;
custom,killcuboid,bombexplosiontex,200,0,200,1,0.08,0.08,1,999999,999999,0,-58408.22,22103.09,0.99612,0,0,0.08792;
custom,killcuboid,bombexplosiontex,200,0,200,1,0.12,0.12,1,999999,999999,0,-58526.83,22124.135,0.99612,0,0,0.08792;
custom,killcuboid,bombexplosiontex,200,0,200,1,0.16,0.16,1,999999,999999,0,-58645.44,22145.18,0.99612,0,0,0.08792;
custom,killcuboid,bombexplosiontex,200,0,200,1,0.2,0.2,1,999999,999999,0,-58764.05,22166.225,0.99612,0,0,0.08792;
custom,killcuboid,bombexplosiontex,200,0,200,1,0.24,0.24,1,999999,999999,0,-58882.66,22187.27,0.99612,0,0,0.08792;
custom,killcuboid,bombexplosiontex,200,0,200,1,0.28,0.28,1,999999,999999,0,-59001.27,22208.315,0.99612,0,0,0.08792;
custom,killcuboid,bombexplosiontex,200,0,200,1,0.32,0.32,1,999999,999999,0,-59119.88,22229.36,0.99612,0,0,0.08792;
custom,killcuboid,bombexplosiontex,200,0,200,1,0.36,0.36,1,999999,999999,0,-59238.49,22250.405,0.99612,0,0,0.08792;
custom,killcuboid,bombexplosiontex,200,0,200,1,0.4,0.4,1,999999,999999,0,-59357.1,22271.45,0.99612,0,0,0.08792;
custom,killcuboid,bombexplosiontex,200,0,200,1,0.44,0.44,1,999999,999999,0,-59475.71,22292.495,0.99612,0,0,0.08792;
custom,killcuboid,bombexplosiontex,200,0,200,1,0.48,0.48,1,999999,999999,0,-59594.32,22313.54,0.99612,0,0,0.08792;
custom,killcuboid,bombexplosiontex,200,0,200,1,0.52,0.52,1,999999,999999,0,-59712.93,22334.585,0.99612,0,0,0.08792;
custom,killcuboid,bombexplosiontex,200,0,200,1,0.56,0.56,1,999999,999999,0,-59831.54,22355.63,0.99612,0,0,0.08792;
custom,killcuboid,bombexplosiontex,200,0,200,1,0.6,0.6,1,999999,999999,0,-59950.15,22376.675,0.99612,0,0,0.08792;

custom,killcylinder,empty,10,0,10,1,0,0,0,1,1,0,11692,4099,0.9630053898,0,0,0.2694821314;

custom,tube,metal4,0.8333333333,76.53231485,0.8333333333,1,1,0,0,7.653231485,0.083,0,11456.5,4242,0.9630053898,0,0,0.2694821314;
custom,tube,metal4,0.8333333333,77.30024536,0.8333333333,1,0.9,0.1,0.1,7.730024536,0.083,0,10980.5,4525,0.9654622508,0,0,0.2605429758;
custom,tube,metal4,0.8333333333,79.90216336,0.8333333333,1,0.8,0.2,0.2,7.990216336,0.083,0,10489,4805.5,0.9676246495,0,0,0.2523936165;
custom,tube,metal4,0.8333333333,82.214949,0.8333333333,1,0.7,0.3,0.3,8.2214949,0.083,0,9977.5,5086.5,0.969573469,0,0,0.244800507;
custom,tube,metal4,0.8333333333,84.72950788,0.8333333333,1,0.6,0.4,0.4,8.472950788,0.083,0,9446,5367,0.9717119399,0,0,0.2361692313;
custom,tube,metal4,0.8333333333,87.2068502,0.8333333333,1,0.5,0.5,0.5,8.72068502,0.083,0,8894.5,5648,0.9730029719,0,0,0.2307925836;
custom,tube,metal4,0.8333333333,89.64145401,0.8333333333,1,0.4,0.6,0.6,8.964145401,0.083,0,8323,5928.5,0.9751257719,0,0,0.2216522704;
custom,tube,metal4,0.8333333333,92.14542485,0.8333333333,1,0.3,0.7,0.7,9.214542485,0.083,0,7731.5,6208.5,0.9761851368,0,0,0.216939113;
custom,tube,metal4,0.8333333333,94.61188181,0.8333333333,1,0.2,0.8,0.8,9.461188181,0.083,0,7120.5,6489,0.9776551323,0,0,0.2102152285;
custom,tube,metal4,0.8333333333,97.33376538,0.8333333333,1,0.1,0.9,0.9,9.733376538,0.083,0,6489,6769.5,0.9787981978,0,0,0.2048269708;


custom,killcylinder,bombexplosiontex,1,0,1,1,0,0,0,1,1,0,11692,4099,0.9630053898,0,0,0.2694821314;












custom,killcylinder,bombexplosiontex,1,0,1,1,0,0,0,1,1,0,6168,6910,0.9787981978,0,0,0.2048269708;

racing,killcuboid,75,20,75,500.5,5837.5,7050.5,0.9798707377,0,0,0.199633007;
racing,killcuboid,80,20,80,500.5,5166,7331,0.9810889061,0,0,0.1935576354;
racing,killcuboid,85,20,85,500.5,4474.5,7611.5,0.9818865729,0,0,0.1894696756;
racing,killcuboid,90,20,90,500.5,3763,7892,0.9829403699,0,0,0.1839245206;
racing,killcuboid,95,20,95,500.5,3039,8169.5,0.9836563031,0,0,0.1800563172;
racing,killcuboid,100,20,100,500.5,2287.5,8450,0.9844912845,0,0,0.175433494;
racing,killcuboid,100,20,100,500.5,1508.5,8733.5,0.9851265987,0,0,0.1718301037;
racing,killcuboid,100,20,100,500.5,717,9014.5,0.9858367588,0,0,0.1677077369;
racing,killcuboid,100,20,100,500.5,-94,9295,0.9864962889,0,0,0.1637836132;
racing,killcuboid,100,20,100,500.5,-925,9575.5,0.9870589093,0,0,0.1603580665;

racing,killcuboid,75,20,75,-500.5,5837.5,7050.5,0.9798707377,0,0,0.199633007;
racing,killcuboid,80,20,80,-500.5,5166,7331,0.9810889061,0,0,0.1935576354;
racing,killcuboid,85,20,85,-500.5,4474.5,7611.5,0.9818865729,0,0,0.1894696756;
racing,killcuboid,90,20,90,-500.5,3763,7892,0.9829403699,0,0,0.1839245206;
racing,killcuboid,95,20,95,-500.5,3039,8169.5,0.9836563031,0,0,0.1800563172;
racing,killcuboid,100,20,100,-500.5,2287.5,8450,0.9844912845,0,0,0.175433494;
racing,killcuboid,100,20,100,-500.5,1508.5,8733.5,0.9851265987,0,0,0.1718301037;
racing,killcuboid,100,20,100,-500.5,717,9014.5,0.9858367588,0,0,0.1677077369;
racing,killcuboid,100,20,100,-500.5,-94,9295,0.9864962889,0,0,0.1637836132;
racing,killcuboid,100,20,100,-500.5,-925,9575.5,0.9870589093,0,0,0.1603580665;


custom,cuboid,metal4,74.9,19.9,74.9,1,0,1,1,0.749,0.749,500.5,5837.5,7050.5,0.9798707377,0,0,0.199633007;
custom,cuboid,metal4,79.9,19.9,79.9,1,0,0.9,0.9,0.799,0.799,500.5,5166,7331,0.9810889061,0,0,0.1935576354;
custom,cuboid,metal4,84.9,19.9,84.9,1,0,0.8,0.8,0.849,0.849,500.5,4474.5,7611.5,0.9818865729,0,0,0.1894696756;
custom,cuboid,metal4,89.9,19.9,89.9,1,0,0.7,0.7,0.899,0.899,500.5,3763,7892,0.9829403699,0,0,0.1839245206;
custom,cuboid,metal4,94.9,19.9,94.9,1,0,0.6,0.6,0.949,0.949,500.5,3039,8169.5,0.9836563031,0,0,0.1800563172;
custom,cuboid,metal4,99.9,19.9,99.9,1,0,0.5,0.5,0.999,0.999,500.5,2287.5,8450,0.9844912845,0,0,0.175433494;
custom,cuboid,metal4,99.9,19.9,99.9,1,0,0.4,0.4,0.999,0.999,500.5,1508.5,8733.5,0.9851265987,0,0,0.1718301037;
custom,cuboid,metal4,99.9,19.9,99.9,1,0,0.3,0.3,0.999,0.999,500.5,717,9014.5,0.9858367588,0,0,0.1677077369;
custom,cuboid,metal4,99.9,19.9,99.9,1,0,0.2,0.2,0.999,0.999,500.5,-94,9295,0.9864962889,0,0,0.1637836132;
custom,cuboid,metal4,99.9,19.9,99.9,1,0,0.1,0.1,0.999,0.999,500.5,-925,9575.5,0.9870589093,0,0,0.1603580665;

custom,cuboid,metal4,74.9,19.9,74.9,1,0,1,1,0.749,0.749,-500.5,5837.5,7050.5,0.9798707377,0,0,0.199633007;
custom,cuboid,metal4,79.9,19.9,79.9,1,0,0.9,0.9,0.799,0.799,-500.5,5166,7331,0.9810889061,0,0,0.1935576354;
custom,cuboid,metal4,84.9,19.9,84.9,1,0,0.8,0.8,0.849,0.849,-500.5,4474.5,7611.5,0.9818865729,0,0,0.1894696756;
custom,cuboid,metal4,89.9,19.9,89.9,1,0,0.7,0.7,0.899,0.899,-500.5,3763,7892,0.9829403699,0,0,0.1839245206;
custom,cuboid,metal4,94.9,19.9,94.9,1,0,0.6,0.6,0.949,0.949,-500.5,3039,8169.5,0.9836563031,0,0,0.1800563172;
custom,cuboid,metal4,99.9,19.9,99.9,1,0,0.5,0.5,0.999,0.999,-500.5,2287.5,8450,0.9844912845,0,0,0.175433494;
custom,cuboid,metal4,99.9,19.9,99.9,1,0,0.4,0.4,0.999,0.999,-500.5,1508.5,8733.5,0.9851265987,0,0,0.1718301037;
custom,cuboid,metal4,99.9,19.9,99.9,1,0,0.3,0.3,0.999,0.999,-500.5,717,9014.5,0.9858367588,0,0,0.1677077369;
custom,cuboid,metal4,99.9,19.9,99.9,1,0,0.2,0.2,0.999,0.999,-500.5,-94,9295,0.9864962889,0,0,0.1637836132;
custom,cuboid,metal4,99.9,19.9,99.9,1,0,0.1,0.1,0.999,0.999,-500.5,-925,9575.5,0.9870589093,0,0,0.1603580665;


custom,tube,stone7,33.33333333,99.75684172,33.33333333,1,0,0,0,0.9975684172,0.3333333333,0,5837.5,7050.5,0.9798707377,0,0,0.199633007;
custom,tube,stone7,33.33333333,102.3945558,33.33333333,1,0.1,0.1,0.1,1.023945558,0.3333333333,0,5166,7331,0.9810889061,0,0,0.1935576354;
custom,tube,stone7,33.33333333,104.8921036,33.33333333,1,0.2,0.2,0.2,1.048921036,0.3333333333,0,4474.5,7611.5,0.9818865729,0,0,0.1894696756;
custom,tube,stone7,33.33333333,107.5545368,33.33333333,1,0.3,0.3,0.3,1.075545368,0.3333333333,0,3763,7892,0.9829403699,0,0,0.1839245206;
custom,tube,stone7,33.33333333,107.8247499,33.33333333,1,0.4,0.4,0.4,1.078247499,0.3333333333,0,3039,8169.5,0.9836563031,0,0,0.1800563172;
custom,tube,stone7,33.33333333,114.9950516,33.33333333,1,0.5,0.5,0.5,1.149950516,0.3333333333,0,2287.5,8450,0.9844912845,0,0,0.175433494;
custom,tube,stone7,33.33333333,115.2796185,33.33333333,1,0.6,0.6,0.6,1.152796185,0.3333333333,0,1508.5,8733.5,0.9851265987,0,0,0.1718301037;
custom,tube,stone7,33.33333333,118.0281831,33.33333333,1,0.7,0.7,0.7,1.180281831,0.3333333333,0,717,9014.5,0.9858367588,0,0,0.1677077369;
custom,tube,stone7,33.33333333,120.345439,33.33333333,1,0.8,0.8,0.8,1.20345439,0.3333333333,0,-94,9295,0.9864962889,0,0,0.1637836132;
custom,tube,stone7,33.33333333,123.284916,33.33333333,1,0.9,0.9,0.9,1.23284916,0.3333333333,0,-925,9575.5,0.9870589093,0,0,0.1603580665;





















































































































































































































































































































































































































































































































































































































































































































































































































