//Unfinished, to be used in map creation
map,disablebounds;
custom,cuboid,grass4,50,1,114,0,1,1,1,8.0,12.0,0,-4,330,0,0,0,0;
custom,cuboid,stone3,500,1,400,0,1,1,1,32.0,32.0,0,-4.5,0,0,0,0,0;
spawnpoint,playerC,0,90,0,0,0,0,0;
spawnpoint,playerM,0,90,0,0,0,0,0;
spawnpoint,titan,0,1.5,100,0,0,0,0;
customb,house1,default,1,2,2,0,1,1,1,1.0,1.0,-5,32.5,0,0,1,0,1;
custom,cuboid,brick1,13,10,20,1,0.5,0.5,0.5,1.0,1.0,0,39.9,-97.2,0,0,0,0;
custom,tower1,default,2,1.5,34,0,1,1,1,1.0,1.0,70,50,-157.5,0,0,0,0;
custom,tower1,default,2,1.5,34,0,1,1,1,1.0,1.0,-70,50,-157.5,0,0,0,0;
custom,tower1,default,20,1.5,2,0,1,1,1,1.0,1.0,0,50,-197.5,0,0,0,0;
custom,tree2,default,1,1,1,0,1,1,1,1.0,1.0,70,67.5,100,0,0,0,0;
custom,tree2,default,0.75,0.75,0.75,0,1,1,1,1.0,1.0,70,50,150,0,1,0,1;
custom,tree2,default,1,1,1,0,1,1,1,1.0,1.0,70,67.5,200,0,0,0,0;
custom,tree2,default,0.75,0.75,0.75,0,1,1,1,1.0,1.0,70,50,250,0,1,0,1;
custom,tree2,default,1,1,1,0,1,1,1,1.0,1.0,70,67.5,300,0,0,0,0;
custom,tree2,default,0.75,0.75,0.75,0,1,1,1,1.0,1.0,70,50,350,0,1,0,1;
custom,tree2,default,1,1,1,0,1,1,1,1.0,1.0,70,67.5,400,0,0,0,0;
custom,tree2,default,0.75,0.75,0.75,0,1,1,1,1.0,1.0,70,50,450,0,1,0,1;
custom,tree2,default,-1,1,1,0,1,1,1,1.0,1.0,-70,67.5,100,0,0,0,0;
custom,tree2,default,-0.75,0.75,0.75,0,1,1,1,1.0,1.0,-70,50,150,0,1,0,1;
custom,tree2,default,-1,1,1,0,1,1,1,1.0,1.0,-70,67.5,200,0,0,0,0;
custom,tree2,default,-0.75,0.75,0.75,0,1,1,1,1.0,1.0,-70,50,250,0,1,0,1;
custom,tree2,default,-1,1,1,0,1,1,1,1.0,1.0,-70,67.5,300,0,0,0,0;
custom,tree2,default,-0.75,0.75,0.75,0,1,1,1,1.0,1.0,-70,50,350,0,1,0,1;
custom,tree2,default,-1,1,1,0,1,1,1,1.0,1.0,-70,67.5,400,0,0,0,0;
custom,tree2,default,-0.75,0.75,0.75,0,1,1,1,1.0,1.0,-70,50,450,0,1,0,1;
custom,tree2,default,1,1.5,1,0,1,1,1,1.0,1.0,0,100,535,0,0,0,0;
custom,tree2,default,-1,1.5,1,0,1,1,1,1.0,1.0,0,100,535,0,0,0,0;
custom,tree2,default,-0.75,0.75,-0.75,0,1,1,1,1.0,1.0,-70,50,620,0,1,0,1;
custom,tree2,default,0.75,0.75,-0.75,0,1,1,1,1.0,1.0,70,50,620,0,1,0,1;
custom,tree2,default,-0.75,0.75,0.75,0,1,1,1,1.0,1.0,-100,50,535,0,1,0,0.414;
custom,tree2,default,0.75,0.75,0.75,0,1,1,1,1.0,1.0,100,50,535,0,1,0,-0.414;
custom,tree2,default,0.75,0.75,0.75,0,1,1,1,1.0,1.0,0,50,650,0,0,0,0;
custom,tree2,default,-0.75,0.75,0.75,0,1,1,1,1.0,1.0,0,50,650,0,0,0,0;
custom,tree2,default,1.5,1.5,1.5,0,1,1,1,1.0,1.0,145,100,25,0,1,0,-1;
custom,tree2,default,1.5,1.5,1.5,0,1,1,1,1.0,1.0,145,100,75,0,1,0,1;
custom,tree2,default,1.5,1.5,1.5,0,1,1,1,1.0,1.0,145,100,125,0,1,0,-1;
custom,tree2,default,1.5,1.5,1.5,0,1,1,1,1.0,1.0,145,100,175,0,1,0,1;
custom,tree2,default,1.5,1.5,1.5,0,1,1,1,1.0,1.0,145,100,225,0,1,0,-1;
custom,tree2,default,1.5,1.5,1.5,0,1,1,1,1.0,1.0,145,100,275,0,1,0,1;
custom,tree2,default,1.5,1.5,1.5,0,1,1,1,1.0,1.0,145,100,325,0,1,0,-1;
custom,tree2,default,1.5,1.5,1.5,0,1,1,1,1.0,1.0,145,100,375,0,1,0,1;
custom,tree2,default,1.5,1.5,1.5,0,1,1,1,1.0,1.0,145,100,425,0,1,0,-1;
custom,tree2,default,1.5,1.5,1.5,0,1,1,1,1.0,1.0,145,100,475,0,1,0,1;
custom,tree2,default,1.5,1.5,1.5,0,1,1,1,1.0,1.0,145,100,525,0,1,0,-1;
custom,tree2,default,1.5,1.5,1.5,0,1,1,1,1.0,1.0,145,100,575,0,1,0,1;
custom,tree2,default,1.5,1.5,1.5,0,1,1,1,1.0,1.0,145,100,625,0,1,0,-1;
custom,tree2,default,1.5,1.5,1.5,0,1,1,1,1.0,1.0,145,100,675,0,1,0,1;
custom,tree2,default,-1.5,1.5,1.5,0,1,1,1,1.0,1.0,-145,100,25,0,1,0,-1;
custom,tree2,default,-1.5,1.5,1.5,0,1,1,1,1.0,1.0,-145,100,75,0,1,0,1;
custom,tree2,default,-1.5,1.5,1.5,0,1,1,1,1.0,1.0,-145,100,125,0,1,0,-1;
custom,tree2,default,-1.5,1.5,1.5,0,1,1,1,1.0,1.0,-145,100,175,0,1,0,1;
custom,tree2,default,-1.5,1.5,1.5,0,1,1,1,1.0,1.0,-145,100,225,0,1,0,-1;
custom,tree2,default,-1.5,1.5,1.5,0,1,1,1,1.0,1.0,-145,100,275,0,1,0,1;
custom,tree2,default,-1.5,1.5,1.5,0,1,1,1,1.0,1.0,-145,100,325,0,1,0,-1;
custom,tree2,default,-1.5,1.5,1.5,0,1,1,1,1.0,1.0,-145,100,375,0,1,0,1;
custom,tree2,default,-1.5,1.5,1.5,0,1,1,1,1.0,1.0,-145,100,425,0,1,0,-1;
custom,tree2,default,-1.5,1.5,1.5,0,1,1,1,1.0,1.0,-145,100,475,0,1,0,1;
custom,tree2,default,-1.5,1.5,1.5,0,1,1,1,1.0,1.0,-145,100,525,0,1,0,-1;
custom,tree2,default,-1.5,1.5,1.5,0,1,1,1,1.0,1.0,-145,100,575,0,1,0,1;
custom,tree2,default,-1.5,1.5,1.5,0,1,1,1,1.0,1.0,-145,100,625,0,1,0,-1;
custom,tree2,default,-1.5,1.5,1.5,0,1,1,1,1.0,1.0,-145,100,675,0,1,0,1;
custom,tree2,default,1.5,1.5,1.5,0,1,1,1,1.0,1.0,0,100,700,0,1,0,1;
custom,tree2,default,-1.5,1.5,1.5,0,1,1,1,1.0,1.0,0,100,700,0,1,0,1;
custom,tree2,default,1.5,1.5,1.5,0,1,1,1,1.0,1.0,50,100,700,0,1,0,1;
custom,tree2,default,-1.5,1.5,1.5,0,1,1,1,1.0,1.0,50,100,700,0,1,0,1;
custom,tree2,default,1.5,1.5,1.5,0,1,1,1,1.0,1.0,100,100,700,0,1,0,1;
custom,tree2,default,-1.5,1.5,1.5,0,1,1,1,1.0,1.0,100,100,700,0,1,0,1;
custom,tree2,default,1.5,1.5,1.5,0,1,1,1,1.0,1.0,-50,100,700,0,1,0,1;
custom,tree2,default,-1.5,1.5,1.5,0,1,1,1,1.0,1.0,-50,100,700,0,1,0,1;
custom,tree2,default,1.5,1.5,1.5,0,1,1,1,1.0,1.0,-100,100,700,0,1,0,1;
custom,tree2,default,-1.5,1.5,1.5,0,1,1,1,1.0,1.0,-100,100,700,0,1,0,1;
custom,tree2,default,2,2,2,0,1,1,1,1.0,1.0,0,132.5,800,0,0,0,0;
custom,tree2,default,-2,2,2,0,1,1,1,1.0,1.0,0,132.5,800,0,0,0,0;
customb,house1,default,2,4,14,0,1,1,1,1.0,1.0,-230,60,400,0,0,0,0;
customb,house1,default,-2,4,14,0,1,1,1,1.0,1.0,230,60,400,0,0,0,0;
customb,house1,default,1,4,8,0,1,1,1,1.0,1.0,0,60,900,0,1,0,1;
custom,boulder1,default,5,5,5,0,1,1,1,1.0,1.0,140,20,810,0,0,0,0;
custom,boulder1,default,-5,5,5,0,1,1,1,1.0,1.0,-140,20,810,0,0,0,0;
custom,boulder1,default,5,5,5,0,1,1,1,1.0,1.0,140,20,-75,0,0,0,0;
custom,boulder1,default,-5,5,5,0,1,1,1,1.0,1.0,-140,20,-75,0,0,0,0;
custom,cuboid,empty,0.25,0.25,14,0,1,1,1,1.0,1.0,0,130,-170,0,1,0,1;
custom,cuboid,empty,0.25,0.25,14,0,1,1,1,1.0,1.0,0,130,-150,0,1,0,1;
custom,cuboid,empty,0.25,0.25,14,0,1,1,1,1.0,1.0,0,130,-130,0,1,0,1;
custom,cuboid,empty,0.25,0.25,14,0,1,1,1,1.0,1.0,0,130,-110,0,1,0,1;
custom,cuboid,empty,0.25,0.25,14,0,1,1,1,1.0,1.0,0,130,-90,0,1,0,1;
custom,cuboid,empty,0.25,0.25,14,0,1,1,1,1.0,1.0,0,130,-70,0,1,0,1;
custom,cuboid,empty,0.25,0.25,14,0,1,1,1,1.0,1.0,0,130,-50,0,1,0,1;
custom,cuboid,empty,0.25,0.25,14,0,1,1,1,1.0,1.0,0,130,-30,0,1,0,1;
custom,cuboid,empty,0.25,0.25,14,0,1,1,1,1.0,1.0,0,130,-10,0,1,0,1;
custom,cuboid,empty,0.25,0.25,14,0,1,1,1,1.0,1.0,0,130,10,0,1,0,1;
custom,cuboid,empty,0.25,0.25,14,0,1,1,1,1.0,1.0,0,130,29,0,1,0,1;
custom,cuboid,empty,0.25,0.25,22,0,1,1,1,1.0,1.0,0,130,-80,0,0,0,0;
custom,cuboid,empty,0.25,0.25,22,0,1,1,1,1.0,1.0,21,130,-80,0,0,0,0;
custom,cuboid,empty,0.25,0.25,22,0,1,1,1,1.0,1.0,42,130,-80,0,0,0,0;
custom,cuboid,empty,0.25,0.25,22,0,1,1,1,1.0,1.0,63,130,-80,0,0,0,0;
custom,cuboid,empty,0.25,0.25,22,0,1,1,1,1.0,1.0,-21,130,-80,0,0,0,0;
custom,cuboid,empty,0.25,0.25,22,0,1,1,1,1.0,1.0,-42,130,-80,0,0,0,0;
custom,cuboid,empty,0.25,0.25,22,0,1,1,1,1.0,1.0,-63,130,-80,0,0,0,0;
custom,house11,default,3,3.5,3,0,1,1,1,1.0,1.0,0,0,-215,0,1,0,0;
custom,tower3,default,3,3,3,0,1,1,1,1.0,1.0,-240,-5,-230,0,0,0,0;
custom,tower3,default,-3,3,3,0,1,1,1,1.0,1.0,240,-5,-230,0,0,0,0;
customb,house1,default,1.9,4,2.5,0,1,1,1,1.0,1.0,-230,60,-136,0,0,0,0;
customb,house1,default,-1.9,4,2.5,0,1,1,1,1.0,1.0,230,60,-136,0,0,0,0;
custom,house11,default,2,3.5,3,0,1,1,1,1.0,1.0,215,0,-210,0,1,0,0;
custom,house11,default,2,3.5,3,0,1,1,1,1.0,1.0,-215,0,-210,0,1,0,0;
custom,house11,default,6,3.5,3,0,1,1,1,1.0,1.0,-270,-1,300,0,1,0,-1;
custom,house11,default,6,3.5,3,0,1,1,1,1.0,1.0,-270,-1,-60,0,1,0,-1;
custom,house11,default,7.5,3.5,3,0,1,1,1,1.0,1.0,-270,-1,705,0,1,0,-1;
custom,house11,default,6,3.5,-3,0,1,1,1,1.0,1.0,270,-1,300,0,1,0,-1;
custom,house11,default,6,3.5,-3,0,1,1,1,1.0,1.0,270,-1,-60,0,1,0,-1;
custom,house11,default,7.5,3.5,-3,0,1,1,1,1.0,1.0,270,-1,705,0,1,0,-1;
custom,tower3,default,4,4,4,0,1,1,1,1.0,1.0,-268,-8,930,0,1,0,1;
custom,tower3,default,-4,4,4,0,1,1,1,1.0,1.0,268,-8,930,0,1,0,1;
custom,house11,default,8,4,2,0,1,1,1,1.0,1.0,0,0,930,0,0,0,0;
custom,wall3,default,2,2,2,0,1,1,1,1.0,1.0,0,-1,1400,0,0,0,0;
custom,wall4,default,2,2,2,0,1,1,1,1.0,1.0,-665,83.2,1392.5,0,0,0,0;
custom,wall4,default,-2,2,2,0,1,1,1,1.0,1.0,663,83.2,1392.5,0,0,0,0;
custom,wall4,default,6.5,4,2,0,1,1,1,1.0,1.0,0,377.5,1392.5,0,0,0,0;
custom,house11,default,10,6,4,0,1,1,1,1.0,1.0,600,0,1075,0,1,0,-1;
custom,house11,default,10,6,4,0,1,1,1,1.0,1.0,600,0,375,0,1,0,-1;
custom,house11,default,10,6,4,0,1,1,1,1.0,1.0,600,0,-325,0,1,0,-1;
custom,house11,default,10,6,-4,0,1,1,1,1.0,1.0,-600,0,1075,0,1,0,-1;
custom,house11,default,10,6,-4,0,1,1,1,1.0,1.0,-600,0,375,0,1,0,-1;
custom,house11,default,10,6,-4,0,1,1,1,1.0,1.0,-600,0,-325,0,1,0,-1;
custom,house11,default,10,5,5,0,1,1,1,1.0,1.0,900,-10,840,0,1,0,0;
custom,house11,default,10,5,5,0,1,1,1,1.0,1.0,900,-10,600,0,0,0,0;
custom,house11,default,10,5,5,0,1,1,1,1.0,1.0,900,-10,140,0,1,0,0;
custom,house11,default,10,5,5,0,1,1,1,1.0,1.0,900,-10,-100,0,0,0,0;
custom,house11,default,-10,5,5,0,1,1,1,1.0,1.0,-900,-10,840,0,1,0,0;
custom,house11,default,-10,5,5,0,1,1,1,1.0,1.0,-900,-10,600,0,0,0,0;
custom,house11,default,-10,5,5,0,1,1,1,1.0,1.0,-900,-10,140,0,1,0,0;
custom,house11,default,-10,5,5,0,1,1,1,1.0,1.0,-900,-10,-100,0,0,0,0;