//Giant White Barrier through the map, high damage
custom,cuboid,stone3,2,2,5,0,1,1,1,1,1,0.32,258.53,-508.63,0,0.7,0,-0.71;
custom,cuboid,stone3,2,2,5,0,1,1,1,1,1,1.31,278.22,-528.68,0,0.72,0,-0.7;
custom,cuboid,stone2,18,30,2,0,1,1,1,1,1,-100.58,139.72,-2.41,0,0.71,0,0.7;
custom,cuboid,stone2,18,30,2,0,1,1,1,1,1,-10.98,139.65,88.97,0,1,0,0.01;
custom,cuboid,stone2,2,20,140,0,1,1,1,1,1,21.78,95.85,664.83,0,0.71,0,0.71;
custom,cuboid,stone2,2,20,140,0,1,1,1,1,1,651.03,96.73,-20.19,0,1,0,0;
custom,cuboid,stone2,2,20,140,0,1,1,1,1,1,-30.92,96.9,-654.48,0,0.71,0,-0.71;
custom,cuboid,stone2,2,20,140,0,1,1,1,1,1,-666.67,96.45,23.03,0,0,0,1;
custom,cuboid,stone3,20,2,30,0,1,1,1,1,1,-149.11,285.01,241.85,0,0,0,-1;
custom,cuboid,stone2,18,30,2,0,1,1,1,1,1,-10.35,139.8,-88.67,0,0,0,-1;
custom,cuboid,stone3,2,30,30,0,1,1,1,1,1,-377.27,145.48,530.99,0,0,0,-1;
custom,cuboid,stone3,2,30,30,0,1,1,1,1,1,349.67,145.39,537.76,0,0,0,-1;
custom,cuboid,stone3,60,30,20,0,1,1,1,1,1,-12.29,145.47,576.81,0,0,0,1;
custom,cuboid,stone3,4,30,75,0,1,1,1,1,1,-10.59,145.31,405.94,0,0.71,0,-0.7;
custom,cuboid,stone5,18,1,5,0,1,1,1,1,1,-9.21,100.93,58.08,0,0.01,0,-1;
custom,cuboid,stone3,5,45,4,0,1,1,1,1,1,-1.39,114.65,-388.95,0,0.92,-0.4,0.01;
custom,cuboid,stone3,2,2,5,0,1,1,1,1,1,-2.37,27.2,-265.71,0,0.71,0,-0.7;
custom,cuboid,stone3,2,2,5,0,1,1,1,1,1,-3.06,9.48,-247.35,0,0.72,0,-0.7;
custom,cuboid,stone3,2,2,5,0,1,1,1,1,1,-2.04,46.41,-283.17,0,0.71,0,-0.7;
custom,cuboid,stone3,2,2,5,0,1,1,1,1,1,-1.56,64.56,-302.98,0,0.71,0,-0.71;
custom,cuboid,stone3,2,2,5,0,1,1,1,1,1,-1.22,82.96,-323.16,0,0.72,0,-0.69;
custom,cuboid,stone3,2,2,5,0,1,1,1,1,1,-1.57,98.35,-341.12,0,0.71,0,-0.71;
custom,cuboid,stone3,2,2,5,0,1,1,1,1,1,-0.89,114.29,-360.05,0,0.71,0,-0.71;
custom,cuboid,stone3,2,2,5,0,1,1,1,1,1,-0.18,131.65,-379.75,0,0.71,0,-0.71;
custom,cuboid,stone3,2,2,5,0,1,1,1,1,1,-0.83,151.1,-397.1,0,0.7,0,-0.72;
custom,cuboid,stone3,2,2,5,0,1,1,1,1,1,-1.2,168.74,-415.85,0,0.71,0,-0.71;
custom,cuboid,stone3,2,2,5,0,1,1,1,1,1,-1.3,184.4,-435.01,0,0.71,0,-0.7;
custom,cuboid,stone3,2,2,5,0,1,1,1,1,1,-0.01,202.7,-454.13,0,0.72,0,-0.69;
custom,cuboid,stone3,2,2,5,0,1,1,1,1,1,0.41,222.03,-472.69,0,0.72,0,-0.7;
custom,cuboid,stone3,2,2,5,0,1,1,1,1,1,1.82,240.98,-490.48,0,0.71,0,-0.7;
custom,cuboid,stone3,10,0.5,5,1,0.81,0.74,0.7,1,1,-105.06,296.44,451.06,0,0.7,0,0.71;
custom,cuboid,stone3,10,0.5,5,1,0.81,0.74,0.7,1,1,64.77,296.79,454.96,0,0.71,0,-0.7;
custom,cuboid,stone2,12,1,0.8,0,1,1,1,1,1,91.68,299.64,454.15,0,0.71,0,-0.7;
custom,cuboid,stone2,12,1,0.8,0,1,1,1,1,1,40.88,299.04,452.94,0,0.71,0,0.71;
custom,cuboid,stone2,12,1,0.8,0,1,1,1,1,1,-80.21,298.8,449.99,0,0.71,0,-0.7;
custom,cuboid,stone2,12,1,0.8,0,1,1,1,1,1,-128.13,298.82,448.84,0,0.7,0,0.71;
custom,cuboid,stone2,18,30,2,0,1,1,1,1,1,79.37,139.94,1.58,0,0.71,0,-0.71;
custom,cuboid,stone1,21,7,2,0,1,1,1,1,1,-99.65,401.52,2.06,0,0.7,0,0.71;
custom,cuboid,stone1,5,10,2,0,1,1,1,1,1,80.5,333.42,-63.72,0,0.72,0,-0.7;
custom,cuboid,stone1,21,7,2,0,1,1,1,1,1,80.5,401.5,4.36,0,0.71,0,-0.7;
custom,cuboid,stone1,5,10,2,0,1,1,1,1,1,79.88,333.53,71.66,0,0.71,0,-0.7;
custom,cuboid,stone1,2,15,20,0,1,1,1,1,1,-11.07,361.28,102.23,0,0.7,0,0.72;
custom,cuboid,stone1,2,15,20,0,1,1,1,1,1,-8.56,361.47,-94.34,0,0.71,0,-0.71;
custom,cuboid,stone1,5,10,2,0,1,1,1,1,1,-100.11,338.99,68.41,0,0.7,0,0.72;
custom,cuboid,stone1,5,10,2,0,1,1,1,1,1,-98.2,341.53,-63.71,0,0.71,0,0.71;
custom,cylinder,stone2,2,4,2,0,1,1,1,1,1,-99.83,327.56,42.61,0,0.69,0,0.72;
custom,cylinder,stone2,2,4,2,0,1,1,1,1,1,-98.46,326.62,-36.28,0,0.71,0,0.7;
custom,cylinder,stone2,2,4,2,0,1,1,1,1,1,78.47,326.47,44.05,0,0.69,0,0.72;
custom,cylinder,stone2,2,4,2,0,1,1,1,1,1,80.03,326.26,-36.73,0,0.68,0,-0.73;
custom,cylinder,stone2,1.8,5,1.8,0,1,1,1,1,1,-98.95,364.22,4.66,-0.5,0.5,-0.5,0.5;
custom,cylinder,stone2,1.8,5,1.8,0,1,1,1,1,1,79.75,365,4.53,-0.5,0.5,-0.5,0.5;
custom,cylinder,stone2,2,10,2,0,1,1,1,1,1,-8.38,437.48,-97.14,0.5,0.5,-0.5,0.5;
custom,cylinder,stone2,2,10,2,0,1,1,1,1,1,-105.88,438.42,1.1,0.5,0.5,0.5,0.5;
custom,cylinder,stone2,2,10,2,0,1,1,1,1,1,89.81,436.91,6.02,0,0.7,-0.71,0;
custom,cylinder,stone2,2,10,2,0,1,1,1,1,1,-9.4,438.32,111.98,0.71,0.71,0.01,0.01;
custom,sphere,stone2,3,3,3,0,1,1,1,1,1,86.94,432.07,-100.46,0,0.38,0,-0.92;
custom,sphere,stone2,3,3,3,0,1,1,1,1,1,-105.04,434.88,-98.89,0,0.36,0,0.93;
custom,sphere,stone2,3,3,3,0,1,1,1,1,1,-108.46,434.49,108.68,0,0.93,0,0.36;
custom,sphere,stone2,3,3,3,0,1,1,1,1,1,87.92,433.91,110.1,0,0.94,0,-0.35;
custom,cylinder,stone2,1,8,1,0,1,1,1,1,1,-108.71,367.62,107.01,0,0.9,0,0.44;
custom,cylinder,stone2,1,8,1,0,1,1,1,1,1,-107,364.21,-103.3,0,0.71,0,0.7;
custom,cylinder,stone2,1,8,1,0,1,1,1,1,1,91.1,359.93,-102.99,0,0.12,0,0.99;
custom,cylinder,stone2,1,8,1,0,1,1,1,1,1,86.98,355.75,113.24,0,0.68,0,-0.73;
custom,cuboid,stone4,12,1,20,0,1,1,1,1,1,-39.6,432.38,6.97,0,0.01,0,-1;
custom,cuboid,stone4,8,1,12,0,1,1,1,1,1,42.75,432.72,43.8,0,1,0,0;
custom,cuboid,bark,8,1,12,0,1,1,1,1,1,45.41,437.45,43.87,0,1,0,0;
custom,cuboid,bark,20,1,12,0,1,1,1,1,1,-40.14,437.49,1.49,0,0.7,0,0.72;
custom,cuboid,bark,8,1,1,0,1,1,1,1,1,76.97,437.19,-50.93,0,0.7,0,0.71;
custom,cuboid,bark,8,1,1,0,1,1,1,1,1,45.55,437.15,-89.82,0,1,0,0;
customb,house1,default,0.5,7,3,0,1,1,1,1,1,-0.02,76.73,99.65,0,0.71,0,-0.7;
customb,house1,default,0.5,7,3,0,1,1,1,1,1,91.48,79.09,-6.27,0,0,0,1;
customb,house1,default,0.5,7,3,0,1,1,1,1,1,-17.08,75.08,-100.4,0,0.71,0,0.71;
customb,house1,default,0.5,7,3,0,1,1,1,1,1,-112.71,74.71,6.69,0,1,0,-0.01;
custom,cylinder,stone1,2,15,2,0,1,1,1,1,1,93.29,134.14,95.99,0,0.93,0,-0.37;
custom,cylinder,stone1,2,15,2,0,1,1,1,1,1,-110.12,133.89,96.13,0,0.96,0,0.27;
custom,cylinder,stone1,2,15,2,0,1,1,1,1,1,-113.86,133.33,-105.31,0,0.79,0,0.61;
custom,cylinder,stone1,2,15,2,0,1,1,1,1,1,90.23,134.05,-98.98,0,0.26,0,0.96;
custom,cuboid,stone3,5,1,5,0,1,1,1,1,1,-12.58,81.78,127.15,0,1,0,0.01;
custom,cuboid,stone3,5,1,25,0,1,1,1,1,1,126.76,36.09,128.4,0.13,0.7,0.13,-0.69;
custom,cuboid,stone3,5,1,25,0,1,1,1,1,1,-153.11,38.47,124.42,-0.12,0.69,0.13,0.7;
custom,cuboid,stone3,5,4,30,0,1,1,1,1,1,-14.92,168.16,252.71,0.4,0.01,0,-0.92;
custom,cuboid,stone3,2,2,5,0,1,1,1,1,1,-13.13,95.46,158.96,0,0.7,0,0.72;
custom,cuboid,stone3,2,2,5,0,1,1,1,1,1,-12.74,115.35,176,0,0.69,0,0.72;
custom,cuboid,stone3,2,2,5,0,1,1,1,1,1,-12.96,133.72,194.15,0,0.69,0,0.72;
custom,cuboid,stone3,2,2,5,0,1,1,1,1,1,-12.91,153.36,211.46,0,0.7,0,0.71;
custom,cuboid,stone3,2,2,5,0,1,1,1,1,1,-13.27,171.83,227.01,0,0.7,0,0.71;
custom,cuboid,stone3,2,2,5,0,1,1,1,1,1,-14.19,190.93,247.27,0,0.7,0,0.71;
custom,cuboid,stone3,2,2,5,0,1,1,1,1,1,-13.85,209.24,265.72,0,0.7,0,0.71;
custom,cuboid,stone3,2,2,5,0,1,1,1,1,1,-14.94,229.21,282.52,0,0.7,0,0.72;
custom,cuboid,stone3,2,2,5,0,1,1,1,1,1,-14.02,249.49,300.15,0,0.7,0,0.71;
custom,cuboid,stone3,2,2,5,0,1,1,1,1,1,-14.36,268.53,319.45,0,0.71,0,0.71;
custom,cuboid,stone3,2,2,5,0,1,1,1,1,1,-14.7,282.68,335.97,0,0.71,0,0.71;
custom,cuboid,stone3,1,2,30,0,1,1,1,1,1,147.28,33.51,155.34,0.13,0.7,0.14,-0.69;
custom,cuboid,stone3,1,2,30,0,1,1,1,1,1,-172.83,37.15,150.13,-0.13,0.69,0.13,0.7;
custom,cuboid,stone3,1,2,30,0,1,1,1,1,1,-173.38,37.69,101.81,-0.13,0.69,0.12,0.7;
custom,cuboid,stone3,1,2,30,0,1,1,1,1,1,147.8,34.07,103.51,0.14,0.69,0.13,-0.69;
custom,cuboid,stone3,1,1.5,5,0,1,1,1,1,1,-11.72,93.03,103.14,0,0.72,0,-0.69;
custom,village1,default,1,1,1,0,1,1,1,1,1,9.21,293.25,221.58,0,-0.01,0,1;
customb,house1,default,2,2,2,0,1,1,1,1,1,-172.96,324.22,85.32,0,0.71,0,-0.7;
customb,house1,default,2,2,2,0,1,1,1,1,1,161.92,325.44,95.13,0,0.72,0,-0.7;
customb,house1,default,1,1,1,0,1,1,1,1,1,208.59,310.42,144.17,0,1,0,0.02;
customb,house1,default,1,1,1,0,1,1,1,1,1,-238.03,308.92,135.66,0,1,0,0;
customb,house1,default,2,3,2,0,1,1,1,1,1,-13.3,333.85,-130.66,0,0.71,0,0.71;
custom,cuboid,stone1,150,75,10,1,1,1,1,1,1,-604.64,662.34,-49.91,0,0.71,0,-0.71;
custom,cuboid,stone1,150,75,10,1,1,1,1,1,1,595.95,662.26,-40.53,0,0.71,0,0.71;
custom,cuboid,stone1,40,75,10,1,1,1,1,1,1,-378.85,661.94,651.66,0,0,0,-1;
custom,cuboid,stone1,40,75,10,1,1,1,1,1,1,348.19,661.84,657.97,0,0,0,1;
custom,cuboid,stone1,130,75,30,1,1,1,1,1,1,-4.8,662.53,-715.36,0,1,0,-0.01;
custom,cuboid,stone1,40,75,10,1,1,1,1,1,1,-461.67,661.35,505.24,0,0.39,0,-0.92;
custom,cuboid,stone1,40,75,10,1,1,1,1,1,1,455.87,661.35,523,0,0.4,0,0.92;
custom,cuboid,stone1,50,75,10,1,1,1,1,1,1,406.22,661.59,-445.68,0,0.93,0,0.38;
custom,cuboid,stone1,50,75,10,1,1,1,1,1,1,-417.02,662.16,-421.9,0,0.92,0,-0.39;
custom,cuboid,stone1,50,50,10,1,1,1,1,1,1,1.92,786.68,655.71,0,0,0,1;
custom,cuboid,stone1,20,20,10,1,1,1,1,1,1,-178.92,551.03,655.15,0,0,0.35,0.94;
custom,cuboid,stone1,20,20,10,1,1,1,1,1,1,158.08,544.83,657.91,0,0,-0.36,0.93;
custom,cuboid,stone1,10,20,10,1,1,1,1,1,1,-193.84,449.79,653.84,0.01,0,-0.98,-0.22;
custom,cuboid,stone1,10,20,10,1,1,1,1,1,1,166.43,440.95,656.89,0,0.01,0.23,0.97;
custom,cuboid,stone1,10,20,10,1,1,1,1,1,1,-2.63,562.71,658.75,0.01,0.01,-0.71,-0.71;
custom,cuboid,stone1,40,1,20,1,1,1,1,1,1,-433.84,1031.73,-556.2,0,0.92,0,-0.4;
custom,cuboid,stone1,40,1,20,1,1,1,1,1,1,428.27,1030.98,-554.94,0,0.93,0,0.37;
custom,cuboid,stone1,20,1,10,1,1,1,1,1,1,517.32,1031.73,576.39,0,0.41,0,0.91;
custom,cuboid,stone1,20,1,10,1,1,1,1,1,1,-527.19,1031.26,565.09,0,0.38,0,-0.92;
custom,cuboid,stone1,5,1,5,1,1,1,1,1,1,-553.58,1031.27,-373.96,0,0.91,0,-0.41;
custom,cuboid,stone1,5,1,5,1,1,1,1,1,1,554.55,1030.56,-386.75,0,0.84,0,0.54;
custom,cylinder,grass,50,3,35,1,0,0.48,0,1,1,-376.84,321.8,-373.64,0,0.91,0,-0.41;
custom,cylinder,grass,50,3,35,1,0,0.48,0,1,1,379.24,315.74,-390.75,0,0.93,0,0.37;
custom,cuboid,stone2,8,8,2,0,1,1,1,1,1,534.81,328.91,-205.53,0,0.96,0,-0.27;
custom,cuboid,stone2,7,8,2,0,1,1,1,1,1,469.73,328.63,-183.37,0,1,0,-0.05;
custom,cuboid,stone2,7,8,2,0,1,1,1,1,1,189.46,323.86,-542.58,0,0.47,0,0.88;
custom,cuboid,stone2,7,8,2,0,1,1,1,1,1,167.71,323.51,-483.21,0,0.74,0,-0.67;
custom,cuboid,stone2,7,8,2,0,1,1,1,1,1,404.02,328.58,-186.28,0,1,0,0.1;
custom,cuboid,stone2,3,8,2,0,1,1,1,1,1,281.69,328.34,-247.78,0,0.94,0,0.34;
custom,cuboid,stone2,7,8,2,0,1,1,1,1,1,247.92,328.41,-281.76,0,0.91,0,0.41;
custom,cuboid,stone2,7,8,2,0,1,1,1,1,1,208.62,328.18,-336.29,0,0.86,0,0.5;
custom,cuboid,stone2,7,8,2,0,1,1,1,1,1,-192.84,328.5,-531.99,0,0.46,0,-0.89;
custom,cuboid,stone2,7,8,2,0,1,1,1,1,1,-171.8,328.51,-473.89,0,0.67,0,-0.74;
custom,cuboid,stone2,7,8,2,0,1,1,1,1,1,-192.94,328.76,-340.81,0,0.83,0,-0.55;
custom,cuboid,stone2,7,8,2,0,1,1,1,1,1,-530.08,328.63,-184.26,0,0.95,0,0.31;
custom,cuboid,stone2,7,8,2,0,1,1,1,1,1,-471.77,329.88,-162.41,0,0.05,0,-1;
custom,cuboid,stone2,7,8,2,0,1,1,1,1,1,-405.65,329.49,-165.25,0,-0.09,0,-1;
custom,cuboid,stone2,7,8,2,0,1,1,1,1,1,-225.76,328.65,-283.88,0,0.89,0,-0.45;
custom,cuboid,stone2,7,8,2,0,1,1,1,1,1,-271.79,328.24,-236.14,0,0.94,0,-0.33;
custom,cuboid,grass,9,1,15,1,0,0.42,0,1,1,-301.44,316.82,-132.06,-0.2,-0.25,0.05,-0.95;
custom,cuboid,grass,9,1,15,1,0,0.42,0,1,1,111.61,313.54,-387.14,-0.11,0.79,0.14,0.58;
custom,cuboid,grass,9,1,15,1,0,0.42,0,1,1,297.79,315.77,-154.99,-0.05,0.95,0.16,0.25;
custom,cuboid,grass,9,1,15,1,0,0.42,0,1,1,-107.28,317.43,-393.23,0.13,0.76,0.15,-0.62;
custom,cuboid,stone2,2,2,15,0,1,1,1,1,1,-97.92,321.77,-434.68,0.13,0.76,0.15,-0.63;
custom,cuboid,stone2,2,2,15,0,1,1,1,1,1,-114.57,322.95,-348.21,0.12,0.77,0.15,-0.61;
custom,cuboid,stone2,2,2,15,0,1,1,1,1,1,-260.37,325.06,-159.1,-0.2,-0.25,0.05,-0.95;
custom,cuboid,stone2,2,2,15,0,1,1,1,1,1,-345.79,322.25,-108.21,0.05,0.95,0.2,-0.25;
custom,cuboid,stone2,2,2,15,0,1,1,1,1,1,100.55,320.03,-436.54,-0.13,0.79,0.13,0.58;
custom,cuboid,stone2,2,2,15,0,1,1,1,1,1,127.61,322.4,-339.16,-0.11,0.79,0.14,0.59;
custom,cuboid,stone2,2,2,15,0,1,1,1,1,1,342.34,320.74,-124.89,-0.04,0.95,0.17,0.24;
custom,cuboid,stone2,2,2,15,0,1,1,1,1,1,249,318.99,-177.1,-0.04,0.96,0.17,0.24;
custom,cylinder,stone2,3,3,3,0,1,1,1,1,1,312.27,321.18,-66.05,0,0.97,0,-0.23;
custom,cylinder,stone2,3,3,3,0,1,1,1,1,1,217.68,321.86,-117.07,0,1,0,-0.09;
custom,cylinder,stone2,3,3,3,0,1,1,1,1,1,-226.97,322.85,-101.17,0,0.37,0,-0.93;
custom,cylinder,stone2,3,3,3,0,1,1,1,1,1,-314.25,321.76,-50.44,0,1,0,-0.04;
custom,cylinder,stone2,3,3,3,0,1,1,1,1,1,-50.99,319.48,-331.57,0,0.71,0,0.7;
custom,cylinder,stone2,3,3,3,0,1,1,1,1,1,54.04,320.88,-321.96,0,0.71,0,0.7;
custom,cylinder,stone2,3,3,3,0,1,1,1,1,1,-35.53,320.88,-422.74,0,0.71,0,0.7;
custom,cylinder,stone2,3,3,3,0,1,1,1,1,1,38.21,320.45,-416.87,0,0.71,0,0.7;
custom,cylinder,stone2,3,5,3,0,1,1,1,1,1,377.64,378.67,-190.24,0,0.82,0,-0.58;
custom,cylinder,stone2,3,5,3,0,1,1,1,1,1,285.98,379.08,-243.22,0,0.67,0,-0.74;
custom,cylinder,stone2,3,5,3,0,1,1,1,1,1,193.42,378.81,-359.06,0,0.77,0,-0.64;
custom,cylinder,stone2,3,5,3,0,1,1,1,1,1,164.85,374.22,-455.8,0,0.58,0,-0.82;
custom,cylinder,stone2,3,5,3,0,1,1,1,1,1,-167.67,378.22,-447.25,0,0.13,0,-0.99;
custom,cylinder,stone2,3,5,3,0,1,1,1,1,1,-182.85,379.01,-362.96,0,0,0,-1;
custom,cylinder,stone2,3,5,3,0,1,1,1,1,1,-293.33,384.48,-217.63,0,0.01,0,-1;
custom,cylinder,stone2,3,5,3,0,1,1,1,1,1,-378.87,385.97,-171.47,0,0.02,0,1;
custom,cuboid,stone1,2,10,80,0,1,1,1,1,1,460.19,231.32,33.61,0,1,0,0;
custom,cuboid,stone1,2,10,70,0,1,1,1,1,1,-406.08,230.38,29.26,0,1,0,0.02;
custom,cuboid,stone1,100,10,2,0,1,1,1,1,1,45.75,230.94,-344.62,0,1,0,-0.02;
custom,cuboid,stone1,2,10,55,0,1,1,1,1,1,365.97,230.47,7.43,0,0.01,0,1;
custom,cuboid,stone1,50,10,2,0,1,1,1,1,1,-308.62,229.94,19.25,0,0.69,0,0.72;
custom,cuboid,stone1,10,1,80,0,1,1,1,1,1,406.58,189.41,34.79,0,1,0,-0.01;
custom,cuboid,stone1,10,1,70,0,1,1,1,1,1,-368.48,189.04,53.24,0,1,0,0.02;
custom,cuboid,stone1,10,1,80,0,1,1,1,1,1,-25.09,189.1,-288,0,0.7,0,-0.72;
custom,cuboid,stone1,10,2,2,0,1,1,1,1,1,-325.78,202.55,326.58,0,0.69,0,0.72;
custom,cuboid,stone1,10,2,2,0,1,1,1,1,1,-307.97,221.56,326.8,0,0.7,0,0.72;
custom,cuboid,stone1,10,2,2,0,1,1,1,1,1,-291.15,240.32,326.88,0,0.7,0,0.71;
custom,cuboid,stone1,10,2,2,0,1,1,1,1,1,-272.45,259.61,327.75,0,0.7,0,0.71;
custom,cuboid,stone1,10,2,2,0,1,1,1,1,1,-254.02,278.64,328.36,0,0.7,0,0.72;
custom,cuboid,stone1,10,2,2,0,1,1,1,1,1,369,201.9,325.77,0,0.71,0,-0.71;
custom,cuboid,stone1,10,2,2,0,1,1,1,1,1,352.95,220.99,325.59,0,0.71,0,-0.71;
custom,cuboid,stone1,10,2,2,0,1,1,1,1,1,335.48,239.77,326.3,0,0.71,0,-0.71;
custom,cuboid,stone1,10,2,2,0,1,1,1,1,1,317.61,258.67,326.11,0,0.71,0,-0.7;
custom,cuboid,stone1,10,2,2,0,1,1,1,1,1,299.78,276.94,325.03,0,0.71,0,-0.7;
custom,cuboid,stone1,2,2,10,0,1,1,1,1,1,7.24,281,-175.68,0,0.7,0,-0.72;
custom,cuboid,stone1,2,2,10,0,1,1,1,1,1,7.41,264.29,-195.12,0,0.69,0,-0.72;
custom,cuboid,stone1,2,2,10,0,1,1,1,1,1,7.54,244.59,-213.49,0,0.72,0,0.69;
custom,cuboid,stone1,2,2,10,0,1,1,1,1,1,8.45,225.03,-232.46,0,0.71,0,0.7;
custom,cuboid,stone1,2,2,10,0,1,1,1,1,1,8.39,205.41,-251.89,0,0.72,0,0.7;
custom,cuboid,stone1,2,10,25,0,1,1,1,1,1,-183.96,229.57,-241.14,0,0.72,0,0.7;
custom,cuboid,stone1,2,10,30,0,1,1,1,1,1,211.13,230.78,-250.67,0,0.69,0,-0.72;
custom,cuboid,stone1,10,10,2,0,1,1,1,1,1,-51.04,240.66,-203.76,0,0.7,0,0.71;
custom,cuboid,stone1,10,10,2,0,1,1,1,1,1,65.94,242.16,-204.7,0,0.69,0,-0.72;
custom,cuboid,stone1,10,10,2,0,1,1,1,1,1,330.32,237.14,283.88,0,0.02,0,1;
custom,cuboid,stone1,2,10,25,0,1,1,1,1,1,414.29,236.95,382.27,0,0.7,0,-0.71;
custom,cuboid,stone1,2,10,25,0,1,1,1,1,1,-369.45,238.35,374.43,0,0.72,0,-0.69;
custom,cuboid,stone1,2,10,10,0,1,1,1,1,1,-284.07,238.32,271.85,0,0.69,0,0.72;
custom,cuboid,stone2,8,5,2,0,1,1,1,1,1,-15.85,315.55,247.02,0,0,0,-1;
custom,cuboid,stone2,15,5,2,0,1,1,1,1,1,13.03,315.21,313.04,0,0.71,0,-0.7;
custom,cuboid,stone2,15,5,2,0,1,1,1,1,1,-46.45,315.13,312.29,0,0.7,0,0.71;
custom,cuboid,stone2,8,1,15,0,1,1,1,1,1,-16.85,342.29,311.61,0,1,0,0.01;
custom,cylinder,stone5,2,4,2,0,1,1,1,1,1,-17.97,345.67,385.79,0.71,0.71,0,0.02;
custom,tower2,default,2,1,2,0,1,1,1,1,1,-18.74,334.88,348.7,0,1,0,0.02;
customb,house1,default,1,1.5,2,0,1,1,1,1,1,-67.42,318.16,311.19,0,1,0,0;
customb,house1,default,1,1.5,2,0,1,1,1,1,1,30.5,317.32,301.63,0,0.01,0,-1;
customb,house1,default,1,1.5,1.8,0,1,1,1,1,1,-22.62,318.09,241.81,0,0.71,0,0.71;
custom,tower1,default,3,1,3,0,1,1,1,1,1,-65.94,346.04,383.84,0,1,0,0.01;
custom,tower1,default,3,1,3,0,1,1,1,1,1,26.89,346.45,384.86,0,1,0,0.01;
custom,cuboid,stone1,5,5,1,0,1,1,1,1,1,1.39,317.25,-419.89,0,-0.01,0,1;
custom,cuboid,stone1,6,5,1,0,1,1,1,1,1,38.41,316.83,-458.99,0,0.69,0,0.72;
custom,cuboid,stone1,6,5,1,0,1,1,1,1,1,-32.48,317.58,-465.72,0,0.73,0,-0.68;
customb,house1,default,1,1,1,0,1,1,1,1,1,-44.26,309.95,-473.15,0,0.04,0,-1;
customb,house1,default,1,1,1,0,1,1,1,1,1,57.3,309.92,-472.1,0,0.02,0,-1;
custom,cuboid,stone5,8,1,8,0,1,1,1,1,1,0.82,343.94,-455.02,0,-0.02,0,1;
custom,tower2,default,2,1,2,0,1,1,1,1,1,3.72,337.03,-509.23,0,0.02,0,-1;
custom,cylinder,stone2,2,4,2,0,1,1,1,1,1,-35.47,345.94,-463.15,0.49,0.49,0.51,0.5;
custom,cylinder,stone2,2,4,2,0,1,1,1,1,1,39.91,348.13,-454.42,-0.49,0.52,0.51,-0.48;
custom,cone,stone1,1,1,1,1,0.85,0,0,1,1,37.95,361.39,-420.19,0,0.58,0,0.81;
custom,cone,stone1,1,1,1,1,0.85,0,0,1,1,-35.19,361.6,-420.59,0,0.66,0,-0.75;
custom,cone,stone1,1,1,1,1,0.85,0,0,1,1,55.11,359.42,-321.49,0,0.6,0,-0.8;
custom,cone,stone1,1,1,1,1,0.85,0,0,1,1,-48.28,357.96,-331.49,0,0.41,0,-0.91;
custom,cone,stone1,1,1,1,1,0.85,0,0,1,1,-167.04,438.12,-445.32,0,0.23,0,-0.97;
custom,cone,stone1,1,1,1,1,0.85,0,0,1,1,-181.14,438.65,-362.96,0,0.17,0,-0.98;
custom,cone,stone1,1,1,1,1,0.85,0,0,1,1,-290.32,446.51,-217.86,0,0.16,0,-0.99;
custom,cone,stone1,1,1,1,1,0.85,0,0,1,1,-376.19,447.54,-171.95,0,0.09,0,-1;
custom,cone,stone1,1,1,1,1,0.85,0,0,1,1,-315.53,361.06,-52.56,0,0.84,0,0.55;
custom,cone,stone1,1,1,1,1,0.85,0,0,1,1,-229.92,363.01,-102.09,0,0.91,0,0.42;
custom,cone,stone1,1,1,1,1,0.85,0,0,1,1,167.93,432.29,-456.11,0,0.13,0,0.99;
custom,cone,stone1,1,1,1,1,0.85,0,0,1,1,197.08,437.12,-357.73,0,0.04,0,-1;
custom,cone,stone1,1,1,1,1,0.85,0,0,1,1,289.62,439.06,-241.9,0,0.1,0,1;
custom,cone,stone1,1,1,1,1,0.85,0,0,1,1,380.11,438.8,-187.19,0,0.12,0,-0.99;
custom,cone,stone1,1,1,1,1,0.85,0,0,1,1,312.78,359.63,-62.82,0,0.7,0,-0.72;
custom,cone,stone1,1,1,1,1,0.85,0,0,1,1,216.61,362.15,-116.2,0,0.84,0,-0.55;
customb,house1,default,1,1,1,0,1,1,1,1,1,-297.97,302.78,266.91,0,0.69,0,0.72;
customb,house1,default,1,1,1,0,1,1,1,1,1,-301.36,303.8,375.92,0,0.69,0,0.72;
customb,house1,default,1,1,1,0,1,1,1,1,1,348.3,302.87,284.79,0,0.69,0,-0.72;
customb,house1,default,1,1,1,0,1,1,1,1,1,350.08,301.99,387.72,0,0.7,0,-0.71;
customb,house1,default,1,1,2,0,1,1,1,1,1,392.23,310.15,327.94,0,0.02,0,-1;
customb,house1,default,1,1,2,0,1,1,1,1,1,-343.93,304.75,327.23,0,1,0,0.02;
customb,house1,default,1,1,2,0,1,1,1,1,1,1.83,310.39,-264.05,0,0.71,0,0.71;
customb,house1,default,1,1,1,0,1,1,1,1,1,70.04,305.74,-222.23,0,0.02,0,1;
customb,house1,default,1,1,1,0,1,1,1,1,1,-49.63,305.65,-222.18,0,0,0,-1;
custom,cuboid,stone2,8,0.5,10,0,1,1,1,1,1,-303.39,323.63,327.89,0,1,0,0.02;
custom,cuboid,stone2,8,0.5,10,0,1,1,1,1,1,352.93,321.9,333.6,0,1,0,-0.01;
custom,cuboid,stone2,8,0.5,10,0,1,1,1,1,1,8.45,326.62,-225.16,0,0.71,0,-0.71;
customb,house1,default,3.5,2,1.2,0,1,1,1,1,1,344.17,355.3,337.31,0,1,0,0;
customb,house1,default,3.5,2,1.2,0,1,1,1,1,1,-294.24,357.37,320.65,0,0.02,0,-1;
customb,house1,default,3.5,2,1.4,0,1,1,1,1,1,11.72,361.47,-214.47,0,0.71,0,-0.71;
custom,cuboid,stone1,2,10,21,0,1,1,1,1,1,86.93,490.45,8.17,0,1,0,0;
custom,cuboid,stone1,2,10,21,0,1,1,1,1,1,-102.87,490.33,5.22,0,1,0,0.01;
custom,cuboid,stone1,2,10,21,0,1,1,1,1,1,-7.18,490.39,-95.9,0,0.71,0,0.71;
custom,cuboid,stone1,2,10,21,0,1,1,1,1,1,-10.41,490.16,101.49,0,0.7,0,0.71;
custom,tower2,default,2,1,2,0,1,1,1,1,1,75.89,523.12,141.84,0,1,0,0.01;
custom,cuboid,stone5,20,1,20,0,1,1,1,1,1,-9.94,534.71,10.53,0,1,0,0.01;
custom,tower2,default,2,1,2,0,1,1,1,1,1,-96.51,524.25,138.47,0,1,0,0;
custom,tower2,default,2,1,2,0,1,1,1,1,1,-138.14,523.6,-88.8,0,0.71,0,0.71;
custom,tower2,default,2,1,2,0,1,1,1,1,1,75.8,524.68,-43.28,0,1,0,0;
customb,arch1,default,2,2,2,0,1,1,1,1,1,-7.82,600.72,-93.11,0,0.7,0,0.71;
customb,arch1,default,2,2,2,0,1,1,1,1,1,-11.48,600.35,97.48,0,0.71,0,-0.7;
customb,arch1,default,2,2,2.2,0,1,1,1,1,1,80.43,600.69,4.17,0,0,0,1;
customb,arch1,default,2,2,2.2,0,1,1,1,1,1,-98.45,600.12,1.34,0,1,0,0.01;
custom,plane,grass,1000,1,500,0,1,1,1,1,1,-57.35,295.45,3176.25,0,0.01,0,-1;
custom,plane,grass,1000,1,500,0,1,1,1,1,1,-170.28,293.55,-3348.9,0,1,0,-0.01;
custom,plane,grass,1000,1,500,0,1,1,1,1,1,-3104.16,294.58,-488.84,0,0.71,0,-0.7;
custom,plane,grass,1000,1,500,0,1,1,1,1,1,3112.17,294.73,-165.89,0,0.71,0,0.71;
custom,cuboid,stone1,10,1,80,0,1,1,1,1,1,-360.87,272.91,-121.33,0,1,0,0.02;
custom,cuboid,stone1,10,1,80,0,1,1,1,1,1,419.25,272.38,-109.02,0,1,0,-0.01;
custom,cuboid,stone1,10,1,80,0,1,1,1,1,1,-441.5,273,-291,0,0.7,0,-0.71;
custom,cuboid,stone1,10,1,80,0,1,1,1,1,1,452.67,271.97,-305.47,0,0.72,0,0.69;
custom,cuboid,stone3,28,2,30,0,1,1,1,1,1,150.77,285.17,247.32,0,-0.01,0,-1;
custom,cuboid,stone3,30,2,60,0,1,1,1,1,1,437.23,284.96,-12.17,0,1,0,0;
custom,cuboid,stone3,40,2,60,0,1,1,1,1,1,-440.56,284.08,-31.36,0,1,0,0.01;
custom,cuboid,stone3,40,2,60,0,1,1,1,1,1,-243.17,284.67,-403.84,0,1,0,0;
custom,cuboid,stone3,40,2,60,0,1,1,1,1,1,258.2,285.15,-401.8,0,1,0,0;
custom,cuboid,stone3,16,2,12,0,1,1,1,1,1,15.98,284.68,-342.85,0,0.71,0,0.71;
custom,cuboid,stone3,5,2,12,0,1,1,1,1,1,-2.53,277.85,-543.93,0,0.7,0,0.71;
custom,cuboid,stone3,10,2,2,0,1,1,1,1,1,-37.5,284.55,-469.43,0,0.73,0,-0.69;
custom,cuboid,stone3,10,2,3,0,1,1,1,1,1,48.75,285.07,-468.95,0,0.69,0,0.73;
custom,cuboid,stone3,15,2,3,0,1,1,1,1,1,3.95,284.57,-552.9,0,-0.02,0,1;
custom,cuboid,stone3,30,2,30,0,1,1,1,1,1,221.53,284.84,-30.74,0,1,0,0.01;
custom,cuboid,stone3,16,2,20,0,1,1,1,1,1,-171.84,284.44,-15.03,0,0,0,-1;
custom,cuboid,stone3,3,2,20,0,1,1,1,1,1,-37.57,284.52,-151.49,0,0.7,0,-0.72;
custom,cuboid,stone3,3,2,20,0,1,1,1,1,1,42.03,284.88,-265.61,0,0.71,0,0.71;
custom,cuboid,stone3,3,2,20,0,1,1,1,1,1,34.51,285.04,241.31,0,0.71,0,0.71;
custom,cuboid,stone3,6,2,20,0,1,1,1,1,1,40.04,284.37,368.46,0,0.7,0,0.72;
custom,cuboid,stone3,12,2,20,0,1,1,1,1,1,10.7,284.43,169.73,0,0.71,0,0.71;
custom,cuboid,stone3,12,2,20,0,1,1,1,1,1,497.93,284.97,342.05,0,0.7,0,0.71;
custom,cuboid,stone3,15,2,20,0,1,1,1,1,1,428.38,285.29,489.99,0,0.01,0,-1;
custom,cuboid,stone3,20,2,30,0,1,1,1,1,1,-498.14,285.07,290.5,0,0.7,0,0.72;
custom,cuboid,stone3,20,2,30,0,1,1,1,1,1,-482.25,285.22,523.1,0,0,0,-1;
custom,cuboid,stone3,10,2,3,0,1,1,1,1,1,393.01,285.24,334.13,0,0.69,0,0.72;
custom,cuboid,stone3,10,2,3,0,1,1,1,1,1,-344.61,284.81,318.85,0,0.72,0,-0.69;
custom,cuboid,stone2,1,4,50,0,1,1,1,1,1,24.14,103.31,-348.01,0,0.93,0.37,0.01;
custom,cuboid,stone2,1,4,50,0,1,1,1,1,1,-23.1,102.58,-349.69,0.01,0.93,0.37,0;
custom,cuboid,stone2,1,4,25,0,1,1,1,1,1,10.94,188.11,250.14,-0.4,0,0.02,0.92;
custom,cuboid,stone2,1,4,25,0,1,1,1,1,1,-41.34,188.35,249.33,0.4,0,0,-0.91;
custom,cuboid,bark,50,2,150,0,1,1,1,1,1,-624.44,174.44,44.44,0,0,0,-1;
custom,cuboid,bark,50,2,150,0,1,1,1,1,1,608.51,175.78,-24.45,0,1,0,0;
custom,cuboid,bark,50,2,150,0,1,1,1,1,1,331.41,174.52,-358.94,0,1,0,-0.02;
custom,cuboid,bark,50,2,150,0,1,1,1,1,1,-372.99,175.13,-355.54,0,1,0,-0.01;
custom,cuboid,bark,15,2,50,0,1,1,1,1,1,-100.6,174.92,341.07,0,0.71,0,-0.7;
custom,cuboid,bark,20,2,10,0,1,1,1,1,1,56.91,174.69,200.66,0,0.71,0,0.7;
custom,cuboid,bark,20,2,10,0,1,1,1,1,1,-90.94,175.06,199.74,0,0.7,0,-0.72;
custom,cuboid,bark,20,2,30,0,1,1,1,1,1,-70.93,174.73,-584.72,0,0.68,0,-0.73;
custom,cuboid,bark,10,2,50,0,1,1,1,1,1,78.97,174.14,-355.04,0,1,0,-0.02;
custom,cuboid,bark,10,2,50,0,1,1,1,1,1,-72.33,174.91,-351.27,0,1,0,0;
custom,cuboid,bark,10,2,20,0,1,1,1,1,1,12.52,174.25,-202.22,0,0.02,0,1;
custom,cuboid,bark,10,2,5,0,1,1,1,1,1,9.71,181.98,-327.85,0,0.03,0,1;
custom,cuboid,bark,30,11,1,0,1,1,1,1,1,33.97,223.32,-493.62,0,0.7,0,0.71;
custom,cuboid,bark,30,11,1,0,1,1,1,1,1,-27.81,225.41,-497.27,0,0.71,0,-0.71;
custom,cuboid,bark,6,11,1,0,1,1,1,1,1,3.61,234.88,-348.5,0,0.02,0,1;
custom,cuboid,bark,30,11,1,0,1,1,1,1,1,-44.41,221.72,244.72,0,0.72,0,0.7;
custom,cuboid,bark,30,11,1,0,1,1,1,1,1,12.82,227.96,248.2,0,0.7,0,-0.71;
custom,cuboid,stone2,1,1,12,0,1,1,1,1,1,219.5,300.05,458.3,0,1,0,0.01;
custom,cuboid,stone2,1,1,12,0,1,1,1,1,1,163.67,300.85,457.62,0,1,0,0.02;
custom,cuboid,stone3,10,1,5,1,0.61,0.53,0.55,1,1,190.87,294.2,455.7,0,0.72,0,-0.7;
custom,cuboid,stone5,18,1,5,0,1,1,1,1,1,-8.95,241.23,-57.99,0,1,0,0;
custom,cuboid,stone5,18,1,5,0,1,1,1,1,1,-11.3,197.78,56.72,0,1,0,0.01;
custom,cuboid,stone5,18,1,5,0,1,1,1,1,1,-9.57,150.64,-56.92,0,1,0,-0.01;
custom,cuboid,stone5,18,1,5,0,1,1,1,1,1,-10.45,48.02,-57.59,0,1,0,0;
custom,cuboid,stone5,5,1,13,0,1,1,1,1,1,47.91,15.08,18.82,0,0.96,0.27,0;
custom,cuboid,stone5,9,1,5,0,1,1,1,1,1,46.17,126.62,2.34,-0.21,0.67,0.21,-0.68;
custom,cuboid,stone5,9,1,5,0,1,1,1,1,1,49.75,219.58,3.23,-0.18,0.66,0.18,-0.71;
custom,cuboid,stone5,9,1,5,0,1,1,1,1,1,-70.95,175.11,-4.79,0.19,0.69,-0.19,-0.67;
custom,cuboid,stone5,9,1,5,0,1,1,1,1,1,-74.42,75.58,-1.62,0.22,0.68,-0.21,-0.67;
custom,cuboid,stone5,12,1,5,0,1,1,1,1,1,-66.41,240.72,19.18,0,0.7,0,-0.72;
custom,cuboid,stone2,8,20,8,0,1,1,1,1,1,-12.06,145.68,3.13,0,0.7,0,-0.72;
custom,cuboid,stone2,12,1,18,0,1,1,1,1,1,-32.97,47.9,-9.89,0,1,0,-0.02;
custom,cylinder,default,0.1,0.4,0.1,1,0.56,0.57,0.58,1,1,-53.39,56.89,2.56,0,1,0,0.02;
custom,cylinder,default,0.1,0.2,0.1,1,0.56,0.57,0.58,1,1,-55.59,60.35,2.76,-0.71,0.7,0.01,-0.01;
custom,cylinder,default,0.1,0.4,0.1,1,0.56,0.57,0.58,1,1,-66.85,57.15,3.82,0,1,0,-0.03;
custom,cylinder,default,0.1,0.4,0.1,1,0.56,0.57,0.58,1,1,-59.48,57.07,3.18,0,1,0,-0.02;
custom,cylinder,default,0.1,0.2,0.1,1,0.56,0.57,0.58,1,1,-55.1,57.06,2.61,-0.7,0.72,0.01,-0.01;
custom,cylinder,default,0.1,0.2,0.1,1,0.56,0.57,0.58,1,1,-55.13,53.19,2.67,-0.7,0.71,0.02,-0.02;
custom,cylinder,default,0.1,0.3,0.1,1,0.56,0.57,0.58,1,1,-62.43,53.57,3.56,-0.7,0.71,0.02,-0.02;
custom,cylinder,default,0.1,0.4,0.1,1,0.56,0.57,0.58,1,1,-85.25,57.08,2.69,0,1,0,0.01;
custom,cylinder,default,0.1,0.2,0.1,1,0.56,0.57,0.58,1,1,-87.05,60.47,2.84,-0.71,0.71,0.01,-0.01;
custom,cylinder,default,0.1,0.2,0.1,1,0.56,0.57,0.58,1,1,-87.05,53.41,2.72,-0.71,0.7,0.01,-0.01;
custom,cylinder,default,0.1,0.2,0.1,1,0.56,0.57,0.58,1,1,-87.15,57.01,2.63,-0.71,0.7,0.01,-0.01;
custom,cylinder,default,0.1,0.4,0.1,1,0.56,0.57,0.58,1,1,-78.53,57.45,4,0,1,0,0.01;
custom,cylinder,default,0.1,0.4,0.1,1,0.56,0.57,0.58,1,1,-70.36,56.99,3.37,0,1,0,0;
custom,cylinder,default,0.1,0.4,0.1,1,0.56,0.57,0.58,1,1,-75.74,57.07,3.67,0,1,0,-0.01;
custom,cylinder,default,0.1,0.3,0.1,1,0.56,0.57,0.58,1,1,-72.78,53.53,3.17,0.71,0.71,-0.01,-0.01;
custom,cylinder,default,0.1,0.3,0.1,1,0.56,0.57,0.58,1,1,-73.24,60.58,3.04,-0.71,0.71,0,0;
custom,cylinder,default,0.1,0.2,0.1,1,0.56,0.57,0.58,1,1,-80.5,57.87,3.97,-0.71,0.71,0.01,-0.01;
custom,cylinder,default,0.1,0.2,0.1,1,0.56,0.57,0.58,1,1,-80.24,60.87,3.76,-0.71,0.71,0.01,-0.01;
custom,cylinder,default,0.1,0.2,0.1,1,0.56,0.57,0.58,1,1,-82.28,59.41,3.83,0,1,0,-0.02;
custom,cuboid,default,5,2,0.5,1,0,0,0,1,1,-68.35,62.09,-4.12,0,1,0,0;
custom,cuboid,default,2,2,0.5,1,0,0,0,1,1,-49.75,59.01,7.62,0,0.72,0,0.7;
custom,cuboid,default,2,2,0.5,1,0,0,0,1,1,-92.37,59.77,8.26,0,0.71,0,-0.7;
custom,cuboid,default,5,0.5,2,1,0,0,0,1,1,-71.39,50.53,8.2,0,1,0,-0.02;
custom,cuboid,default,5,0.5,2,1,0,0,0,1,1,-73.34,69.76,7.94,0,1,0,-0.01;
custom,cylinder,default,0.5,1,0.5,1,0,0.59,0,1,1,-90.67,67.75,66.89,0.49,0.5,-0.5,-0.51;
custom,pyramid,default,0.5,0.5,0.1,1,0,0.59,0,1,1,-89,67.79,55.05,0.5,0.49,-0.51,-0.5;
custom,pyramid,stone5,5,10,0.1,0,1,1,1,1,1,22.25,-20.39,34.52,0.59,0.4,0.55,0.43;
custom,cuboid,stone5,5,5,1,0,1,1,1,1,1,25.28,20.56,-58.71,0,0.76,0,0.65;
custom,capsule,default,0.5,0.5,0.5,0,1,1,1,1,1,-41.5,3.64,-77.78,0,1,0,-0.05;
base,aot_supply,-35.39025,-0.1481017,-76.34946,0,0.9999576,0,-0.01,0,0,0,0,0,0,0,0,0,0;
custom,capsule,default,0.5,0.5,0.5,0,1,1,1,1,1,-45.92,3.76,-77.46,0,1,0,-0.03;
custom,capsule,default,0.5,0.5,0.5,0,1,1,1,1,1,-29.74,3.78,-77.92,0,1,0,-0.01;
custom,capsule,default,0.5,0.5,0.5,0,1,1,1,1,1,-25.15,3.95,-78.47,0,1,0,-0.01;
custom,capsule,default,0.5,0.8,0.5,0,1,1,1,1,1,-21.22,6.76,-77.51,0,1,0,0.03;
custom,capsule,default,0.5,0.8,0.5,0,1,1,1,1,1,-16.6,6.56,-77.77,0,1,0,0.03;
custom,capsule,default,0.5,0.8,0.5,0,1,1,1,1,1,-49.83,6.58,-77.79,0,1,0,0.01;
custom,capsule,default,0.5,0.8,0.5,0,1,1,1,1,1,-54.69,6.66,-78.37,0,1,0,-0.03;
custom,cylinder,default,0.2,0.4,0.2,0,1,1,1,1,1,-81.02,4.06,-78.44,0,1,0,-0.02;
custom,cylinder,default,0.2,0.3,0.2,0,1,1,1,1,1,-77.2,2.46,-78.05,0,1,0,-0.02;
custom,cylinder,default,0.2,1.4,0.2,0,1,1,1,1,1,-67.81,7.82,-78.37,-0.71,0.71,0,0;
custom,cylinder,default,0.2,1.4,0.2,0,1,1,1,1,1,-63.99,5.02,-77.98,-0.71,0.7,0,0;
custom,capsule,default,3,4,3,0,1,1,1,1,1,-73.19,17.47,8.26,0.5,0.5,-0.51,-0.49;
custom,cuboid,stone4,5,0.5,3,0,1,1,1,1,1,-73.55,-1.42,11.91,0,0.7,0,-0.71;
custom,cuboid,stone2,1,1,1,0,1,1,1,1,1,-73.94,2.43,-2.74,0,0.7,0,-0.71;
custom,cuboid,stone2,1,1,1,0,1,1,1,1,1,-75.69,4.63,22.29,0,0.7,0,-0.71;
custom,cylinder,default,0.2,1,0.2,0,1,1,1,1,1,-88.8,9.25,-75.11,0,0.7,0,-0.72;
custom,cylinder,default,0.2,5,0.2,0,1,1,1,1,1,-86.57,19.6,-26.33,-0.49,0.49,0.51,-0.51;
custom,cuboid,stone2,5,1,1,0,1,1,1,1,1,-7.5,276.23,74.1,0,0.01,0,-1;
custom,cuboid,stone2,5,1,1,0,1,1,1,1,1,-7.55,267.46,64.45,0,0.01,0,-1;
custom,cuboid,stone2,2,4,5,0,1,1,1,1,1,26.22,265.11,57.68,0,0.01,0,-1;
custom,cuboid,stone2,2,4,5,0,1,1,1,1,1,-41.7,264.91,56.98,0,0,0,-1;
custom,cuboid,stone2,5,1,1,0,1,1,1,1,1,-7.13,257.86,54.59,0,0.01,0,-1;
custom,cuboid,stone2,5,1,1,0,1,1,1,1,1,-7.14,248.46,45.44,0,0,0,-1;
custom,cuboid,stone2,5,1,5,0,1,1,1,1,1,45.49,240.42,65.91,0,0.7,0,-0.71;
custom,cuboid,stone2,18,0.5,12,0,1,1,1,1,1,-8.08,291.74,-25.82,0,0,0,-1;
custom,cuboid,stone2,6,1,7,0,1,1,1,1,1,46.24,289.22,65.97,0,1,0,0.01;
custom,cuboid,stone2,6,1,7,0,1,1,1,1,1,-60.44,289.02,62.15,0,1,0,0;
custom,castle1,default,2,2,2,0,1,1,1,1,1,467.42,380.72,-244.47,0,1,0,0.03;
custom,castle1,default,2,2,2,0,1,1,1,1,1,-463.8,387.9,-228.69,0,-0.28,0,-0.96;
base,aot_supply,41.34373,351.2994,126.8453,-0.5917198,0.02540774,-0.02,-0.81,0,0,0,0,0,0,0,0,0,0;
custom,tower1,default,4,1.5,4,0,1,1,1,1,1,387.11,373.96,119.93,0,1,0,0.01;
custom,tower1,default,4,1.5,4,0,1,1,1,1,1,-391.97,375.95,92.48,0,1,0,0;
customb,house1,default,3.5,1.5,1,0,1,1,1,1,1,141,317.22,307.19,0,0,0,-1;
customb,house1,default,3.5,1.5,1,0,1,1,1,1,1,-160.09,316.02,385.21,0,-0.01,0,1;
customb,house1,default,3.5,1.5,1,0,1,1,1,1,1,164.6,314.46,-238.14,0,0,0,1;
customb,house1,default,3.5,1.5,1,0,1,1,1,1,1,-152.96,313.79,-233.27,0,1,0,-0.01;
customb,tree0,default,1,1,1,0,1,1,1,1,1,-174.66,367.18,233.53,0,0.2,0,0.98;
customb,tree0,default,1,1,1,0,1,1,1,1,1,137.8,367.89,198.6,0,0.2,0,-0.98;
custom,leaf0,default,1,1,1,0,1,1,1,1,1,-214.99,356.52,248.46,0,0.19,0,0.98;
custom,leaf0,default,1,1,1,0,1,1,1,1,1,-213.77,359.77,249.64,-0.62,0.14,0.11,0.77;
custom,leaf0,default,1,1,1,0,1,1,1,1,1,-215.87,365.46,249.98,0.19,0.16,0.66,0.71;
custom,leaf0,default,1,1,1,0,1,1,1,1,1,-130.47,351.7,240.21,0,0.07,0,1;
custom,leaf0,default,1,1,1,0,1,1,1,1,1,-129.76,353.7,240.91,-0.67,-0.14,-0.04,0.73;
custom,leaf0,default,1,1,1,0,1,1,1,1,1,-129.5,355.07,241.04,0.14,0,-0.69,0.71;
custom,leaf0,default,0.7,0.7,0.7,0,1,1,1,1,1,-189.08,379.42,259.97,0,0.18,0,0.98;
custom,leaf0,default,0.7,0.7,0.7,0,1,1,1,1,1,-188.51,380.02,264.43,0.17,-0.12,-0.65,0.73;
custom,leaf0,default,0.7,0.7,0.7,0,1,1,1,1,1,-189.68,383,263,-0.61,0.05,-0.33,0.71;
custom,leaf0,default,0.7,0.7,0.7,0,1,1,1,1,1,-171.98,388.44,197.66,0,0.13,0,0.99;
custom,leaf0,default,0.7,0.7,0.7,0,1,1,1,1,1,-175.23,390.44,197.92,0.01,0.02,0.69,0.72;
custom,leaf0,default,0.7,0.7,0.7,0,1,1,1,1,1,-172.28,391.94,198.69,-0.56,0.12,0.08,0.82;
custom,leaf0,default,1.5,1.5,1.5,0,1,1,1,1,1,-170.85,419.75,229.66,0,0.14,0,0.99;
custom,leaf0,default,1,1,1,0,1,1,1,1,1,-172.63,432.11,230.92,0,0.12,0,0.99;
custom,leaf0,default,0.5,0.5,0.5,0,1,1,1,1,1,-173.16,440.31,232.91,0,0.12,0,0.99;
custom,leaf0,default,1.5,1.5,1.5,0,1,1,1,1,1,-169.18,436.08,232.72,0.66,0.09,-0.08,0.74;
custom,leaf0,default,1.5,1.5,1.5,0,1,1,1,1,1,-173.68,434.56,231.55,-0.42,0.58,0.5,0.49;
custom,leaf0,default,2,2,2,0,1,1,1,1,1,-171.22,295.34,228.99,0,0.22,0,0.98;
custom,leaf0,default,2,2,2,0,1,1,1,1,1,136.81,295.85,192.7,0,0.73,0,0.69;
custom,leaf0,default,1,1,1,0,1,1,1,1,1,166.71,353.16,235.04,0,0.19,0,-0.98;
custom,leaf0,default,1,1,1,0,1,1,1,1,1,166.24,356.76,236.79,0.57,0.12,0.44,-0.68;
custom,leaf0,default,1,1,1,0,1,1,1,1,1,166.18,358.05,234.78,-0.49,0.21,0.52,-0.67;
custom,leaf0,default,1,1,1,0,1,1,1,1,1,101.86,356.6,183.54,0,0.08,0,-1;
custom,leaf0,default,1,1,1,0,1,1,1,1,1,101.28,358.95,182.04,0.68,0.14,0.15,-0.7;
custom,leaf0,default,1,1,1,0,1,1,1,1,1,95.49,362.99,183.83,0.61,0.36,-0.35,0.62;
custom,leaf0,default,0.7,0.7,0.7,0,1,1,1,1,1,107.12,380.17,206.89,0,0.07,0,-1;
custom,leaf0,default,0.7,0.7,0.7,0,1,1,1,1,1,106.07,380.77,208.56,0.68,-0.11,-0.17,-0.71;
custom,leaf0,default,0.7,0.7,0.7,0,1,1,1,1,1,103.93,383.12,209.15,-0.49,0.29,-0.47,-0.67;
custom,leaf0,default,0.7,0.7,0.7,0,1,1,1,1,1,164.12,388.95,171.81,0,0.09,0,-1;
custom,leaf0,default,0.7,0.7,0.7,0,1,1,1,1,1,162.74,390.51,171.56,0.23,-0.04,0.59,-0.77;
custom,leaf0,default,1.5,1.5,1.5,0,1,1,1,1,1,144.43,417.69,194.56,0,0.13,0,-0.99;
custom,leaf0,default,1,1,1,0,1,1,1,1,1,141.78,432.07,196.11,0,0.11,0,-0.99;
custom,leaf0,default,0.5,0.5,0.5,0,1,1,1,1,1,140.74,440.58,196.84,0,0.1,0,-0.99;
custom,leaf0,default,1.5,1.5,1.5,0,1,1,1,1,1,141.66,425.99,198.88,0.66,0.11,0.1,-0.74;
custom,leaf0,default,1.5,1.5,1.5,0,1,1,1,1,1,140.64,423.47,204.26,0.43,0.57,0.49,-0.51;
customb,tree0,default,3,3,3,0,1,1,1,1,1,385.68,510.43,1750.27,0,0.16,0,0.99;
customb,tree0,default,3,3,3,0,1,1,1,1,1,-122.1,514.31,1806.94,0,0.28,0,0.96;
customb,tree0,default,3,3,3,0,1,1,1,1,1,131.43,510.94,1885.7,0,0.05,0,1;
customb,tree0,default,2,2,2,0,1,1,1,1,1,308.74,440.89,1588.72,0,0.68,0,-0.74;
customb,tree0,default,2,2,2,0,1,1,1,1,1,-380.83,438.82,1497.13,0,0.53,0,-0.85;
customb,tree0,default,1,1,1,0,1,1,1,1,1,34.46,367.23,1351.32,0,0.7,0,0.71;
customb,tree0,default,1,1,1,0,1,1,1,1,1,227.95,366.88,1280.59,0,0.62,0,0.79;
customb,tree0,default,0.5,0.5,0.5,0,1,1,1,1,1,-91.1,332.57,1002.76,0,0.13,0,-0.99;
customb,house1,default,1,1,1,0,1,1,1,1,1,-271.9,308.98,152.86,0,0.71,0,0.71;
customb,house1,default,1,1,1,0,1,1,1,1,1,247.18,310,167.42,0,0.71,0,-0.71;
customb,house1,default,1,1,1,0,1,1,1,1,1,125.47,309.67,-62.51,0,0.72,0,-0.7;
customb,house1,default,1,1,1,0,1,1,1,1,1,-143.74,309.23,-71.26,0,0.71,0,0.7;
customb,house1,default,1,1,1,0,1,1,1,1,1,509.7,309.32,271.29,0,0.71,0,0.7;
customb,house1,default,1,1,1,0,1,1,1,1,1,-524.1,308.69,246.28,0,0.69,0,0.72;
customb,house1,default,1,1,1,0,1,1,1,1,1,385.75,308.68,160.62,0,1,0,-0.01;
customb,house1,default,1,1,1,0,1,1,1,1,1,-396.14,309.26,132.59,0,1,0,0.02;
customb,house1,default,1,1.5,1,0,1,1,1,1,1,-523.47,317.04,77.6,0,0.7,0,0.71;
customb,house1,default,1,1.5,1,0,1,1,1,1,1,516.14,317.51,117.58,0,-0.7,0,0.72;
customb,house1,default,1,1.5,1,0,1,1,1,1,1,-381.85,318.49,500.58,0,1,0,0;
customb,house1,default,1,1.5,1,0,1,1,1,1,1,348.01,318.6,544.7,0,1,0,0;
customb,arch1,default,1,1,2,0,1,1,1,1,1,439.58,392.28,412.2,0,0.89,0,-0.45;
customb,arch1,default,1,1,2,0,1,1,1,1,1,-388.94,394.06,413.94,0,0.94,0,0.33;
custom,house3,default,1.3,1.3,1.3,0,1,1,1,1,1,-254.29,350.35,-307.67,0,-0.43,0,-0.9;
custom,house3,default,1.3,1.3,1.3,0,1,1,1,1,1,-219.48,351.94,-499.28,0,0.92,0,0.4;
custom,house4,default,1.3,1.3,1.3,0,1,1,1,1,1,-347.34,349.02,-392.78,0,-0.39,0,-0.92;
custom,house3,default,1.3,1.3,1.3,0,1,1,1,1,1,259.82,344.43,-325.59,0,0.44,0,-0.9;
custom,house3,default,1.3,1.3,1.3,0,1,1,1,1,1,204.67,345.23,-498.64,0,0.88,0,-0.47;
custom,house4,default,1.3,1.3,1.3,0,1,1,1,1,1,352.37,344.05,-400.14,0,0.38,0,-0.92;
customb,house1,default,1,1,1,0,1,1,1,1,1,-355.54,309.42,-29.04,0,0.87,0,0.49;
customb,house1,default,1,1,1,0,1,1,1,1,1,350.02,310.4,-40.62,0,0.86,0,-0.51;
customb,house1,default,1,1,1,0,1,1,1,1,1,461.36,309.55,-27.71,0,1,0,-0.01;
customb,house1,default,1,1,1,0,1,1,1,1,1,-478.54,308.74,-38.81,0,1,0,0;
customb,house1,default,1,1,1,0,1,1,1,1,1,-379.7,304.66,317.87,0,0.69,0,0.72;
customb,house1,default,1,1,1,0,1,1,1,1,1,-501.06,308.69,357.36,0,-0.33,0,0.94;
customb,house1,default,1,1,0.6,0,1,1,1,1,1,413.21,309.54,335.53,0,0.71,0,-0.7;
customb,house1,default,1,1,0.6,0,1,1,1,1,1,509.53,309.88,365.29,0,-0.34,0,-0.94;
customb,house1,default,1,1,1,0,1,1,1,1,1,443.36,310.11,451.64,0,0.36,0,-0.93;
customb,house1,default,1,1,1,0,1,1,1,1,1,-452.16,312.42,422.77,0,0.37,0,0.93;
customb,house1,default,1,2,2,0,1,1,1,1,1,-253.02,326.43,589.18,0,0.7,0,0.71;
customb,house1,default,1,2,2,0,1,1,1,1,1,223.88,327.46,598.63,0,0.71,0,-0.71;
customb,house1,default,1,1.5,1,0,1,1,1,1,1,243.7,318.71,61.92,0,0.5,0,-0.87;
customb,house1,default,1,1.5,1,0,1,1,1,1,1,-257.33,316.95,48.39,0,0.54,0,0.84;
custom,tower1,default,1,0.5,1,0,1,1,1,1,1,234.32,319.06,333.22,0,1,0,0.01;
customb,house1,default,1,3,2,0,1,1,1,1,1,168.6,47.48,91.36,0,0.71,0,-0.71;
customb,house1,default,1,3,2,0,1,1,1,1,1,-189.01,43.63,84.55,0,0.71,0,0.71;
customb,house1,default,1,2,9,0,1,1,1,1,1,-46.2,29.62,162.01,0,0.7,0,0.71;
customb,house1,default,2.05,1,1,0,1,1,1,1,1,2.84,14.38,-310.78,0,0.01,0,1;
customb,house1,default,2,4,4,0,1,1,1,1,1,-8.77,53.64,-628.59,0,0.7,0,0.71;
customb,house1,default,2.1,2,1,0,1,1,1,1,1,3.13,26.34,-360.46,0,-0.01,0,1;
customb,house1,default,2.15,3,1,0,1,1,1,1,1,4.77,34.49,-404.21,0,-0.01,0,1;
customb,house1,default,3,3.5,3,0,1,1,1,1,1,4.23,46.36,-420.64,0,-0.72,0,0.7;
customb,arch1,default,1,2,3,0,1,1,1,1,1,-25.28,40.23,-332.59,0.37,0,0,0.93;
customb,arch1,default,1,1,1,0,1,1,1,1,1,-145.1,69.17,-134.31,0,0.42,0,0.91;
customb,arch1,default,1,1,1,0,1,1,1,1,1,124.06,69.63,-126.69,0,0.41,0,-0.91;
customb,house1,default,3.5,2,1,0,1,1,1,1,1,-197.43,30.91,-190.12,0,0.42,0,0.91;
customb,house1,default,3.5,2,1,0,1,1,1,1,1,184.92,30.48,-169.91,0,0.41,0,-0.91;
customb,house1,default,3,3,3,0,1,1,1,1,1,-640.69,45.78,-626.14,0,0.92,0,0.4;
customb,house1,default,3,3,3,0,1,1,1,1,1,616.08,46.51,-633.15,0,0.38,0,0.93;
customb,house1,default,7,3,2,0,1,1,1,1,1,522.02,45.32,517.77,0,-0.01,0,1;
customb,house1,default,7,3,2,0,1,1,1,1,1,-502.82,47.97,526.42,0,-0.01,0,1;
custom,house2,default,2,2,2,0,1,1,1,1,1,-9.39,-1.48,-579.09,0,-0.01,0,1;
custom,house2,default,1,1,1,0,1,1,1,1,1,-41.01,2.23,-582.91,0,0.7,0,0.72;
custom,house2,default,1,1,1,0,1,1,1,1,1,22.41,2.15,-579.32,0,0.71,0,-0.7;
custom,cylinder,bark,15,15,15,0,1,1,1,1,1,-9.79,-148.52,-595.26,0,1,0,0.02;
base,aot_supply,21.91328,4.314214,-560.4597,0,0.01323962,0,1,0,0,0,0,0,0,0,0,0,0;
base,aot_supply,-41.53976,4.216027,-562.9196,0,-0.02435225,0,1,0,0,0,0,0,0,0,0,0,0;
custom,cylinder,default,0.1,0.4,0.1,0,1,1,1,1,1,14.8,5.13,-560.73,0,0.41,0,-0.91;
custom,cylinder,default,0.1,0.4,0.1,0,1,1,1,1,1,-34.71,5.44,-563.29,0,0.25,0,0.97;
custom,cylinder,default,0.1,0.2,0.1,0,1,1,1,1,1,-36.44,8.75,-562.58,-0.04,0.04,-0.7,0.71;
custom,cylinder,default,0.1,0.2,0.1,0,1,1,1,1,1,16.41,8.55,-560.11,-0.08,0.11,0.68,-0.72;
custom,cylinder,default,0.2,0.3,0.2,0,1,1,1,1,1,-85.55,1.34,-68.17,0,0.89,0,-0.47;
custom,cylinder,default,0.2,0.3,0.2,0,1,1,1,1,1,-83.12,1.43,-67.96,0,0.89,0,-0.46;
custom,cylinder,default,0.2,1,0.2,0,1,1,1,1,1,-83.58,2.92,-78.3,-0.02,0.71,-0.71,-0.02;
custom,cylinder,default,0.2,1,0.2,0,1,1,1,1,1,-86.1,2.8,-78.29,-0.02,0.7,-0.71,-0.02;
custom,tower1,default,4,1,4,0,1,1,1,1,1,-401.44,51.14,-305.53,0,0.7,0,-0.71;
customb,house1,default,1,2,1,0,1,1,1,1,1,-601.98,32.9,-409.31,0,1,0,0.01;
customb,house1,default,1,2,1,0,1,1,1,1,1,-597.84,31.76,-585.14,0,0.01,0,-1;
customb,house1,default,1,2,1,0,1,1,1,1,1,-603.53,32.26,-299.15,0,1,0,0.01;
customb,house1,default,1,2,1,0,1,1,1,1,1,-597.24,31.78,-193.5,0,0,0,1;
customb,house1,default,1,2,1,0,1,1,1,1,1,-596.32,30.7,-83.37,0,0.01,0,1;
customb,house1,default,1,2,1,0,1,1,1,1,1,-599.93,30.4,32.27,0,-0.01,0,1;
customb,house1,default,1,2,1,0,1,1,1,1,1,-600.67,30.38,135.48,0,0,0,1;
custom,tower1,default,4,1,4,0,1,1,1,1,1,385.89,52.04,-12.44,0,0.7,0,0.72;
customb,house1,default,1,2,1,0,1,1,1,1,1,573.5,31.84,-599.9,0,-0.01,0,-1;
custom,tower1,default,4,1,4,0,1,1,1,1,1,-401.36,51.53,-193.52,0,0.69,0,-0.72;
custom,tower1,default,4,1,4,0,1,1,1,1,1,382.57,53.02,-268.57,0,0.71,0,0.7;
customb,house1,default,1,2,1,0,1,1,1,1,1,582.18,30.48,120.31,0,1,0,-0.01;
customb,house1,default,1,2,1,0,1,1,1,1,1,581.74,29.72,-6.84,0,1,0,0;
customb,house1,default,1,2,1,0,1,1,1,1,1,586.15,29.25,-139.93,0,0.01,0,-1;
customb,house1,default,1,2,1,0,1,1,1,1,1,579.05,30.5,-270.79,0,1,0,-0.01;
customb,house1,default,1,2,1,0,1,1,1,1,1,574.23,30.88,-412.45,0,1,0,-0.02;
custom,tower1,default,4,1,4,0,1,1,1,1,1,-401.32,51.53,-86.66,0,0.7,0,-0.71;
customb,house1,default,1,2,3,0,1,1,1,1,1,-488.24,29.6,-431.44,0,0.71,0,-0.71;
customb,house1,default,1,2,3,0,1,1,1,1,1,-488.65,31.74,-385.33,0,0.71,0,-0.71;
customb,house1,default,1,2,3,0,1,1,1,1,1,-490.35,31.03,-323.54,0,0.7,0,-0.72;
customb,house1,default,1,2,3,0,1,1,1,1,1,-491.16,30.63,-279.4,0,0.7,0,-0.72;
customb,house1,default,1,2,3,0,1,1,1,1,1,-491.26,30.79,-211.81,0,0.7,0,-0.71;
customb,house1,default,1,2,3,0,1,1,1,1,1,-489.84,29.14,-166.76,0,0.7,0,-0.71;
customb,house1,default,1,2,3,0,1,1,1,1,1,-489.67,27.96,-102.62,0,0.7,0,-0.72;
customb,house1,default,1,2,3,0,1,1,1,1,1,-489.61,29.36,-58.65,0,0.7,0,-0.72;
customb,house1,default,1,2,3,0,1,1,1,1,1,-492.26,29.56,16.14,0,0.71,0,-0.7;
customb,house1,default,1,2,3,0,1,1,1,1,1,-492.4,29.76,60.37,0,0.71,0,-0.71;
customb,house1,default,1,2,3,0,1,1,1,1,1,-493.15,29.94,121.6,0,0.72,0,-0.7;
customb,house1,default,1,2,3,0,1,1,1,1,1,-493.42,29.75,164.94,0,0.71,0,-0.7;
custom,tower1,default,4,1,4,0,1,1,1,1,1,-399.37,51.01,-410.46,0,0.71,0,-0.7;
custom,tower1,default,4,1,4,0,1,1,1,1,1,384.4,51.9,117.51,0,0.7,0,0.72;
customb,house1,default,1,2,3,0,1,1,1,1,1,466.53,30.25,-437.85,0,0.71,0,0.7;
customb,house1,default,1,2,3,0,1,1,1,1,1,467.3,30.72,-393.69,0,0.71,0,0.7;
customb,house1,default,1,2,3,0,1,1,1,1,1,471.29,29.72,-294.33,0,0.72,0,0.69;
customb,house1,default,1,2,3,0,1,1,1,1,1,471.96,30.21,-252.2,0,0.71,0,0.7;
customb,house1,default,1,2,3,0,1,1,1,1,1,473.43,28.93,-162.1,0,0.71,0,0.7;
customb,house1,default,1,2,3,0,1,1,1,1,1,472.61,29.13,-117.63,0,0.71,0,0.71;
customb,house1,default,1,2,3,0,1,1,1,1,1,475.27,30.09,-35.14,0,0.7,0,0.71;
customb,house1,default,1,2,3,0,1,1,1,1,1,474.25,30.13,8.29,0,0.7,0,0.71;
customb,house1,default,1,2,3,0,1,1,1,1,1,474.31,30.93,92.32,0,0.71,0,0.7;
customb,house1,default,1,2,3,0,1,1,1,1,1,473.97,30.16,136.85,0,0.71,0,0.71;
custom,tower1,default,4,1,4,0,1,1,1,1,1,383.08,52.38,-137.38,0,0.7,0,0.71;
custom,tower1,default,4,1,4,0,1,1,1,1,1,376.92,55.83,-412.1,0,0.72,0,0.7;
custom,tower1,default,4,1,4,0,1,1,1,1,1,-403.17,54.44,36.24,0,0.7,0,-0.71;
custom,tower1,default,4,1,4,0,1,1,1,1,1,-403.77,54.95,141.89,0,0.71,0,-0.71;
custom,cuboid,stone1,5,0.5,20,1,0.83,0.34,0.28,1,1,-498.17,74.52,-411.08,0,0.71,0,-0.71;
custom,cuboid,stone1,5,0.5,20,1,0.83,0.34,0.28,1,1,-499.04,73.77,-304.09,0,0.7,0,-0.71;
custom,cuboid,stone1,5,0.5,20,1,0.83,0.34,0.28,1,1,-501.3,73.86,-192.19,0,0.71,0,-0.71;
custom,cuboid,stone1,5,0.5,20,1,0.83,0.34,0.28,1,1,-500.27,72.48,-82.46,0,0.7,0,-0.71;
custom,cuboid,stone1,5,0.5,20,1,0.83,0.34,0.28,1,1,-503.24,72.57,34.68,0,0.71,0,-0.71;
custom,cuboid,stone1,5,0.5,20,1,0.83,0.34,0.28,1,1,-510.26,72.42,139.73,0,0.71,0,-0.71;
custom,cuboid,stone1,5,0.5,20,1,0.83,0.34,0.28,1,1,473.62,73.34,-414.01,0,0.71,0,0.7;
custom,cuboid,stone1,5,0.5,20,1,0.83,0.34,0.28,1,1,482.48,72.34,-269.35,0,0.71,0,0.7;
custom,cuboid,stone1,5,0.5,20,1,0.83,0.34,0.28,1,1,484.66,70.54,-136.55,0,0.71,0,0.7;
custom,cuboid,stone1,5,0.5,20,1,0.83,0.34,0.28,1,1,483.83,71.94,-9.55,0,0.7,0,0.71;
custom,cuboid,stone1,5,0.5,20,1,0.83,0.34,0.28,1,1,481.2,73.07,118.71,0,0.71,0,0.71;
custom,tower1,default,1,0.8,1,0,1,1,1,1,1,387.57,152.91,-412.04,0,0.69,0,-0.72;
custom,tower1,default,1,0.8,1,0,1,1,1,1,1,392.78,146.9,-268.03,0,0.7,0,-0.72;
custom,tower1,default,1,0.8,1,0,1,1,1,1,1,393.67,146.05,-136.11,0,0.71,0,-0.7;
custom,tower1,default,1,0.8,1,0,1,1,1,1,1,396.4,141.83,-11.17,0,0.71,0,-0.7;
custom,tower1,default,1,0.8,1,0,1,1,1,1,1,395.06,144.91,118.67,0,0.72,0,-0.7;
custom,tower1,default,1,0.8,1,0,1,1,1,1,1,-409.96,144.65,-410.51,0,0.71,0,0.71;
custom,tower1,default,1,0.8,1,0,1,1,1,1,1,-411.97,138.01,-305.88,0,0.72,0,0.7;
custom,tower1,default,1,0.8,1,0,1,1,1,1,1,-412.58,139.98,-193.77,0,0.73,0,0.69;
custom,tower1,default,1,0.8,1,0,1,1,1,1,1,-412.47,142.31,-87.68,0,0.71,0,0.7;
custom,tower1,default,1,0.8,1,0,1,1,1,1,1,-414.49,142.37,35.81,0,0.71,0,0.7;
custom,tower1,default,1,0.8,1,0,1,1,1,1,1,-414.54,144.64,141.46,0,0.7,0,0.71;
customb,arch1,default,1,2,2,0,1,1,1,1,1,-598.25,72.22,-495.18,0,0.01,0,1;
customb,arch1,default,1,2,2,0,1,1,1,1,1,576.37,69.07,-488.81,0,0.02,0,1;
custom,cylinder,stone3,10,10,10,0,1,1,1,1,1,-526.82,-92.64,-579.7,0,0.72,0,-0.69;
custom,cylinder,stone3,10,10,10,0,1,1,1,1,1,498.23,-93.07,-587.55,0,0.94,0,0.35;
custom,cylinder,bark,9.5,9.5,9.5,1,0,0.18,1,1,1,497.78,-87.68,-587.6,0,0.87,0,0.49;
custom,cylinder,bark,9.5,9.5,9.5,1,0,0.18,1,1,1,-526.97,-87.23,-579.85,0,0.5,0,-0.86;
custom,cylinder,stone3,3,3,3,0,1,1,1,1,1,-524.04,-19.67,-580.5,0,0.55,0,-0.83;
custom,cylinder,stone3,2,2,2,0,1,1,1,1,1,-524.22,24.54,-580.89,0,0.44,0,-0.9;
custom,cylinder,stone3,3,3,3,0,1,1,1,1,1,496.63,-18.61,-587.5,0,0.87,0,-0.49;
custom,cylinder,stone3,2,2,2,0,1,1,1,1,1,496.62,26.85,-587.69,0,0.74,0,-0.67;
customb,house1,default,1,1,1,0,1,1,1,1,1,346.51,12.38,-14.66,0,0.71,0,0.7;
customb,house1,default,1,1,1,0,1,1,1,1,1,342.01,14.2,-270.72,0,0.71,0,0.7;
customb,house1,default,1,1,1,0,1,1,1,1,1,-363.85,13.95,38.34,0,0.71,0,-0.7;
customb,house1,default,1,1,1,0,1,1,1,1,1,-363.23,14.81,-191.66,0,0.7,0,-0.71;
customb,house1,default,1,1,2,0,1,1,1,1,1,-321.24,9.8,-409.18,0,0.7,0,-0.71;
customb,house1,default,1,3,0.3,0,1,1,1,1,1,-266.31,53.47,-413.82,0,0.01,0,1;
customb,house1,default,1,3,0.3,0,1,1,1,1,1,378.57,44.33,-518.82,0,0.72,0,-0.7;
customb,house1,default,1,1,2,0,1,1,1,1,1,375.71,14.85,-573.72,0,1,0,0.01;
customb,house1,default,1,1,2,0,1,1,1,1,1,171.61,15.23,-424.88,0,0.7,0,-0.71;
customb,house1,default,1,1,3,0,1,1,1,1,1,181.28,14.27,-597.72,0,0.92,0,-0.4;
customb,house1,default,1,1,3,0,1,1,1,1,1,-192.14,14.46,-594.99,0,0.91,0,0.4;
customb,house1,default,1,1,2,0,1,1,1,1,1,-407.05,13.17,-593.04,0,1,0,-0.01;
customb,house1,default,1,3,0.3,0,1,1,1,1,1,-402.71,52.61,-538.72,0,0.7,0,-0.72;
customb,house1,default,1,3,0.3,0,1,1,1,1,1,-252.61,51.61,-534.44,0,0.93,0,-0.37;
customb,house1,default,1,3,0.3,0,1,1,1,1,1,246.29,42.42,-542.21,0,0.35,0,-0.94;
customb,house1,default,1,3,0.3,0,1,1,1,1,1,225.83,40.1,-429.08,0,0.02,0,1;
customb,house1,default,1,1,1,0,1,1,1,1,1,60.53,12.73,-275.29,0,0.7,0,-0.71;
customb,house1,default,1,1,1,0,1,1,1,1,1,-64.55,15.31,-278.07,0,0.72,0,0.7;
custom,cuboid,stone3,10,2,100,0,1,1,1,1,1,-6.57,4.39,292.53,0,0.7,0,-0.71;
custom,cuboid,bark,8,2,100,1,0,0.2,1,1,1,-6.07,4.63,291.85,0,0.71,0,0.7;
custom,cylinder,stone3,15,15,15,0,1,1,1,1,1,488.69,-135.55,286.8,0,0.73,0,-0.68;
custom,cylinder,stone3,15,15,15,0,1,1,1,1,1,-503.74,-135.57,297.12,0,0.7,0,0.71;
custom,cylinder,bark,14,14,14,1,0,0.3,1,1,1,-504.73,-124.77,296.47,0,0.71,0,-0.7;
custom,cylinder,bark,14,14,14,1,0,0.3,1,1,1,489.88,-124.42,287.27,0,0.69,0,-0.72;
custom,cylinder,stone3,4,4,4,0,1,1,1,1,1,-501.77,-20.13,297,0,0.4,0,-0.92;
custom,cylinder,stone3,2,2,2,0,1,1,1,1,1,-501.97,38.98,296.82,0,0.32,0,-0.95;
custom,cylinder,stone3,1,1,1,0,1,1,1,1,1,-501.79,67.55,296.26,0,0.39,0,-0.92;
custom,sphere,stone3,2,2,2,0,1,1,1,1,1,-500.33,84.2,296.06,0,0.9,0,0.44;
custom,cylinder,stone3,4,4,4,0,1,1,1,1,1,487.81,-20.24,289.54,0,0.31,0,0.95;
custom,cylinder,stone3,2,2,2,0,1,1,1,1,1,487.66,38.31,289.47,0,0.25,0,0.97;
custom,cylinder,stone3,1,1,1,0,1,1,1,1,1,487.3,66.61,289.5,0,0.91,0,0.41;
custom,sphere,stone3,2,2,2,0,1,1,1,1,1,488.61,82.3,289.54,0,0.89,0,0.46;
custom,cuboid,stone3,5,2,5,0,1,1,1,1,1,-14.19,9.8,291.87,0,0.71,0,-0.7;
custom,pyramid,stone1,2,2,2,1,1,1,0.18,1,1,-13.25,36.7,291.81,0,0.71,0,0.71;
custom,cuboid,stone1,40,2,72,1,0.4,0,0,1,1,-15.79,201.79,616.13,0,0.71,0,-0.71;
custom,cuboid,stone3,8,8,2,0,1,1,1,1,1,312.57,247.83,643.74,0,0.02,0,-1;
custom,cuboid,stone3,8,8,2,0,1,1,1,1,1,-344.44,247.5,610.36,0,0.02,0,-1;
customb,house1,default,1,1.5,1,0,1,1,1,1,1,116.48,22.31,-65.92,0,0.92,0,-0.39;
customb,house1,default,1,1.5,1,0,1,1,1,1,1,-139.45,23.48,-71.31,0,0.95,0,0.32;
customb,house1,default,1,1.5,1,0,1,1,1,1,1,-238.37,24.77,61.78,0,0.01,0,1;
customb,house1,default,1,1.5,1,0,1,1,1,1,1,222.98,22.54,61.22,0,0.01,0,1;
customb,arch1,default,1,2,1,0,1,1,1,1,1,-367.45,68.35,164.47,0,0.7,0,-0.71;
customb,arch1,default,1,2,1.5,0,1,1,1,1,1,335.21,66.89,151.25,0,0.8,0,0.6;
customb,house1,default,3.5,2,0.2,0,1,1,1,1,1,236.29,30.11,-215.47,0,0.41,0,-0.91;
customb,arch1,default,1,1.5,1,0,1,1,1,1,1,203.62,75.96,-197.35,0,0.4,0,-0.91;
customb,arch1,default,1,1.5,1,0,1,1,1,1,1,226.29,65.09,-174.75,0,0.41,0,-0.91;
customb,arch1,default,1,1.5,1,0,1,1,1,1,1,178.64,65.2,-219.31,0,0.41,0,-0.91;
custom,cylinder,stone1,3,20,3,0,1,1,1,1,1,276.52,-21.34,-348.64,0,0.82,0,0.58;
custom,cylinder,stone1,3,20,3,0,1,1,1,1,1,-170.41,-30.31,-332.35,0,0.9,0,-0.44;
custom,cylinder,stone1,3,20,3,0,1,1,1,1,1,-295.87,-32.49,-50.66,0,1,0,0.07;
custom,cylinder,stone1,3,20,3,0,1,1,1,1,1,264.42,-32.77,-82.84,0,0.29,0,-0.96;
custom,cone,stone1,1.5,0.5,1.5,0,1,1,1,1,1,-173.79,5.27,-333.8,0,0.95,0,0.32;
custom,cone,stone1,1.5,0.5,1.5,0,1,1,1,1,1,-291.86,4.68,-51.48,0,0.03,0,1;
custom,cone,stone1,1.5,0.5,1.5,0,1,1,1,1,1,272.77,4.72,-350,0,0.96,0,0.29;
custom,cone,stone1,1.5,0.5,1.5,0,1,1,1,1,1,266.98,4.81,-85.54,0,0.26,0,0.97;
custom,cone,stone1,1.5,-0.5,1.5,0,1,1,1,1,1,262.6,159.35,-79.85,0,0.9,0,-0.44;
custom,cone,stone1,1.5,-0.5,1.5,0,1,1,1,1,1,276.68,159.63,-345.24,0,0.75,0,-0.66;
custom,cone,stone1,1.5,-0.5,1.5,0,1,1,1,1,1,-167.92,160,-328.19,0,0.57,0,-0.82;
custom,cone,stone1,1.5,-0.5,1.5,0,1,1,1,1,1,-299.13,160.5,-49.52,0,1,0,-0.03;
spawnpoint,titan,-0.55559,295.2882,-360.8228,0,0.999994,0,0,0,0,0,0,0,0,0,0,0,0;
spawnpoint,titan,344.899,346.5004,-302.8443,0,0.908668,0,0.42,0,0,0,0,0,0,0,0,0,0;
spawnpoint,titan,-279.212,356.866,-379.8515,0,0.9224123,0,-0.39,0,0,0,0,0,0,0,0,0,0;
spawnpoint,titan,-463.2202,295.6024,141.2754,0,0.2013063,0,0.98,0,0,0,0,0,0,0,0,0,0;
spawnpoint,titan,-439.1097,298.9015,270.6946,0,0.9005937,0,0.43,0,0,0,0,0,0,0,0,0,0;
spawnpoint,titan,-142.9043,296.7878,573.013,0,0.08741357,0,-1,0,0,0,0,0,0,0,0,0,0;
spawnpoint,titan,96.63737,299.6578,581.7718,0,0.1653436,0,-0.99,0,0,0,0,0,0,0,0,0,0;
spawnpoint,titan,-12.74422,298.783,574.2626,0,0.3176306,0,-0.95,0,0,0,0,0,0,0,0,0,0;
spawnpoint,titan,-178.4757,300.0797,164.9629,0,0.7295641,0,0.68,0,0,0,0,0,0,0,0,0,0;
spawnpoint,titan,95.10824,299.4624,231.303,0,0.5369281,0,0.84,0,0,0,0,0,0,0,0,0,0;
spawnpoint,titan,430.6514,297.8314,396.7024,0,0.9981068,0,0.06,0,0,0,0,0,0,0,0,0,0;
spawnpoint,titan,435.1358,297.088,61.76151,0,0.9748632,0,-0.22,0,0,0,0,0,0,0,0,0,0;
spawnpoint,titan,-158.7461,300.4853,-148.4461,0,0.1347519,0,0.99,0,0,0,0,0,0,0,0,0,0;
spawnpoint,titan,180.5957,300.5636,-21.22963,0,0.06311769,0,1,0,0,0,0,0,0,0,0,0,0;
spawnpoint,titan,-4.290208,298.3254,-23.44502,0,0.02602888,0,1,0,0,0,0,0,0,0,0,0,0;
spawnpoint,titan,265.6257,298.7002,242.3794,0,0.3051037,0,-0.95,0,0,0,0,0,0,0,0,0,0;
spawnpoint,titan,-416.154,4.766427,545.7742,0,0.002532869,0,-1,0,0,0,0,0,0,0,0,0,0;
spawnpoint,titan,-125.1636,5.689526,362.5484,0,0.7221173,0,0.69,0,0,0,0,0,0,0,0,0,0;
spawnpoint,titan,321.0859,11.20196,196.8554,0,0.9930245,0,0.12,0,0,0,0,0,0,0,0,0,0;
spawnpoint,titan,527.4868,5.412803,624.567,0,0.7052952,0,0.71,0,0,0,0,0,0,0,0,0,0;
spawnpoint,titan,212.6318,6.569794,-51.16599,0,0.9383255,0,-0.35,0,0,0,0,0,0,0,0,0,0;
spawnpoint,titan,163.2188,6.847498,-324.3601,0,0.8596149,0,-0.51,0,0,0,0,0,0,0,0,0,0;
spawnpoint,titan,556.7026,1.039842,-511.8966,0,0.7515616,0,0.66,0,0,0,0,0,0,0,0,0,0;
spawnpoint,titan,124.65,5.156669,-510.9947,0,0.7419859,0,-0.67,0,0,0,0,0,0,0,0,0,0;
spawnpoint,titan,-305.1733,3.77223,-582.7516,0,0.9997977,0,0.02,0,0,0,0,0,0,0,0,0,0;
spawnpoint,titan,-72.44159,8.360522,-190.1557,0,0.2877314,0,0.96,0,0,0,0,0,0,0,0,0,0;
spawnpoint,titan,-519.4609,8.199047,-25.12437,0,0.6871528,0,-0.73,0,0,0,0,0,0,0,0,0,0;
spawnpoint,titan,-10.12019,93.75635,128.3499,0,0.7051661,0,0.71,0,0,0,0,0,0,0,0,0,0;
spawnpoint,titan,617.0009,5.949534,-257.1935,0,0.9999669,0,-0.01,0,0,0,0,0,0,0,0,0,0;
spawnpoint,titan,-213.3834,300.5028,-17.5132,0,0.07045831,0,-1,0,0,0,0,0,0,0,0,0,0;
spawnpoint,titan,-432.4306,300.4598,-98.41052,0,0.4435703,0,0.9,0,0,0,0,0,0,0,0,0,0;
spawnpoint,titan,-324.9752,303.3407,79.48954,0,0.2411886,0,0.97,0,0,0,0,0,0,0,0,0,0;
spawnpoint,titan,-418.4649,298.1428,374.9866,0,0.4435485,0,0.9,0,0,0,0,0,0,0,0,0,0;
spawnpoint,titan,-196.4696,297.3365,298.3109,0,0.3020405,0,0.95,0,0,0,0,0,0,0,0,0,0;
spawnpoint,titan,-2.72126,296.6453,203.0459,0,0.6745764,0,-0.74,0,0,0,0,0,0,0,0,0,0;
spawnpoint,titan,490.8619,300.7265,195.0018,0,0.6451117,0,-0.76,0,0,0,0,0,0,0,0,0,0;
spawnpoint,titan,289.1322,300.5385,100.1458,0,0.4273719,0,-0.9,0,0,0,0,0,0,0,0,0,0;
spawnpoint,titan,170.2038,298.8044,-154.7919,0,0.2470754,0,-0.97,0,0,0,0,0,0,0,0,0,0;
spawnpoint,titan,-274.0625,300.4413,514.4639,0,0.4491923,0,0.89,0,0,0,0,0,0,0,0,0,0;
spawnpoint,titan,-163.7953,201.8295,-290.4996,0,0.6875565,0,0.73,0,0,0,0,0,0,0,0,0,0;
custom,cuboid,stone4,4,2,3,0,1,1,1,1,1,-19.24,300.85,512,0,1,0,0.01;
photon,spawnTitan,2,0,-13.9553,2.05297,42.62603,0,0.01,0,1,0,0,0,0,0,0,0,0;
spawnpoint,titan,-368.4276,357.0396,-268.4249,0,0.936198,0,0.35,0,0,0,0,0,0,0,0,0,0;
spawnpoint,titan,243.425,351.3675,-420.4622,0,0.251166,0,0.97,0,0,0,0,0,0,0,0,0,0;
spawnpoint,titan,264.3435,302.1906,350.0713,0,0.3290218,0,-0.94,0,0,0,0,0,0,0,0,0,0;
spawnpoint,titan,432.4411,300.7829,-117.4658,0,0.2792041,0,-0.96,0,0,0,0,0,0,0,0,0,0;
spawnpoint,titan,-352.0309,299.732,193.821,0,0.5882,0,0.81,0,0,0,0,0,0,0,0,0,0;
custom,cylinder,stone1,1,3,1,0,1,1,1,1,1,20.51,263.35,-26.17,0,0.38,0,0.92;
custom,cylinder,stone1,1,3,1,0,1,1,1,1,1,20.97,261.51,4.15,0,0.69,0,0.72;
custom,tower2,default,1,1,1,0,1,1,1,1,1,-326.77,282.89,483.02,0,0.7,0,0.71;
custom,tower2,default,1,1,1,0,1,1,1,1,1,302.96,283.3,486.09,0,0.71,0,-0.71;
custom,capsule,stone4,0.5,0.5,0.5,0,1,1,1,1,1,-14.45,312.42,511.47,-0.01,0.72,0.69,0.03;
custom,capsule,stone4,0.5,0.5,0.5,0,1,1,1,1,1,-14.55,317.89,511.99,0,1,-0.07,-0.02;
custom,capsule,stone4,0.5,0.5,0.5,0,1,1,1,1,1,-22.62,315.8,518.93,0,1,0,0.01;
custom,capsule,stone4,0.5,0.5,0.5,0,1,1,1,1,1,-22.59,319.94,516.97,-0.03,0.67,0.74,0.03;
custom,capsule,stone4,0.5,0.5,0.5,0,1,1,1,1,1,-19.39,320.68,511.24,-0.7,0.71,0,-0.01;
custom,capsule,stone4,0.7,0.8,0.7,0,1,1,1,1,1,-18.74,329.13,509.94,0,1,0,0;
custom,capsule,stone4,0.5,0.7,0.5,0,1,1,1,1,1,-19.82,333.31,510.3,-0.71,0.71,-0.02,0;
custom,capsule,stone4,0.4,0.3,0.4,0,1,1,1,1,1,-13.04,330.05,510.3,-0.14,0.99,0,-0.02;
custom,capsule,stone4,0.4,0.3,0.4,0,1,1,1,1,1,-24.24,330.18,510.01,0.15,0.99,0,0;
custom,capsule,stone4,0.3,0.5,0.3,0,1,1,1,1,1,-11,327.03,512.72,-0.32,0.71,-0.62,0;
custom,capsule,stone4,0.3,0.5,0.3,0,1,1,1,1,1,-26.11,327.77,512.35,0.2,0.71,-0.67,0.1;
custom,capsule,stone4,0.4,0.3,0.4,0,1,1,1,1,1,-18.68,335.17,510.26,0,1,0,0.01;
custom,sphere,stone4,0.6,0.7,0.6,0,1,1,1,1,1,-18.53,339.01,509.93,0,1,0,-0.05;
custom,cuboid,stone4,0.4,1,0.3,0,1,1,1,1,1,-13.83,321.05,509.59,-0.35,0.62,0.35,-0.61;
custom,cuboid,stone4,0.4,1,0.3,0,1,1,1,1,1,-23.74,320.92,509.6,0.36,0.62,0.35,0.61;