//Many problem, giant white corruption, invisible walls and the like (high damage)
custom,tower2,default,2,1,2,0,1,1,1,1,1,-0.28,-21.79,-213.16,0,1,0,-0.01;
customb,house1,default,1,1.5,1.1,0,1,1,1,1,1,-257.99,22.66,-38.57,0,1,0,0.08;
customb,house1,default,1,1.5,1.1,0,1,1,1,1,1,-186.18,23.08,-183.02,0,0.92,0,0.39;
customb,house1,default,1,1.5,2,0,1,1,1,1,1,1.57,22.02,-321.58,0,0.01,0,1;
customb,house1,default,1,1.5,1.1,0,1,1,1,1,1,116.93,23,-232.36,0,0.52,0,0.85;
customb,house1,default,1,1.5,1.1,0,1,1,1,1,1,231.41,22.63,-119.46,0,0.23,0,0.97;
customb,house1,default,1,1.5,1.1,0,1,1,1,1,1,257.67,22.7,37.88,0,0.08,0,-1;
customb,house1,default,1,1.5,1.1,0,1,1,1,1,1,186.68,22.43,182.25,0,0.39,0,-0.92;
custom,tower1,default,2,1,5,0,1,1,1,1,1,-155.74,55.3,-215.5,0,0.3,0,0.95;
customb,house1,default,1,1.5,1.1,0,1,1,1,1,1,-116.31,22.2,233.52,0,0.85,0,-0.52;
customb,house1,default,1,1.5,1.1,0,1,1,1,1,1,-230.87,22.72,119.7,0,0.97,0,-0.24;
customb,house1,default,1,1.5,1.1,0,1,1,1,1,1,233.85,21.88,116.25,0,0.24,0,-0.97;
customb,house1,default,1,1.5,1.1,0,1,1,1,1,1,257.81,22.73,-43.02,0,0.07,0,1;
customb,house1,default,1,1.5,1.1,0,1,1,1,1,1,120.2,22.39,231.7,0,0.52,0,-0.85;
custom,tower1,default,2,1,5,0,1,1,1,1,1,-214.33,54.3,-156.77,0,0.48,0,0.88;
customb,house1,default,1,1.5,1.1,0,1,1,1,1,1,-182.06,22.65,185.51,0,0.92,0,-0.38;
customb,house1,default,1,1.5,1.1,0,1,1,1,1,1,-257.04,23.38,42.15,0,1,0,-0.07;
customb,house1,default,1,1.5,1.1,0,1,1,1,1,1,-233.2,23.23,-116.32,0,0.97,0,0.24;
customb,house1,default,1,1.5,1.1,0,1,1,1,1,1,-120.66,23.26,-231.23,0,0.85,0,0.52;
customb,house1,default,1,1.5,2,0,1,1,1,1,1,-4.22,21.53,319.21,0,1,0,0.01;
customb,house1,default,1,1.5,1.1,0,1,1,1,1,1,184.13,22.54,-186.4,0,0.38,0,0.92;
custom,tower1,default,2,1,5,0,1,1,1,1,1,-252.9,54.32,-82.7,0,0.58,0,0.81;
custom,tower1,default,2,1,5,0,1,1,1,1,1,-265.23,55.5,-1.43,0,0.74,0,0.67;
custom,tower1,default,2,1,5,0,1,1,1,1,1,-253.03,53.55,80.95,0,0.82,0,0.57;
custom,tower1,default,2,1,5,0,1,1,1,1,1,-214.5,54.19,155.06,0,0.88,0,0.47;
custom,tower1,default,2,1,5,0,1,1,1,1,1,-156.41,54.6,214.25,0,0.94,0,0.34;
custom,tower1,default,2,1,5,0,1,1,1,1,1,-81.64,54.84,253.79,0,0.97,0,0.24;
custom,tower1,default,2,1,5,0,1,1,1,1,1,79.15,54.94,254.32,0,0.97,0,-0.24;
custom,tower1,default,2,1,5,0,1,1,1,1,1,155.74,55.05,215.15,0,0.95,0,-0.33;
custom,tower1,default,2,1,5,0,1,1,1,1,1,214.96,54.45,156.13,0,0.88,0,-0.47;
custom,tower1,default,2,1,5,0,1,1,1,1,1,252.55,54.84,82.19,0,0.79,0,-0.61;
custom,tower1,default,2,1,5,0,1,1,1,1,1,265.56,54.97,-0.31,0,0.73,0,-0.69;
custom,tower1,default,2,1,5,0,1,1,1,1,1,253.56,53.91,-81.46,0,0.6,0,-0.8;
custom,tower1,default,2,1,5,0,1,1,1,1,1,215.63,54.66,-155.88,0,0.51,0,-0.86;
custom,tower1,default,2,1,5,0,1,1,1,1,1,157.96,54.85,-213.91,0,0.23,0,-0.97;
custom,tower1,default,2,1,5,0,1,1,1,1,1,81.75,55.3,-252.59,0,0.24,0,-0.97;
custom,tower1,default,2,1,5,0,1,1,1,1,1,-79.32,55.39,-254,0,0.23,0,0.97;
custom,tower2,default,2,1,2,0,1,1,1,1,1,0.22,-22.15,214.43,0,-0.01,0,1;
custom,cylinder,stone2,48,0.3,48,0,1,1,1,1,1,0,0,0,0,0,0,0;
custom,cylinder,stone2,45,0.6,45,0,1,1,1,1,1,0,0,0,0,0,0,0;
custom,cylinder,stone2,42,0.9,42,0,1,1,1,1,1,0,0,0,0,0,0,0;
custom,cylinder,stone2,39,1.2,39,0,1,1,1,1,1,0,0,0,0,0,0,0;
custom,cylinder,stone2,36,1.5,36,0,1,1,1,1,1,0,0,0,0,0,0,0;
custom,cylinder,stone2,33,1.8,33,0,1,1,1,1,1,0,0,0,0,0,0,0;
custom,cylinder,stone2,52,0.1,52,0,1,1,1,1,1,0,0,0,0,0,0,0;
custom,cylinder,bark,1,10,1,0,1,1,1,1,1,100,0,100,0,0,0,0;
custom,cylinder,bark,1,10,1,0,1,1,1,1,1,-100,0,-100,0,0,0,0;
custom,cylinder,bark,1,10,1,0,1,1,1,1,1,100,0,-100,0,0,0,0;
custom,cylinder,bark,1,10,1,0,1,1,1,1,1,-100,0,100,0,0,0,0;
custom,cylinder,stone1,58,1,58,0,1,1,1,1,1,0,120,0,0,0,0,0;
custom,tower2,default,2,1,2,0,1,1,1,1,1,-0.28,108.21,-213.16,0,1,0,-0.01;
customb,house1,default,1,1.5,1.1,0,1,1,1,1,1,-257.99,152.66,-38.57,0,1,0,0.08;
customb,house1,default,1,1.5,1.1,0,1,1,1,1,1,-186.18,153.08,-183.02,0,0.92,0,0.39;
customb,house1,default,1,1.5,2,0,1,1,1,1,1,1.57,152.02,-321.58,0,0.01,0,1;
customb,house1,default,1,1.5,1.1,0,1,1,1,1,1,116.93,153,-232.36,0,0.52,0,0.85;
customb,house1,default,1,1.5,1.1,0,1,1,1,1,1,231.41,152.63,-119.46,0,0.23,0,0.97;
customb,house1,default,1,1.5,1.1,0,1,1,1,1,1,257.67,152.7,37.88,0,0.08,0,-1;
customb,house1,default,1,1.5,1.1,0,1,1,1,1,1,186.68,152.43,182.25,0,0.39,0,-0.92;
custom,tower1,default,2,1,5,0,1,1,1,1,1,-155.74,185.3,-215.5,0,0.3,0,0.95;
customb,house1,default,1,1.5,1.1,0,1,1,1,1,1,-116.31,152.2,233.52,0,0.85,0,-0.52;
customb,house1,default,1,1.5,1.1,0,1,1,1,1,1,-230.87,152.72,119.7,0,0.97,0,-0.24;
customb,house1,default,1,1.5,1.1,0,1,1,1,1,1,233.85,151.88,116.25,0,0.24,0,-0.97;
customb,house1,default,1,1.5,1.1,0,1,1,1,1,1,257.81,152.73,-43.02,0,0.07,0,1;
customb,house1,default,1,1.5,1.1,0,1,1,1,1,1,120.2,152.39,231.7,0,0.52,0,-0.85;
custom,tower1,default,2,1,5,0,1,1,1,1,1,-214.33,184.3,-156.77,0,0.48,0,0.88;
customb,house1,default,1,1.5,1.1,0,1,1,1,1,1,-182.06,152.65,185.51,0,0.92,0,-0.38;
customb,house1,default,1,1.5,1.1,0,1,1,1,1,1,-257.04,153.38,42.15,0,1,0,-0.07;
customb,house1,default,1,1.5,1.1,0,1,1,1,1,1,-233.2,153.23,-116.32,0,0.97,0,0.24;
customb,house1,default,1,1.5,1.1,0,1,1,1,1,1,-120.66,153.26,-231.23,0,0.85,0,0.52;
customb,house1,default,1,1.5,2,0,1,1,1,1,1,-4.22,151.53,319.21,0,1,0,0.01;
customb,house1,default,1,1.5,1.1,0,1,1,1,1,1,184.13,152.54,-186.4,0,0.38,0,0.92;
custom,tower1,default,2,1,5,0,1,1,1,1,1,-252.9,184.32,-82.7,0,0.58,0,0.81;
custom,tower1,default,2,1,5,0,1,1,1,1,1,-265.23,185.5,-1.43,0,0.74,0,0.67;
custom,tower1,default,2,1,5,0,1,1,1,1,1,-253.03,183.55,80.95,0,0.82,0,0.57;
custom,tower1,default,2,1,5,0,1,1,1,1,1,-214.5,184.19,155.06,0,0.88,0,0.47;
custom,tower1,default,2,1,5,0,1,1,1,1,1,-156.41,184.6,214.25,0,0.94,0,0.34;
custom,tower1,default,2,1,5,0,1,1,1,1,1,-81.64,184.84,253.79,0,0.97,0,0.24;
custom,tower1,default,2,1,5,0,1,1,1,1,1,79.13,184.94,254.51,0,0.97,0,-0.24;
custom,tower1,default,2,1,5,0,1,1,1,1,1,155.74,185.05,215.15,0,0.95,0,-0.33;
custom,tower1,default,2,1,5,0,1,1,1,1,1,214.96,184.45,156.13,0,0.88,0,-0.47;
custom,tower1,default,2,1,5,0,1,1,1,1,1,252.55,184.84,82.19,0,0.79,0,-0.61;
custom,tower1,default,2,1,5,0,1,1,1,1,1,265.56,184.97,-0.31,0,0.73,0,-0.69;
custom,tower1,default,2,1,5,0,1,1,1,1,1,253.56,183.91,-81.46,0,0.6,0,-0.8;
custom,tower1,default,2,1,5,0,1,1,1,1,1,215.63,184.66,-155.88,0,0.51,0,-0.86;
custom,tower1,default,2,1,5,0,1,1,1,1,1,157.96,184.85,-213.91,0,0.23,0,-0.97;
custom,tower1,default,2,1,5,0,1,1,1,1,1,81.75,185.3,-252.59,0,0.24,0,-0.97;
custom,tower1,default,2,1,5,0,1,1,1,1,1,-79.32,185.39,-254,0,0.23,0,0.97;
custom,tower2,default,2,1,2,0,1,1,1,1,1,0.22,107.85,214.43,0,-0.01,0,1;
custom,cylinder,stone2,48,0.3,48,0,1,1,1,1,1,0,130,0,0,0,0,0;
custom,cylinder,stone2,45,0.6,45,0,1,1,1,1,1,0,130,0,0,0,0,0;
custom,cylinder,stone2,42,0.9,42,0,1,1,1,1,1,0,130,0,0,0,0,0;
custom,cylinder,stone2,39,1.2,39,0,1,1,1,1,1,0,130,0,0,0,0,0;
custom,cylinder,stone2,36,1.5,36,0,1,1,1,1,1,0,130,0,0,0,0,0;
custom,cylinder,stone2,33,1.8,33,0,1,1,1,1,1,0,130,0,0,0,0,0;
custom,cylinder,stone2,52,0.1,52,0,1,1,1,1,1,0,130,0,0,0,0,0;
custom,cylinder,bark,1,10,1,0,1,1,1,1,1,100,130,100,0,0,0,0;
custom,cylinder,bark,1,10,1,0,1,1,1,1,1,-100,130,-100,0,0,0,0;
custom,cylinder,bark,1,10,1,0,1,1,1,1,1,100,130,-100,0,0,0,0;
custom,cylinder,bark,1,10,1,0,1,1,1,1,1,-100,130,100,0,0,0,0;
custom,cylinder,stone1,58,1,58,0,1,1,1,1,1,0,250,0,0,0,0,1;
custom,cuboid,stone1,1.5,1,8,0,1,1,1,1,1,-43.01,20.53,307.98,0,0.71,0,0.71;
custom,cuboid,stone1,1.5,1,8,0,1,1,1,1,1,-42.82,11.23,294.55,0,0.71,0,0.71;
custom,cuboid,stone1,1.5,1,8,0,1,1,1,1,1,-42.93,2.42,281.51,0,0.71,0,0.71;
custom,cuboid,stone1,1.5,1,8,0,1,1,1,1,1,-42.93,30.03,321.81,0,0.71,0,0.71;
custom,cuboid,stone1,1.5,1,8,0,1,1,1,1,1,-42.82,39.01,335.93,0,0.71,0,0.71;
custom,cuboid,stone1,1.5,1,8,0,1,1,1,1,1,-42.7,48.71,349.48,0,0.71,0,0.71;
custom,cuboid,stone1,1.5,1,8,0,1,1,1,1,1,-42.96,58.33,363.42,0,0.7,0,0.71;
custom,cuboid,stone1,8,1,1.5,0,1,1,1,1,1,39.71,124.8,284.13,0,-0.01,0,-1;
custom,cuboid,stone1,1.5,1,8,0,1,1,1,1,1,39.82,115.43,297.7,0,0.71,0,-0.71;
custom,cuboid,stone1,1.5,1,8,0,1,1,1,1,1,39.27,88.5,339.25,0,0.71,0,-0.7;
custom,cuboid,stone1,1.5,1,8,0,1,1,1,1,1,39.81,97.59,325.29,0,0.71,0,-0.7;
custom,cuboid,stone1,1.5,1,8,0,1,1,1,1,1,40.03,106.52,311.14,0,0.71,0,-0.7;
custom,cuboid,stone1,1.5,1,8,0,1,1,1,1,1,39.08,79.32,353.23,0,0.71,0,-0.71;
custom,cuboid,stone1,1.5,1,8,0,1,1,1,1,1,38.77,69.96,366.64,0,0.71,0,-0.71;
custom,cuboid,stone2,8,1,20,0,1,1,1,1,1,-2.04,65.3,408.85,0,0.71,0,-0.71;
custom,cuboid,stone1,1.5,1,8,0,1,1,1,1,1,41.28,134.39,-281.22,0,0.7,0,-0.71;
custom,cuboid,stone1,1.5,1,8,0,1,1,1,1,1,40.38,143.66,-295.56,0,0.7,0,-0.71;
custom,cuboid,stone1,1.5,1,8,0,1,1,1,1,1,40.31,152.42,-310.23,0,0.7,0,-0.71;
custom,cuboid,stone1,1.5,1,8,0,1,1,1,1,1,40.08,161.88,-323.81,0,0.7,0,-0.71;
custom,cuboid,stone1,1.5,1,8,0,1,1,1,1,1,39.56,171.08,-338.2,0,0.7,0,-0.71;
custom,cuboid,stone1,1.5,1,8,0,1,1,1,1,1,39.42,180.38,-352.96,0,0.7,0,-0.71;
custom,cuboid,stone1,1.5,1,8,0,1,1,1,1,1,39.04,189.84,-366.63,0,0.7,0,-0.71;
custom,cuboid,stone1,1.5,1,8,0,1,1,1,1,1,-36.59,254.61,-286.1,0,0.72,0,0.7;
custom,cuboid,stone1,1.5,1,8,0,1,1,1,1,1,-36.69,245.24,-300.36,0,0.72,0,0.7;
custom,cuboid,stone1,1.5,1,8,0,1,1,1,1,1,-36.99,235.89,-314.59,0,0.72,0,0.7;
custom,cuboid,stone1,1.5,1,8,0,1,1,1,1,1,-37.7,226.55,-328.66,0,0.72,0,0.69;
custom,cuboid,stone1,1.5,1,8,0,1,1,1,1,1,-38.43,217.08,-343.54,0,0.72,0,0.69;
custom,cuboid,stone1,1.5,1,8,0,1,1,1,1,1,-39.03,208.08,-357.3,0,0.72,0,0.69;
custom,cuboid,stone1,1.5,1,8,0,1,1,1,1,1,-39.59,198.87,-371.4,0,0.72,0,0.69;
custom,cuboid,stone2,8,1,18,0,1,1,1,1,1,-2.42,195.41,-411.32,0,0.72,0,0.7;
custom,cuboid,stone2,2.5,1,10,0,1,1,1,1,1,-1.43,124.93,333.8,0,0,0,-1;
custom,cuboid,stone2,2.5,1,10,0,1,1,1,1,1,-1.46,-6.89,333.55,0,1,0,0.01;
custom,cuboid,stone2,2.5,1,10,0,1,1,1,1,1,-1.85,125.01,-336.94,0,1,0,0;
custom,cuboid,stone2,2.5,1,10,0,1,1,1,1,1,-1.52,254.9,-336.1,0,1,0,-0.01;
custom,cuboid,stone2,1,8,10,0,1,1,1,1,1,-0.34,216.89,-323.66,0,1,0,-0.01;
custom,cuboid,stone2,1,8,10,0,1,1,1,1,1,-1.52,91.76,324.93,0,0.01,0,-1;
custom,cuboid,stone2,1,15,20,0,1,1,1,1,1,77.36,131.81,368.03,0,0.01,0,-1;
custom,cuboid,stone2,1,20,20,0,1,1,1,1,1,-79.89,98.57,356.72,0,0,0,-1;
custom,cuboid,stone2,20,1,20,0,1,1,1,1,1,1.47,198.4,356.57,0,0.01,0,-1;
custom,cuboid,stone2,20,15,1,0,1,1,1,1,1,-17.41,131.54,450.88,0,0.01,0,-1;
custom,cuboid,stone2,1,25,20,0,1,1,1,1,1,82.23,234.25,-357.34,0,1,0,0;
custom,cuboid,stone2,1,15,20,0,1,1,1,1,1,-80.42,273.24,-356.56,0,1,0,0;
custom,cuboid,stone2,20,1,20,0,1,1,1,1,1,-4.04,329.64,-359.09,0,1,0,0;
custom,cuboid,stone2,20,20,1,0,1,1,1,1,1,-4.16,257.02,-449.47,0,1,0,-0.02;
custom,cuboid,stone2,8,12,1,0,1,1,1,1,1,47.14,313.84,-265.3,0,0,0,-1;
custom,cuboid,stone2,8,12,1,0,1,1,1,1,1,-48.61,184.74,267.44,0,1,0,0.02;
custom,cuboid,stone2,8,12,1,0,1,1,1,1,1,-42.76,183.83,-255.42,0,1,0,-0.05;
custom,cuboid,stone2,8,12,1,0,1,1,1,1,1,41.26,54.72,252.71,0,0.01,0,1;
custom,cuboid,stone2,8,5,1,0,1,1,1,1,1,36.95,221.11,262.8,0,-0.02,0,1;
custom,cuboid,stone2,8,5,1,0,1,1,1,1,1,-39.04,350.72,-265.46,0,1,0,-0.01;
custom,plane,stone4,8,1,5,0,1,1,1,1,1,-120.77,86.81,229.34,-0.17,0.69,0.68,0.17;
custom,plane,stone4,8,1,5,0,1,1,1,1,1,-180.46,88.54,185.36,-0.28,0.65,0.66,0.26;
custom,plane,stone4,8,1,5,0,1,1,1,1,1,-232.19,86.74,117.28,-0.37,0.6,0.6,0.37;
custom,plane,stone4,8,1,5,0,1,1,1,1,1,-255.73,85.91,36.38,-0.46,0.53,0.54,0.46;
custom,plane,stone4,8,1,5,0,1,1,1,1,1,-256.23,87.62,-41.02,-0.55,0.45,0.47,0.52;
custom,plane,stone4,8,1,5,0,1,1,1,1,1,-231.77,88.06,-118.05,-0.63,0.36,0.38,0.58;
custom,plane,stone4,8,1,5,0,1,1,1,1,1,-182.15,88.19,-185.8,-0.66,0.27,0.28,0.64;
custom,plane,stone4,8,1,5,0,1,1,1,1,1,-114.72,89.36,-231.9,-0.69,0.16,0.16,0.69;
custom,plane,stone4,8,1,5,0,1,1,1,1,1,118.75,88.11,-231.63,0.69,0.17,0.17,-0.68;
custom,plane,stone4,8,1,5,0,1,1,1,1,1,184.82,86.83,-184.8,0.67,0.26,0.27,-0.64;
custom,plane,stone4,8,1,5,0,1,1,1,1,1,232.08,88.13,-115.59,0.62,0.36,0.38,-0.59;
custom,plane,stone4,8,1,5,0,1,1,1,1,1,257.59,88.12,-41.89,0.55,0.44,0.48,-0.52;
custom,plane,stone4,8,1,5,0,1,1,1,1,1,255.39,88.61,43.73,0.46,0.53,0.55,-0.45;
custom,plane,stone4,8,1,5,0,1,1,1,1,1,232.62,85.34,115.79,0.37,0.6,0.61,-0.36;
custom,plane,stone4,8,1,5,0,1,1,1,1,1,181.86,87.15,184.16,0.26,0.66,0.65,-0.27;
custom,plane,stone4,8,1,5,0,1,1,1,1,1,116.92,87.49,232.34,0.17,0.69,0.69,-0.17;
custom,plane,stone4,8,1,5,0,1,1,1,1,1,-117.8,216.15,233.16,-0.17,0.67,0.7,0.16;
custom,plane,stone4,8,1,5,0,1,1,1,1,1,-183.8,218.5,182.14,-0.27,0.64,0.66,0.27;
custom,plane,stone4,8,1,5,0,1,1,1,1,1,-232.47,216,117.24,-0.37,0.59,0.62,0.36;
custom,plane,stone4,8,1,5,0,1,1,1,1,1,-257.52,218.63,36.18,-0.48,0.52,0.55,0.45;
custom,plane,stone4,8,1,5,0,1,1,1,1,1,-257.16,217.3,-39.52,-0.55,0.45,0.47,0.53;
custom,plane,stone4,8,1,5,0,1,1,1,1,1,-231.57,217.79,-118.06,-0.61,0.36,0.37,0.59;
custom,plane,stone4,8,1,5,0,1,1,1,1,1,-180.76,217.38,-186.9,-0.66,0.27,0.28,0.65;
custom,plane,stone4,8,1,5,0,1,1,1,1,1,-117.96,218.14,-231.89,-0.7,0.16,0.17,0.67;
custom,plane,stone4,8,1,5,0,1,1,1,1,1,120.52,218.47,-229.01,0.69,0.17,0.17,-0.68;
custom,plane,stone4,8,1,5,0,1,1,1,1,1,184.49,217.78,-184.24,0.66,0.26,0.27,-0.65;
custom,plane,stone4,8,1,5,0,1,1,1,1,1,231.39,215.79,-118.21,0.62,0.36,0.38,-0.58;
custom,plane,stone4,8,1,5,0,1,1,1,1,1,257.18,218.35,-41.01,0.54,0.46,0.47,-0.53;
custom,plane,stone4,8,1,5,0,1,1,1,1,1,257.17,218.32,37.36,0.47,0.52,0.55,-0.45;
custom,plane,stone4,8,1,5,0,1,1,1,1,1,232.79,217.02,117.62,0.37,0.59,0.62,-0.36;
custom,plane,stone4,8,1,5,0,1,1,1,1,1,184.92,217.37,181.09,0.27,0.65,0.66,-0.26;
custom,plane,stone4,8,1,5,0,1,1,1,1,1,114.56,218.07,233.17,0.16,0.68,0.7,-0.16;
custom,plane,stone4,3,1,3,0,1,1,1,1,1,-0.83,225.54,272.93,0.04,0.71,0.71,-0.03;
custom,plane,stone4,3,1,3,0,1,1,1,1,1,10.22,96.58,264.29,0.25,0.66,0.67,-0.25;
custom,plane,stone4,3,1,3,0,1,1,1,1,1,-9.82,227.23,-270.79,-0.34,0.62,-0.62,-0.34;
custom,plane,stone4,3,1,3,0,1,1,1,1,1,-1.86,356.62,-272.36,-0.72,0.01,0.01,0.7;
custom,tower2,default,2,1,2,0,1,1,1,1,1,-0.28,238.21,-213.16,0,1,0,-0.01;
customb,house1,default,1,1.5,1.1,0,1,1,1,1,1,-257.99,282.66,-38.57,0,1,0,0.08;
customb,house1,default,1,1.5,1.1,0,1,1,1,1,1,-186.18,283.08,-183.02,0,0.92,0,0.39;
customb,house1,default,1,1.5,2,0,1,1,1,1,1,1.57,282.02,-321.58,0,0.01,0,1;
customb,house1,default,1,1.5,1.1,0,1,1,1,1,1,116.93,283,-232.36,0,0.52,0,0.85;
customb,house1,default,1,1.5,1.1,0,1,1,1,1,1,231.41,282.63,-119.46,0,0.23,0,0.97;
customb,house1,default,1,1.5,1.1,0,1,1,1,1,1,257.67,282.7,37.88,0,0.08,0,-1;
customb,house1,default,1,1.5,1.1,0,1,1,1,1,1,186.68,282.43,182.25,0,0.39,0,-0.92;
custom,tower1,default,2,1,5,0,1,1,1,1,1,-155.74,315.3,-215.5,0,0.3,0,0.95;
customb,house1,default,1,1.5,1.1,0,1,1,1,1,1,-116.31,282.2,233.52,0,0.85,0,-0.52;
customb,house1,default,1,1.5,1.1,0,1,1,1,1,1,-230.87,282.72,119.7,0,0.97,0,-0.24;
customb,house1,default,1,1.5,1.1,0,1,1,1,1,1,233.85,281.88,116.25,0,0.24,0,-0.97;
customb,house1,default,1,1.5,1.1,0,1,1,1,1,1,257.81,282.73,-43.02,0,0.07,0,1;
customb,house1,default,1,1.5,1.1,0,1,1,1,1,1,120.2,282.39,231.7,0,0.52,0,-0.85;
custom,tower1,default,2,1,5,0,1,1,1,1,1,-214.33,314.3,-156.77,0,0.48,0,0.88;
customb,house1,default,1,1.5,1.1,0,1,1,1,1,1,-182.06,282.65,185.51,0,0.92,0,-0.38;
customb,house1,default,1,1.5,1.1,0,1,1,1,1,1,-257.04,283.38,42.15,0,1,0,-0.07;
customb,house1,default,1,1.5,1.1,0,1,1,1,1,1,-233.2,283.23,-116.32,0,0.97,0,0.24;
customb,house1,default,1,1.5,1.1,0,1,1,1,1,1,-120.66,283.26,-231.23,0,0.85,0,0.52;
customb,house1,default,1,1.5,2,0,1,1,1,1,1,-4.22,281.53,319.21,0,1,0,0.01;
customb,house1,default,1,1.5,1.1,0,1,1,1,1,1,184.13,282.54,-186.4,0,0.38,0,0.92;
custom,tower1,default,2,1,5,0,1,1,1,1,1,-252.9,314.32,-82.7,0,0.58,0,0.81;
custom,tower1,default,2,1,5,0,1,1,1,1,1,-265.23,315.5,-1.43,0,0.74,0,0.67;
custom,tower1,default,2,1,5,0,1,1,1,1,1,-253.03,313.55,80.95,0,0.82,0,0.57;
custom,tower1,default,2,1,5,0,1,1,1,1,1,-214.5,314.19,155.06,0,0.88,0,0.47;
custom,tower1,default,2,1,5,0,1,1,1,1,1,-156.41,314.6,214.25,0,0.94,0,0.34;
custom,tower1,default,2,1,5,0,1,1,1,1,1,-81.64,314.84,253.79,0,0.97,0,0.24;
custom,tower1,default,2,1,5,0,1,1,1,1,1,79.15,314.94,254.32,0,0.97,0,-0.24;
custom,tower1,default,2,1,5,0,1,1,1,1,1,155.74,315.05,215.15,0,0.95,0,-0.33;
custom,tower1,default,2,1,5,0,1,1,1,1,1,214.96,314.45,156.13,0,0.88,0,-0.47;
custom,tower1,default,2,1,5,0,1,1,1,1,1,252.55,314.84,82.19,0,0.79,0,-0.61;
custom,tower1,default,2,1,5,0,1,1,1,1,1,265.56,314.97,-0.31,0,0.73,0,-0.69;
custom,tower1,default,2,1,5,0,1,1,1,1,1,253.56,313.91,-81.46,0,0.6,0,-0.8;
custom,tower1,default,2,1,5,0,1,1,1,1,1,215.63,314.66,-155.88,0,0.51,0,-0.86;
custom,tower1,default,2,1,5,0,1,1,1,1,1,157.96,314.85,-213.91,0,0.23,0,-0.97;
custom,tower1,default,2,1,5,0,1,1,1,1,1,81.75,315.3,-252.59,0,0.24,0,-0.97;
custom,tower1,default,2,1,5,0,1,1,1,1,1,-79.32,315.39,-254,0,0.23,0,0.97;
custom,tower2,default,2,1,2,0,1,1,1,1,1,0.22,237.85,214.43,0,-0.01,0,1;
custom,cylinder,stone2,48,0.3,48,0,1,1,1,1,1,0,260,0,0,0,0,0;
custom,cylinder,stone2,45,0.6,45,0,1,1,1,1,1,0,260,0,0,0,0,0;
custom,cylinder,stone2,42,0.9,42,0,1,1,1,1,1,0,260,0,0,0,0,0;
custom,cylinder,stone2,39,1.2,39,0,1,1,1,1,1,0,260,0,0,0,0,0;
custom,cylinder,stone2,36,1.5,36,0,1,1,1,1,1,0,260,0,0,0,0,0;
custom,cylinder,stone2,33,1.8,33,0,1,1,1,1,1,0,260,0,0,0,0,0;
custom,cylinder,stone2,52,0.1,52,0,1,1,1,1,1,0,260,0,0,0,0,0;
custom,cylinder,bark,1,10,1,0,1,1,1,1,1,100,260,100,0,0,0,0;
custom,cylinder,bark,1,10,1,0,1,1,1,1,1,-100,260,-100,0,0,0,0;
custom,cylinder,bark,1,10,1,0,1,1,1,1,1,100,260,-100,0,0,0,0;
custom,cylinder,bark,1,10,1,0,1,1,1,1,1,-100,260,100,0,0,0,0;
custom,cylinder,stone1,58,1,58,0,1,1,1,1,1,0,380,0,0,0,0,0;
custom,tower2,default,2,1,2,0,1,1,1,1,1,-0.28,368.21,-213.16,0,1,0,-0.01;
customb,house1,default,1,1.5,1.1,0,1,1,1,1,1,-257.99,412.66,-38.57,0,1,0,0.08;
customb,house1,default,1,1.5,1.1,0,1,1,1,1,1,-186.18,413.08,-183.02,0,0.92,0,0.39;
customb,house1,default,1,1.5,2,0,1,1,1,1,1,1.57,412.02,-321.58,0,0.01,0,1;
customb,house1,default,1,1.5,1.1,0,1,1,1,1,1,116.93,413,-232.36,0,0.52,0,0.85;
customb,house1,default,1,1.5,1.1,0,1,1,1,1,1,231.41,412.63,-119.46,0,0.23,0,0.97;
customb,house1,default,1,1.5,1.1,0,1,1,1,1,1,257.67,412.7,37.88,0,0.08,0,-1;
customb,house1,default,1,1.5,1.1,0,1,1,1,1,1,186.68,412.43,182.25,0,0.39,0,-0.92;
custom,tower1,default,2,1,5,0,1,1,1,1,1,-155.74,445.3,-215.5,0,0.3,0,0.95;
customb,house1,default,1,1.5,1.1,0,1,1,1,1,1,-116.31,412.2,233.52,0,0.85,0,-0.52;
customb,house1,default,1,1.5,1.1,0,1,1,1,1,1,-230.87,412.72,119.7,0,0.97,0,-0.24;
customb,house1,default,1,1.5,1.1,0,1,1,1,1,1,233.85,411.88,116.25,0,0.24,0,-0.97;
customb,house1,default,1,1.5,1.1,0,1,1,1,1,1,257.81,412.73,-43.02,0,0.07,0,1;
customb,house1,default,1,1.5,1.1,0,1,1,1,1,1,120.2,412.39,231.7,0,0.52,0,-0.85;
custom,tower1,default,2,1,5,0,1,1,1,1,1,-214.33,444.3,-156.77,0,0.48,0,0.88;
customb,house1,default,1,1.5,1.1,0,1,1,1,1,1,-182.06,412.65,185.51,0,0.92,0,-0.38;
customb,house1,default,1,1.5,1.1,0,1,1,1,1,1,-257.04,413.38,42.15,0,1,0,-0.07;
customb,house1,default,1,1.5,1.1,0,1,1,1,1,1,-233.2,413.23,-116.32,0,0.97,0,0.24;
customb,house1,default,1,1.5,1.1,0,1,1,1,1,1,-120.66,413.26,-231.23,0,0.85,0,0.52;
customb,house1,default,1,1.5,2,0,1,1,1,1,1,-4.22,411.53,319.21,0,1,0,0.01;
customb,house1,default,1,1.5,1.1,0,1,1,1,1,1,184.13,412.54,-186.4,0,0.38,0,0.92;
custom,tower1,default,2,1,5,0,1,1,1,1,1,-252.9,444.32,-82.7,0,0.58,0,0.81;
custom,tower1,default,2,1,5,0,1,1,1,1,1,-265.23,445.5,-1.43,0,0.74,0,0.67;
custom,tower1,default,2,1,5,0,1,1,1,1,1,-253.03,443.55,80.95,0,0.82,0,0.57;
custom,tower1,default,2,1,5,0,1,1,1,1,1,-214.5,444.19,155.06,0,0.88,0,0.47;
custom,tower1,default,2,1,5,0,1,1,1,1,1,-156.41,444.6,214.25,0,0.94,0,0.34;
custom,tower1,default,2,1,5,0,1,1,1,1,1,-81.64,444.84,253.79,0,0.97,0,0.24;
custom,tower1,default,2,1,5,0,1,1,1,1,1,79.13,444.94,254.51,0,0.97,0,-0.24;
custom,tower1,default,2,1,5,0,1,1,1,1,1,155.74,445.05,215.15,0,0.95,0,-0.33;
custom,tower1,default,2,1,5,0,1,1,1,1,1,214.96,444.45,156.13,0,0.88,0,-0.47;
custom,tower1,default,2,1,5,0,1,1,1,1,1,252.55,444.84,82.19,0,0.79,0,-0.61;
custom,tower1,default,2,1,5,0,1,1,1,1,1,265.56,444.97,-0.31,0,0.73,0,-0.69;
custom,tower1,default,2,1,5,0,1,1,1,1,1,253.56,443.91,-81.46,0,0.6,0,-0.8;
custom,tower1,default,2,1,5,0,1,1,1,1,1,215.63,444.66,-155.88,0,0.51,0,-0.86;
custom,tower1,default,2,1,5,0,1,1,1,1,1,157.96,444.85,-213.91,0,0.23,0,-0.97;
custom,tower1,default,2,1,5,0,1,1,1,1,1,81.75,445.3,-252.59,0,0.24,0,-0.97;
custom,tower1,default,2,1,5,0,1,1,1,1,1,-79.32,445.39,-254,0,0.23,0,0.97;
custom,tower2,default,2,1,2,0,1,1,1,1,1,0.22,367.85,214.43,0,-0.01,0,1;
custom,cylinder,stone2,48,0.3,48,0,1,1,1,1,1,0,390,0,0,0,0,0;
custom,cylinder,stone2,45,0.6,45,0,1,1,1,1,1,0,390,0,0,0,0,0;
custom,cylinder,stone2,42,0.9,42,0,1,1,1,1,1,0,390,0,0,0,0,0;
custom,cylinder,stone2,39,1.2,39,0,1,1,1,1,1,0,390,0,0,0,0,0;
custom,cylinder,stone2,36,1.5,36,0,1,1,1,1,1,0,390,0,0,0,0,0;
custom,cylinder,stone2,33,1.8,33,0,1,1,1,1,1,0,390,0,0,0,0,0;
custom,cylinder,stone2,52,0.1,52,0,1,1,1,1,1,0,390,0,0,0,0,0;
custom,cylinder,bark,1,10,1,0,1,1,1,1,1,100,390,100,0,0,0,0;
custom,cylinder,bark,1,10,1,0,1,1,1,1,1,-100,390,-100,0,0,0,0;
custom,cylinder,bark,1,10,1,0,1,1,1,1,1,100,390,-100,0,0,0,0;
custom,cylinder,bark,1,10,1,0,1,1,1,1,1,-100,390,100,0,0,0,0;
custom,cylinder,stone1,58,1,58,0,1,1,1,1,1,0,510,0,0,0,0,1;
custom,cuboid,stone1,1.5,1,8,0,1,1,1,1,1,-43.01,280.53,307.98,0,0.71,0,0.71;
custom,cuboid,stone1,1.5,1,8,0,1,1,1,1,1,-42.82,271.23,294.55,0,0.71,0,0.71;
custom,cuboid,stone1,1.5,1,8,0,1,1,1,1,1,-42.93,262.42,281.51,0,0.71,0,0.71;
custom,cuboid,stone1,1.5,1,8,0,1,1,1,1,1,-42.93,290.03,321.81,0,0.71,0,0.71;
custom,cuboid,stone1,1.5,1,8,0,1,1,1,1,1,-42.82,299.01,335.93,0,0.71,0,0.71;
custom,cuboid,stone1,1.5,1,8,0,1,1,1,1,1,-42.7,308.71,349.48,0,0.71,0,0.71;
custom,cuboid,stone1,1.5,1,8,0,1,1,1,1,1,-42.96,318.33,363.42,0,0.7,0,0.71;
custom,cuboid,stone1,8,1,1.5,0,1,1,1,1,1,39.71,384.8,284.13,0,-0.01,0,-1;
custom,cuboid,stone1,1.5,1,8,0,1,1,1,1,1,39.82,375.43,297.7,0,0.71,0,-0.71;
custom,cuboid,stone1,1.5,1,8,0,1,1,1,1,1,39.27,348.5,339.25,0,0.71,0,-0.7;
custom,cuboid,stone1,1.5,1,8,0,1,1,1,1,1,39.81,357.59,325.29,0,0.71,0,-0.7;
custom,cuboid,stone1,1.5,1,8,0,1,1,1,1,1,40.03,366.52,311.14,0,0.71,0,-0.7;
custom,cuboid,stone1,1.5,1,8,0,1,1,1,1,1,39.08,339.32,353.23,0,0.71,0,-0.71;
custom,cuboid,stone1,1.5,1,8,0,1,1,1,1,1,38.77,329.96,366.64,0,0.71,0,-0.71;
custom,cuboid,stone2,8,1,20,0,1,1,1,1,1,-2.04,325.3,408.85,0,0.71,0,-0.71;
custom,cuboid,stone1,1.5,1,8,0,1,1,1,1,1,41.28,394.39,-281.22,0,0.7,0,-0.71;
custom,cuboid,stone1,1.5,1,8,0,1,1,1,1,1,40.38,403.66,-295.56,0,0.7,0,-0.71;
custom,cuboid,stone1,1.5,1,8,0,1,1,1,1,1,40.31,412.42,-310.23,0,0.7,0,-0.71;
custom,cuboid,stone1,1.5,1,8,0,1,1,1,1,1,40.08,421.88,-323.81,0,0.7,0,-0.71;
custom,cuboid,stone1,1.5,1,8,0,1,1,1,1,1,39.56,431.08,-338.2,0,0.7,0,-0.71;
custom,cuboid,stone1,1.5,1,8,0,1,1,1,1,1,39.42,440.38,-352.96,0,0.7,0,-0.71;
custom,cuboid,stone1,1.5,1,8,0,1,1,1,1,1,39.04,449.84,-366.63,0,0.7,0,-0.71;
custom,cuboid,stone1,1.5,1,8,0,1,1,1,1,1,-36.59,514.61,-286.1,0,0.72,0,0.7;
custom,cuboid,stone1,1.5,1,8,0,1,1,1,1,1,-36.69,505.24,-300.36,0,0.72,0,0.7;
custom,cuboid,stone1,1.5,1,8,0,1,1,1,1,1,-36.99,495.89,-314.59,0,0.72,0,0.7;
custom,cuboid,stone1,1.5,1,8,0,1,1,1,1,1,-37.7,486.55,-328.66,0,0.72,0,0.69;
custom,cuboid,stone1,1.5,1,8,0,1,1,1,1,1,-38.43,477.08,-343.54,0,0.72,0,0.69;
custom,cuboid,stone1,1.5,1,8,0,1,1,1,1,1,-39.03,468.08,-357.3,0,0.72,0,0.69;
custom,cuboid,stone1,1.5,1,8,0,1,1,1,1,1,-39.59,458.87,-371.4,0,0.72,0,0.69;
custom,cuboid,stone2,8,1,18,0,1,1,1,1,1,-2.42,455.41,-411.32,0,0.72,0,0.7;
custom,cuboid,stone2,2.5,1,10,0,1,1,1,1,1,-1.43,384.93,333.8,0,0,0,-1;
custom,cuboid,stone2,2.5,1,10,0,1,1,1,1,1,-1.46,253.11,333.55,0,1,0,0.01;
custom,cuboid,stone2,2.5,1,10,0,1,1,1,1,1,-1.85,385.01,-336.94,0,1,0,0;
custom,cuboid,stone2,2.5,1,10,0,1,1,1,1,1,-1.52,514.9,-336.1,0,1,0,-0.01;
custom,cuboid,stone2,1,8,10,0,1,1,1,1,1,-0.34,476.89,-323.66,0,1,0,-0.01;
custom,cuboid,stone2,1,8,10,0,1,1,1,1,1,-1.52,351.76,324.93,0,0.01,0,-1;
custom,cuboid,stone2,1,15,20,0,1,1,1,1,1,77.36,391.81,368.03,0,0.01,0,-1;
custom,cuboid,stone2,1,20,20,0,1,1,1,1,1,-79.89,358.57,356.72,0,0,0,-1;
custom,cuboid,stone2,20,1,20,0,1,1,1,1,1,1.47,458.4,356.57,0,0.01,0,-1;
custom,cuboid,stone2,20,15,1,0,1,1,1,1,1,-17.41,391.54,450.88,0,0.01,0,-1;
custom,cuboid,stone2,1,25,20,0,1,1,1,1,1,82.23,494.25,-357.34,0,1,0,0;
custom,cuboid,stone2,1,15,20,0,1,1,1,1,1,-80.42,533.24,-356.56,0,1,0,0;
custom,cuboid,stone2,20,1,20,0,1,1,1,1,1,-4.04,589.64,-359.09,0,1,0,0;
custom,cuboid,stone2,20,20,1,0,1,1,1,1,1,-4.16,517.02,-449.47,0,1,0,-0.02;
custom,cuboid,stone2,8,12,1,0,1,1,1,1,1,47.14,573.84,-265.3,0,0,0,-1;
custom,cuboid,stone2,8,12,1,0,1,1,1,1,1,-48.61,444.74,267.44,0,1,0,0.02;
custom,cuboid,stone2,8,12,1,0,1,1,1,1,1,-42.76,443.83,-255.42,0,1,0,-0.05;
custom,cuboid,stone2,8,12,1,0,1,1,1,1,1,41.26,314.72,252.71,0,0.01,0,1;
custom,cuboid,stone2,8,5,1,0,1,1,1,1,1,36.95,481.11,262.8,0,-0.02,0,1;
custom,cuboid,stone2,8,5,1,0,1,1,1,1,1,-39.04,610.72,-265.46,0,1,0,-0.01;
custom,plane,stone4,8,1,5,0,1,1,1,1,1,-120.77,346.81,229.34,-0.17,0.69,0.68,0.17;
custom,plane,stone4,8,1,5,0,1,1,1,1,1,-180.46,348.54,185.36,-0.28,0.65,0.66,0.26;
custom,plane,stone4,8,1,5,0,1,1,1,1,1,-232.19,346.74,117.28,-0.37,0.6,0.6,0.37;
custom,plane,stone4,8,1,5,0,1,1,1,1,1,-255.73,345.91,36.38,-0.46,0.53,0.54,0.46;
custom,plane,stone4,8,1,5,0,1,1,1,1,1,-256.23,347.62,-41.02,-0.55,0.45,0.47,0.52;
custom,plane,stone4,8,1,5,0,1,1,1,1,1,-231.77,348.06,-118.05,-0.63,0.36,0.38,0.58;
custom,plane,stone4,8,1,5,0,1,1,1,1,1,-182.15,348.19,-185.8,-0.66,0.27,0.28,0.64;
custom,plane,stone4,8,1,5,0,1,1,1,1,1,-114.72,349.36,-231.9,-0.69,0.16,0.16,0.69;
custom,plane,stone4,8,1,5,0,1,1,1,1,1,118.75,348.11,-231.63,0.69,0.17,0.17,-0.68;
custom,plane,stone4,8,1,5,0,1,1,1,1,1,184.82,346.83,-184.8,0.67,0.26,0.27,-0.64;
custom,plane,stone4,8,1,5,0,1,1,1,1,1,232.08,348.13,-115.59,0.62,0.36,0.38,-0.59;
custom,plane,stone4,8,1,5,0,1,1,1,1,1,257.59,348.12,-41.89,0.55,0.44,0.48,-0.52;
custom,plane,stone4,8,1,5,0,1,1,1,1,1,255.39,348.61,43.73,0.46,0.53,0.55,-0.45;
custom,plane,stone4,8,1,5,0,1,1,1,1,1,232.62,345.34,115.79,0.37,0.6,0.61,-0.36;
custom,plane,stone4,8,1,5,0,1,1,1,1,1,181.86,347.15,184.16,0.26,0.66,0.65,-0.27;
custom,plane,stone4,8,1,5,0,1,1,1,1,1,116.92,347.49,232.34,0.17,0.69,0.69,-0.17;
custom,plane,stone4,8,1,5,0,1,1,1,1,1,-117.8,476.15,233.16,-0.17,0.67,0.7,0.16;
custom,plane,stone4,8,1,5,0,1,1,1,1,1,-183.8,478.5,182.14,-0.27,0.64,0.66,0.27;
custom,plane,stone4,8,1,5,0,1,1,1,1,1,-232.47,476,117.24,-0.37,0.59,0.62,0.36;
custom,plane,stone4,8,1,5,0,1,1,1,1,1,-257.52,478.63,36.18,-0.48,0.52,0.55,0.45;
custom,plane,stone4,8,1,5,0,1,1,1,1,1,-257.16,477.3,-39.52,-0.55,0.45,0.47,0.53;
custom,plane,stone4,8,1,5,0,1,1,1,1,1,-231.57,477.79,-118.06,-0.61,0.36,0.37,0.59;
custom,plane,stone4,8,1,5,0,1,1,1,1,1,-180.76,477.38,-186.9,-0.66,0.27,0.28,0.65;
custom,plane,stone4,8,1,5,0,1,1,1,1,1,-117.96,478.14,-231.89,-0.7,0.16,0.17,0.67;
custom,plane,stone4,8,1,5,0,1,1,1,1,1,120.52,478.47,-229.01,0.69,0.17,0.17,-0.68;
custom,plane,stone4,8,1,5,0,1,1,1,1,1,184.49,477.78,-184.24,0.66,0.26,0.27,-0.65;
custom,plane,stone4,8,1,5,0,1,1,1,1,1,231.39,475.79,-118.21,0.62,0.36,0.38,-0.58;
custom,plane,stone4,8,1,5,0,1,1,1,1,1,257.18,478.35,-41.01,0.54,0.46,0.47,-0.53;
custom,plane,stone4,8,1,5,0,1,1,1,1,1,257.17,478.32,37.36,0.47,0.52,0.55,-0.45;
custom,plane,stone4,8,1,5,0,1,1,1,1,1,232.79,477.02,117.62,0.37,0.59,0.62,-0.36;
custom,plane,stone4,8,1,5,0,1,1,1,1,1,184.92,477.37,181.09,0.27,0.65,0.66,-0.26;
custom,plane,stone4,8,1,5,0,1,1,1,1,1,114.56,478.07,233.17,0.16,0.68,0.7,-0.16;
custom,plane,stone4,3,1,3,0,1,1,1,1,1,-0.83,485.54,272.93,0.04,0.71,0.71,-0.03;
custom,plane,stone4,3,1,3,0,1,1,1,1,1,10.22,356.58,264.29,0.25,0.66,0.67,-0.25;
custom,plane,stone4,3,1,3,0,1,1,1,1,1,-9.82,487.23,-270.79,-0.34,0.62,-0.62,-0.34;
custom,plane,stone4,3,1,3,0,1,1,1,1,1,-1.86,616.62,-272.36,-0.72,0.01,0.01,0.7;
custom,tower2,default,2,1,2,0,1,1,1,1,1,-0.28,498.21,-213.16,0,1,0,-0.01;
customb,house1,default,1,1.5,1.1,0,1,1,1,1,1,-257.99,542.66,-38.57,0,1,0,0.08;
customb,house1,default,1,1.5,1.1,0,1,1,1,1,1,-186.18,543.08,-183.02,0,0.92,0,0.39;
customb,house1,default,1,1.5,2,0,1,1,1,1,1,1.57,542.02,-321.58,0,0.01,0,1;
customb,house1,default,1,1.5,1.1,0,1,1,1,1,1,116.93,543,-232.36,0,0.52,0,0.85;
customb,house1,default,1,1.5,1.1,0,1,1,1,1,1,231.41,542.63,-119.46,0,0.23,0,0.97;
customb,house1,default,1,1.5,1.1,0,1,1,1,1,1,257.67,542.7,37.88,0,0.08,0,-1;
customb,house1,default,1,1.5,1.1,0,1,1,1,1,1,186.68,542.43,182.25,0,0.39,0,-0.92;
custom,tower1,default,2,1,5,0,1,1,1,1,1,-155.74,575.3,-215.5,0,0.3,0,0.95;
customb,house1,default,1,1.5,1.1,0,1,1,1,1,1,-116.31,542.2,233.52,0,0.85,0,-0.52;
customb,house1,default,1,1.5,1.1,0,1,1,1,1,1,-230.87,542.72,119.7,0,0.97,0,-0.24;
customb,house1,default,1,1.5,1.1,0,1,1,1,1,1,233.85,541.88,116.25,0,0.24,0,-0.97;
customb,house1,default,1,1.5,1.1,0,1,1,1,1,1,257.81,542.73,-43.02,0,0.07,0,1;
customb,house1,default,1,1.5,1.1,0,1,1,1,1,1,120.2,542.39,231.7,0,0.52,0,-0.85;
custom,tower1,default,2,1,5,0,1,1,1,1,1,-214.33,574.3,-156.77,0,0.48,0,0.88;
customb,house1,default,1,1.5,1.1,0,1,1,1,1,1,-182.06,542.65,185.51,0,0.92,0,-0.38;
customb,house1,default,1,1.5,1.1,0,1,1,1,1,1,-257.04,543.38,42.15,0,1,0,-0.07;
customb,house1,default,1,1.5,1.1,0,1,1,1,1,1,-233.2,543.23,-116.32,0,0.97,0,0.24;
customb,house1,default,1,1.5,1.1,0,1,1,1,1,1,-120.66,543.26,-231.23,0,0.85,0,0.52;
customb,house1,default,1,1.5,2,0,1,1,1,1,1,-4.22,541.53,319.21,0,1,0,0.01;
customb,house1,default,1,1.5,1.1,0,1,1,1,1,1,184.13,542.54,-186.4,0,0.38,0,0.92;
custom,tower1,default,2,1,5,0,1,1,1,1,1,-252.9,574.32,-82.7,0,0.58,0,0.81;
custom,tower1,default,2,1,5,0,1,1,1,1,1,-265.23,575.5,-1.43,0,0.74,0,0.67;
custom,tower1,default,2,1,5,0,1,1,1,1,1,-253.03,573.55,80.95,0,0.82,0,0.57;
custom,tower1,default,2,1,5,0,1,1,1,1,1,-214.5,574.19,155.06,0,0.88,0,0.47;
custom,tower1,default,2,1,5,0,1,1,1,1,1,-156.41,574.6,214.25,0,0.94,0,0.34;
custom,tower1,default,2,1,5,0,1,1,1,1,1,-81.64,574.84,253.79,0,0.97,0,0.24;
custom,tower1,default,2,1,5,0,1,1,1,1,1,79.15,574.94,254.32,0,0.97,0,-0.24;
custom,tower1,default,2,1,5,0,1,1,1,1,1,155.74,575.05,215.15,0,0.95,0,-0.33;
custom,tower1,default,2,1,5,0,1,1,1,1,1,214.96,574.45,156.13,0,0.88,0,-0.47;
custom,tower1,default,2,1,5,0,1,1,1,1,1,252.55,574.84,82.19,0,0.79,0,-0.61;
custom,tower1,default,2,1,5,0,1,1,1,1,1,265.56,574.97,-0.31,0,0.73,0,-0.69;
custom,tower1,default,2,1,5,0,1,1,1,1,1,253.56,573.91,-81.46,0,0.6,0,-0.8;
custom,tower1,default,2,1,5,0,1,1,1,1,1,215.63,574.66,-155.88,0,0.51,0,-0.86;
custom,tower1,default,2,1,5,0,1,1,1,1,1,157.96,574.85,-213.91,0,0.23,0,-0.97;
custom,tower1,default,2,1,5,0,1,1,1,1,1,81.75,575.3,-252.59,0,0.24,0,-0.97;
custom,tower1,default,2,1,5,0,1,1,1,1,1,-79.32,575.39,-254,0,0.23,0,0.97;
custom,tower2,default,2,1,2,0,1,1,1,1,1,0.22,497.85,214.43,0,-0.01,0,1;
custom,cylinder,stone2,48,0.3,48,0,1,1,1,1,1,0,520,0,0,0,0,0;
custom,cylinder,stone2,45,0.6,45,0,1,1,1,1,1,0,520,0,0,0,0,0;
custom,cylinder,stone2,42,0.9,42,0,1,1,1,1,1,0,520,0,0,0,0,0;
custom,cylinder,stone2,39,1.2,39,0,1,1,1,1,1,0,520,0,0,0,0,0;
custom,cylinder,stone2,36,1.5,36,0,1,1,1,1,1,0,520,0,0,0,0,0;
custom,cylinder,stone2,33,1.8,33,0,1,1,1,1,1,0,520,0,0,0,0,0;
custom,cylinder,stone2,52,0.1,52,0,1,1,1,1,1,0,520,0,0,0,0,0;
custom,cylinder,bark,1,10,1,0,1,1,1,1,1,100,520,100,0,0,0,0;
custom,cylinder,bark,1,10,1,0,1,1,1,1,1,-100,520,-100,0,0,0,0;
custom,cylinder,bark,1,10,1,0,1,1,1,1,1,100,520,-100,0,0,0,0;
custom,cylinder,bark,1,10,1,0,1,1,1,1,1,-100,520,100,0,0,0,0;
custom,cylinder,stone1,58,1,58,0,1,1,1,1,1,0,640,0,0,0,0,0;
custom,tower2,default,2,1,2,0,1,1,1,1,1,-0.28,628.21,-213.16,0,1,0,-0.01;
customb,house1,default,1,1.5,1.1,0,1,1,1,1,1,-257.99,672.66,-38.57,0,1,0,0.08;
customb,house1,default,1,1.5,1.1,0,1,1,1,1,1,-186.18,673.08,-183.02,0,0.92,0,0.39;
customb,house1,default,1,1.5,1.1,0,1,1,1,1,1,116.93,673,-232.36,0,0.52,0,0.85;
customb,house1,default,1,1.5,1.1,0,1,1,1,1,1,231.41,672.63,-119.46,0,0.23,0,0.97;
customb,house1,default,1,1.5,1.1,0,1,1,1,1,1,257.67,672.7,37.88,0,0.08,0,-1;
customb,house1,default,1,1.5,1.1,0,1,1,1,1,1,186.68,672.43,182.25,0,0.39,0,-0.92;
custom,tower1,default,2,1,5,0,1,1,1,1,1,-155.74,705.3,-215.5,0,0.3,0,0.95;
customb,house1,default,1,1.5,1.1,0,1,1,1,1,1,-116.31,672.2,233.52,0,0.85,0,-0.52;
customb,house1,default,1,1.5,1.1,0,1,1,1,1,1,-230.87,672.72,119.7,0,0.97,0,-0.24;
customb,house1,default,1,1.5,1.1,0,1,1,1,1,1,233.85,671.88,116.25,0,0.24,0,-0.97;
customb,house1,default,1,1.5,1.1,0,1,1,1,1,1,257.81,672.73,-43.02,0,0.07,0,1;
customb,house1,default,1,1.5,1.1,0,1,1,1,1,1,120.2,672.39,231.7,0,0.52,0,-0.85;
custom,tower1,default,2,1,5,0,1,1,1,1,1,-214.33,704.3,-156.77,0,0.48,0,0.88;
customb,house1,default,1,1.5,1.1,0,1,1,1,1,1,-182.06,672.65,185.51,0,0.92,0,-0.38;
customb,house1,default,1,1.5,1.1,0,1,1,1,1,1,-257.04,673.38,42.15,0,1,0,-0.07;
customb,house1,default,1,1.5,1.1,0,1,1,1,1,1,-233.2,673.23,-116.32,0,0.97,0,0.24;
customb,house1,default,1,1.5,1.1,0,1,1,1,1,1,-120.66,673.26,-231.23,0,0.85,0,0.52;
customb,house1,default,1,1.5,2,0,1,1,1,1,1,-4.22,671.53,319.21,0,1,0,0.01;
customb,house1,default,1,1.5,1.1,0,1,1,1,1,1,184.13,672.54,-186.4,0,0.38,0,0.92;
custom,tower1,default,2,1,5,0,1,1,1,1,1,-252.9,704.32,-82.7,0,0.58,0,0.81;
custom,tower1,default,2,1,5,0,1,1,1,1,1,-265.23,705.5,-1.43,0,0.74,0,0.67;
custom,tower1,default,2,1,5,0,1,1,1,1,1,-253.03,703.55,80.95,0,0.82,0,0.57;
custom,tower1,default,2,1,5,0,1,1,1,1,1,-214.5,704.19,155.06,0,0.88,0,0.47;
custom,tower1,default,2,1,5,0,1,1,1,1,1,-156.41,704.6,214.25,0,0.94,0,0.34;
custom,tower1,default,2,1,5,0,1,1,1,1,1,-81.64,704.84,253.79,0,0.97,0,0.24;
custom,tower1,default,2,1,5,0,1,1,1,1,1,79.13,704.94,254.51,0,0.97,0,-0.24;
custom,tower1,default,2,1,5,0,1,1,1,1,1,155.74,705.05,215.15,0,0.95,0,-0.33;
custom,tower1,default,2,1,5,0,1,1,1,1,1,214.96,704.45,156.13,0,0.88,0,-0.47;
custom,tower1,default,2,1,5,0,1,1,1,1,1,252.55,704.84,82.19,0,0.79,0,-0.61;
custom,tower1,default,2,1,5,0,1,1,1,1,1,265.56,704.97,-0.31,0,0.73,0,-0.69;
custom,tower1,default,2,1,5,0,1,1,1,1,1,253.56,703.91,-81.46,0,0.6,0,-0.8;
custom,tower1,default,2,1,5,0,1,1,1,1,1,215.63,704.66,-155.88,0,0.51,0,-0.86;
custom,tower1,default,2,1,5,0,1,1,1,1,1,157.96,704.85,-213.91,0,0.23,0,-0.97;
custom,tower1,default,2,1,5,0,1,1,1,1,1,81.75,705.3,-252.59,0,0.24,0,-0.97;
custom,tower1,default,2,1,5,0,1,1,1,1,1,-79.32,705.39,-254,0,0.23,0,0.97;
custom,tower2,default,2,1,2,0,1,1,1,1,1,0.22,627.85,214.43,0,-0.01,0,1;
custom,cylinder,stone2,48,0.3,48,0,1,1,1,1,1,0,650,0,0,0,0,0;
custom,cylinder,stone2,45,0.6,45,0,1,1,1,1,1,0,650,0,0,0,0,0;
custom,cylinder,stone2,42,0.9,42,0,1,1,1,1,1,0,650,0,0,0,0,0;
custom,cylinder,stone2,39,1.2,39,0,1,1,1,1,1,0,650,0,0,0,0,0;
custom,cylinder,stone2,36,1.5,36,0,1,1,1,1,1,0,650,0,0,0,0,0;
custom,cylinder,stone2,33,1.8,33,0,1,1,1,1,1,0,650,0,0,0,0,0;
custom,cylinder,stone2,52,0.1,52,0,1,1,1,1,1,0,650,0,0,0,0,0;
custom,cylinder,bark,1,10,1,0,1,1,1,1,1,100,650,100,0,0,0,0;
custom,cylinder,bark,1,10,1,0,1,1,1,1,1,-100,650,-100,0,0,0,0;
custom,cylinder,bark,1,10,1,0,1,1,1,1,1,100,650,-100,0,0,0,0;
custom,cylinder,bark,1,10,1,0,1,1,1,1,1,-100,650,100,0,0,0,0;
custom,cylinder,stone1,58,1,58,0,1,1,1,1,1,0,770,0,0,0,0,1;
custom,cuboid,stone1,1.5,1,8,0,1,1,1,1,1,-43.01,540.53,307.98,0,0.71,0,0.71;
custom,cuboid,stone1,1.5,1,8,0,1,1,1,1,1,-42.82,531.23,294.55,0,0.71,0,0.71;
custom,cuboid,stone1,1.5,1,8,0,1,1,1,1,1,-42.93,522.42,281.51,0,0.71,0,0.71;
custom,cuboid,stone1,1.5,1,8,0,1,1,1,1,1,-42.93,550.03,321.81,0,0.71,0,0.71;
custom,cuboid,stone1,1.5,1,8,0,1,1,1,1,1,-42.82,559.01,335.93,0,0.71,0,0.71;
custom,cuboid,stone1,1.5,1,8,0,1,1,1,1,1,-42.7,568.71,349.48,0,0.71,0,0.71;
custom,cuboid,stone1,1.5,1,8,0,1,1,1,1,1,-42.96,578.33,363.42,0,0.7,0,0.71;
custom,cuboid,stone1,8,1,1.5,0,1,1,1,1,1,39.71,644.8,284.13,0,-0.01,0,-1;
custom,cuboid,stone1,1.5,1,8,0,1,1,1,1,1,39.82,635.43,297.7,0,0.71,0,-0.71;
custom,cuboid,stone1,1.5,1,8,0,1,1,1,1,1,39.27,608.5,339.25,0,0.71,0,-0.7;
custom,cuboid,stone1,1.5,1,8,0,1,1,1,1,1,39.81,617.59,325.29,0,0.71,0,-0.7;
custom,cuboid,stone1,1.5,1,8,0,1,1,1,1,1,40.03,626.52,311.14,0,0.71,0,-0.7;
custom,cuboid,stone1,1.5,1,8,0,1,1,1,1,1,39.08,599.32,353.23,0,0.71,0,-0.71;
custom,cuboid,stone1,1.5,1,8,0,1,1,1,1,1,38.77,589.96,366.64,0,0.71,0,-0.71;
custom,cuboid,stone2,8,1,20,0,1,1,1,1,1,-2.04,585.3,408.85,0,0.71,0,-0.71;
custom,cuboid,stone5,1,12,30,0,1,1,1,1,1,-86.29,698.14,-399.63,0,1,0,-0.03;
custom,cuboid,stone2,2.5,1,10,0,1,1,1,1,1,-1.43,644.93,333.8,0,0,0,-1;
custom,cuboid,stone2,2.5,1,10,0,1,1,1,1,1,-1.46,513.11,333.55,0,1,0,0.01;
custom,cuboid,stone2,1,8,10,0,1,1,1,1,1,-1.52,611.76,324.93,0,0.01,0,-1;
custom,cuboid,stone2,1,15,20,0,1,1,1,1,1,77.36,651.81,368.03,0,0.01,0,-1;
custom,cuboid,stone2,1,20,20,0,1,1,1,1,1,-79.89,618.57,356.72,0,0,0,-1;
custom,cuboid,stone2,20,1,20,0,1,1,1,1,1,1.47,718.4,356.57,0,0.01,0,-1;
custom,cuboid,stone2,20,15,1,0,1,1,1,1,1,-17.41,651.54,450.88,0,0.01,0,-1;
custom,cuboid,stone2,8,12,1,0,1,1,1,1,1,-48.61,704.74,267.44,0,1,0,0.02;
custom,cuboid,stone2,8,12,1,0,1,1,1,1,1,41.26,574.72,252.71,0,0.01,0,1;
custom,cuboid,stone2,8,5,1,0,1,1,1,1,1,36.95,741.11,262.8,0,-0.02,0,1;
custom,plane,stone4,8,1,5,0,1,1,1,1,1,-120.77,606.81,229.34,-0.17,0.69,0.68,0.17;
custom,plane,stone4,8,1,5,0,1,1,1,1,1,-180.46,608.54,185.36,-0.28,0.65,0.66,0.26;
custom,plane,stone4,8,1,5,0,1,1,1,1,1,-232.19,606.74,117.28,-0.37,0.6,0.6,0.37;
custom,plane,stone4,8,1,5,0,1,1,1,1,1,-255.73,605.91,36.38,-0.46,0.53,0.54,0.46;
custom,plane,stone4,8,1,5,0,1,1,1,1,1,-256.23,607.62,-41.02,-0.55,0.45,0.47,0.52;
custom,plane,stone4,8,1,5,0,1,1,1,1,1,-231.77,608.06,-118.05,-0.63,0.36,0.38,0.58;
custom,plane,stone4,8,1,5,0,1,1,1,1,1,-182.15,608.19,-185.8,-0.66,0.27,0.28,0.64;
custom,plane,stone4,8,1,5,0,1,1,1,1,1,-114.72,609.36,-231.9,-0.69,0.16,0.16,0.69;
custom,plane,stone4,8,1,5,0,1,1,1,1,1,118.75,608.11,-231.63,0.69,0.17,0.17,-0.68;
custom,plane,stone4,8,1,5,0,1,1,1,1,1,184.82,606.83,-184.8,0.67,0.26,0.27,-0.64;
custom,plane,stone4,8,1,5,0,1,1,1,1,1,232.08,608.13,-115.59,0.62,0.36,0.38,-0.59;
custom,plane,stone4,8,1,5,0,1,1,1,1,1,257.59,608.12,-41.89,0.55,0.44,0.48,-0.52;
custom,plane,stone4,8,1,5,0,1,1,1,1,1,255.39,608.61,43.73,0.46,0.53,0.55,-0.45;
custom,plane,stone4,8,1,5,0,1,1,1,1,1,232.62,605.34,115.79,0.37,0.6,0.61,-0.36;
custom,plane,stone4,8,1,5,0,1,1,1,1,1,181.86,607.15,184.16,0.26,0.66,0.65,-0.27;
custom,plane,stone4,8,1,5,0,1,1,1,1,1,116.92,607.49,232.34,0.17,0.69,0.69,-0.17;
custom,plane,stone4,8,1,5,0,1,1,1,1,1,-117.8,736.15,233.16,-0.17,0.67,0.7,0.16;
custom,plane,stone4,8,1,5,0,1,1,1,1,1,-183.8,738.5,182.14,-0.27,0.64,0.66,0.27;
custom,plane,stone4,8,1,5,0,1,1,1,1,1,-232.47,736,117.24,-0.37,0.59,0.62,0.36;
custom,plane,stone4,8,1,5,0,1,1,1,1,1,-257.52,738.63,36.18,-0.48,0.52,0.55,0.45;
custom,plane,stone4,8,1,5,0,1,1,1,1,1,-257.16,737.3,-39.52,-0.55,0.45,0.47,0.53;
custom,plane,stone4,8,1,5,0,1,1,1,1,1,-231.57,737.79,-118.06,-0.61,0.36,0.37,0.59;
custom,plane,stone4,8,1,5,0,1,1,1,1,1,-180.76,737.38,-186.9,-0.66,0.27,0.28,0.65;
custom,plane,stone4,8,1,5,0,1,1,1,1,1,-117.96,738.14,-231.89,-0.7,0.16,0.17,0.67;
custom,plane,stone4,8,1,5,0,1,1,1,1,1,120.52,738.47,-229.01,0.69,0.17,0.17,-0.68;
custom,plane,stone4,8,1,5,0,1,1,1,1,1,184.49,737.78,-184.24,0.66,0.26,0.27,-0.65;
custom,plane,stone4,8,1,5,0,1,1,1,1,1,231.39,735.79,-118.21,0.62,0.36,0.38,-0.58;
custom,plane,stone4,8,1,5,0,1,1,1,1,1,257.18,738.35,-41.01,0.54,0.46,0.47,-0.53;
custom,plane,stone4,8,1,5,0,1,1,1,1,1,257.17,738.32,37.36,0.47,0.52,0.55,-0.45;
custom,plane,stone4,8,1,5,0,1,1,1,1,1,232.79,737.02,117.62,0.37,0.59,0.62,-0.36;
custom,plane,stone4,8,1,5,0,1,1,1,1,1,184.92,737.37,181.09,0.27,0.65,0.66,-0.26;
custom,plane,stone4,8,1,5,0,1,1,1,1,1,114.56,738.07,233.17,0.16,0.68,0.7,-0.16;
custom,plane,stone4,3,1,3,0,1,1,1,1,1,-0.83,745.54,272.93,0.04,0.71,0.71,-0.03;
custom,plane,stone4,3,1,3,0,1,1,1,1,1,10.22,616.58,264.29,0.25,0.66,0.67,-0.25;
custom,cuboid,stone1,30,100,1,1,1,0.28,0.24,1,1,-100.61,149.36,-386.6,0,0.7,0,0.71;
custom,cuboid,stone1,30,100,1,1,1,0.28,0.24,1,1,94.38,149.57,-391.21,0,0.71,0,0.7;
custom,cuboid,stone1,30,100,1,1,1,0.28,0.24,1,1,-112.65,253.05,386.77,0,0.72,0,-0.69;
custom,cuboid,stone1,30,70,1,1,1,0.28,0.24,1,1,99.8,404.59,386.31,0,0.7,0,0.71;
custom,cuboid,stone1,22,70,1,1,1,0.28,0.24,1,1,-9.71,403.53,521.73,0,1,0,0.01;
custom,cuboid,stone1,20,100,1,1,1,0.28,0.24,1,1,-3.29,148.76,-533.23,0,1,0,-0.01;
custom,cuboid,stone1,20,1,30,1,1,0.28,0.24,1,1,-0.5,642.33,-383.69,0,1,0,-0.01;
custom,cuboid,stone1,22,1,25,1,1,0.28,0.24,1,1,-5.99,747.21,396.71,0,0.01,0,-1;
custom,cuboid,stone1,2,5,1,1,1,0.28,0.24,1,1,-95.78,727.84,246.55,0,0.24,0,-0.97;
custom,cuboid,stone1,2,5,1,1,1,0.28,0.24,1,1,91.27,735.96,245.18,0,0.23,0,0.97;
custom,cuboid,stone1,2,5,1,1,1,0.28,0.24,1,1,-92,608.65,-246.94,0,0.97,0,-0.24;
custom,cuboid,stone1,2,5,1,1,1,0.28,0.24,1,1,-91.8,477.32,-245.62,0,0.97,0,-0.24;
custom,cuboid,stone1,2,5,1,1,1,0.28,0.24,1,1,-92.21,345.33,-246.7,0,0.97,0,-0.24;
custom,cuboid,stone1,2,5,1,1,1,0.28,0.24,1,1,-92.05,218.31,-246.41,0,0.97,0,-0.24;
custom,cuboid,stone1,2,5,1,1,1,0.28,0.24,1,1,-92.19,85.83,-245.74,0,0.98,0,-0.22;
custom,cuboid,stone1,2,5,1,1,1,0.28,0.24,1,1,-96.62,87.31,247.16,0,0.23,0,-0.97;
custom,cuboid,stone1,2,5,1,1,1,0.28,0.24,1,1,92.02,87.3,245.36,0,0.24,0,0.97;
custom,cuboid,stone1,2,5,1,1,1,0.28,0.24,1,1,92.53,216.93,245.13,0,0.24,0,0.97;
custom,cuboid,stone1,2,5,1,1,1,0.28,0.24,1,1,-96.02,217.83,245.73,0,0.23,0,-0.97;
custom,cuboid,stone1,2,5,1,1,1,0.28,0.24,1,1,-95.31,348.36,246.55,0,0.23,0,-0.97;
custom,cuboid,stone1,2,5,1,1,1,0.28,0.24,1,1,93.13,347.4,244.7,0,0.23,0,0.97;
custom,cuboid,stone1,2,5,1,1,1,0.28,0.24,1,1,92.19,476.55,245.45,0,0.24,0,0.97;
custom,cuboid,stone1,2,5,1,1,1,0.28,0.24,1,1,-96.8,479.14,246.45,0,0.24,0,-0.97;
custom,cuboid,stone1,2,5,1,1,1,0.28,0.24,1,1,-95.93,608.78,246.36,0,0.24,0,-0.97;
custom,cuboid,stone1,2,5,1,1,1,0.28,0.24,1,1,93.81,607.15,246.12,0,0.24,0,0.97;
custom,cylinder,stone1,4,100,4,0,1,1,1,1,1,-118.95,-135.63,520.95,0,0.62,0,0.78;
custom,cylinder,stone1,4,100,4,0,1,1,1,1,1,94.88,-135.44,527.44,0,0.97,0,0.23;
custom,cylinder,stone1,4,100,4,0,1,1,1,1,1,94.44,-240.66,-538.79,0,0.81,0,-0.58;
custom,cylinder,stone1,4,100,4,0,1,1,1,1,1,-99.79,-240.99,-533.08,0,0.37,0,0.93;
custom,cone,stone2,1.2,1.2,1.2,0,1,1,1,1,1,98,876.97,527.16,0,0.08,0,-1;
custom,cone,stone2,1.2,1.2,1.2,0,1,1,1,1,1,-115.47,875.97,520.1,0,0.05,0,-1;
custom,cone,stone2,1.2,1.2,1.2,0,1,1,1,1,1,-101.86,770.51,-530.2,0,0.9,0,-0.43;
custom,cone,stone2,1.2,1.2,1.2,0,1,1,1,1,1,91.22,770.79,-538.66,0,1,0,-0.01;
custom,cone,stone2,12,12,12,0,1,1,1,1,1,-7.3,913.7,-30.97,0,0.7,0,0.71;
custom,cuboid,stone1,20,1,30,0,1,1,1,1,1,-1.16,112.85,-381.37,0,0.01,0,1;
custom,cuboid,grass,20,1,30,1,0,0.48,0,1,1,-2.43,-4.51,-381.25,0,0,0,1;
customb,tree0,default,2,2,2,0,1,1,1,1,1,-314.23,144.31,-266.24,0,0.99,0,0.11;
customb,tree0,default,2,2,2,0,1,1,1,1,1,-467.91,144.44,93.39,0,0.99,0,0.16;
customb,tree0,default,2,2,2,0,1,1,1,1,1,-346.53,145.52,548.01,0,0.6,0,0.8;
customb,tree0,default,2,2,2,0,1,1,1,1,1,302.03,146.89,-492.13,0,0.99,0,0.12;
customb,tree0,default,2,2,2,0,1,1,1,1,1,394.19,144.09,-426.3,0,0.95,0,0.3;
customb,tree0,default,2,2,2,0,1,1,1,1,1,498.33,144.5,-97.06,0,0.63,0,0.78;
customb,tree0,default,2,2,2,0,1,1,1,1,1,407.12,143.21,86.93,0,0.21,0,0.98;
customb,tree0,default,2,2,2,0,1,1,1,1,1,320.86,140.53,378.3,0,0.05,0,-1;
customb,tree0,default,1,1,1,0,1,1,1,1,1,-361.01,71.29,290.27,0,0.45,0,-0.89;
customb,tree0,default,1,1,1,0,1,1,1,1,1,-381.25,72.9,-86.28,0,0.97,0,-0.24;
customb,tree0,default,1,1,1,0,1,1,1,1,1,363.1,72.11,-188.46,0,0.87,0,0.49;
customb,tree0,default,1,1,1,0,1,1,1,1,1,317.14,72.66,188.35,0,0.14,0,0.99;
customb,tree0,default,3,3,3,0,1,1,1,1,1,-547.84,214.26,-517.22,0,1,0,0.09;
customb,tree0,default,3,3,3,0,1,1,1,1,1,579.59,216.04,599.99,0,0.38,0,0.92;
custom,sphere,stone5,10,10,10,0,1,1,1,1,1,-0.94,1273.04,-9.73,0,0.95,0,-0.31;
custom,plane,stone2,8,1,8,0,1,1,1,1,1,50.19,168.94,258.65,-0.7,0,0,0.72;
custom,plane,stone2,8,1,8,0,1,1,1,1,1,48.77,421.57,257.01,-0.69,0,-0.01,0.72;
custom,plane,stone2,8,1,8,0,1,1,1,1,1,49.16,678.67,257.82,-0.69,0.01,0.01,0.72;
custom,plane,stone2,8,1,8,0,1,1,1,1,1,-52.94,555.57,-262.06,0.01,0.7,0.71,-0.01;
custom,plane,stone2,8,1,8,0,1,1,1,1,1,-49.58,293.54,-258.82,0,0.72,0.69,-0.01;
photon,spawnPunk,5,0,2.325243,34.18592,-9.135283,0,0.74,0,-0.67,0,0,0,0,0,0,0,0;
photon,spawnPunk,10,0,-94.09003,176.9914,7.045096,0,0.69,0,-0.72,0,0,0,0,0,0,0,0;
photon,spawnPunk,10,0,75.73065,175.1832,-7.234585,0,0.68,0,0.73,0,0,0,0,0,0,0,0;
photon,spawnPunk,20,0,22.20116,305.6135,78.02013,0,0.36,0,-0.93,0,0,0,0,0,0,0,0;
photon,spawnPunk,20,0,-26.92239,304.9965,-41.11313,0,0.73,0,-0.69,0,0,0,0,0,0,0,0;
photon,spawnPunk,20,0,55.51899,304.1389,-44.71995,0,0.74,0,0.68,0,0,0,0,0,0,0,0;
photon,spawnPunk,30,0,93.5662,415.0771,-68.86411,0,0.69,0,0.72,0,0,0,0,0,0,0,0;
photon,spawnPunk,30,0,-91.26373,412.8222,-74.95548,0,0.77,0,-0.63,0,0,0,0,0,0,0,0;
photon,spawnPunk,30,0,-88.15995,411.3813,76.48162,0,0.63,0,-0.78,0,0,0,0,0,0,0,0;
photon,spawnPunk,30,0,99.70605,410.6472,73.03789,0,0.59,0,0.81,0,0,0,0,0,0,0,0;
photon,spawnPunk,40,0,93.69111,538.3632,-80.53539,0,0.79,0,0.61,0,0,0,0,0,0,0,0;
photon,spawnPunk,40,0,-90.5731,542.7495,-77.66545,0,0.79,0,-0.61,0,0,0,0,0,0,0,0;
photon,spawnPunk,40,0,-92.27609,542.4807,66.67469,0,0.35,0,-0.94,0,0,0,0,0,0,0,0;
photon,spawnPunk,40,0,85.92152,545.2236,73.00056,0,0.62,0,0.79,0,0,0,0,0,0,0,0;
photon,spawnPunk,40,0,-2.328678,552.145,0.682431,0,0.76,0,0.65,0,0,0,0,0,0,0,0;
photon,spawnPunk,60,0,-95.76645,680.7322,68.13773,0,0.9,0,-0.43,0,0,0,0,0,0,0,0;
photon,spawnPunk,60,0,-103.1441,678.3123,-8.376366,0,0.8,0,-0.6,0,0,0,0,0,0,0,0;
photon,spawnPunk,60,0,-97.74648,676.2766,-75.41422,0,0.82,0,-0.57,0,0,0,0,0,0,0,0;
photon,spawnPunk,60,0,97.73124,674.5421,-78.0446,0,0.62,0,0.78,0,0,0,0,0,0,0,0;
photon,spawnPunk,60,0,89.75893,680.6365,66.78188,0,0.58,0,0.82,0,0,0,0,0,0,0,0;
photon,spawnPunk,60,0,94.60424,676.7882,6.194342,0,0.75,0,0.66,0,0,0,0,0,0,0,0;
custom,cylinder,stone1,50,1,50,1,0.59,0,1,1,1,-11.4,768.87,-15.02,0,0.88,0,0.47;
custom,cylinder,empty,0.5,2,0.5,1,0,1,0,1,1,47.77,45.03,247.38,0,0.52,0,0.86;
custom,cylinder,empty,0.5,1.2,0.5,1,0,1,0,1,1,39.79,54.7,248.17,0.19,0.58,-0.3,0.73;
custom,cylinder,empty,0.5,1.5,0.5,1,1,1,0,1,1,-42.24,175.92,-250.42,0.71,0.7,-0.04,-0.04;
custom,cylinder,empty,0.5,1.5,0.5,1,1,1,0,1,1,-55.13,189.5,-249.38,0,0.93,0,-0.36;
custom,cylinder,empty,0.5,1.5,0.5,1,1,1,0,1,1,-29.53,161.24,-251.84,0,0.93,0,-0.36;
custom,cylinder,empty,0.5,1.5,0.5,1,1,1,0,1,1,-42.61,203.54,-250.59,0.71,0.7,-0.05,-0.03;
custom,cylinder,empty,0.5,1.5,0.5,1,1,1,0,1,1,-43.65,147.9,-251.26,-0.71,0.71,0.03,-0.04;
custom,cylinder,empty,0.5,1.5,0.5,1,1,0.53,0,1,1,50.83,321.4,246.86,0,0.32,0,0.95;
custom,cylinder,empty,0.5,1.5,0.5,1,1,0.53,0,1,1,51.07,291.83,247.83,0,0.35,0,0.94;
custom,cylinder,empty,0.5,1.5,0.5,1,1,0.53,0,1,1,37.25,334.08,247.65,0.01,0.01,0.71,0.71;
custom,cylinder,empty,0.5,1.5,0.5,1,1,0.53,0,1,1,37.43,279.43,248.41,0,0,0.7,0.71;
custom,cylinder,empty,0.5,1.4,0.5,1,1,0.53,0,1,1,37.84,306.03,248.45,-0.02,0.04,0.71,0.7;
custom,cylinder,empty,0.5,2,0.5,1,1,0,0,1,1,-41.83,431.72,-251.33,0.71,0.71,-0.05,-0.02;
custom,cylinder,empty,0.5,2,0.5,1,1,0,0,1,1,-34.95,446.71,-251.88,-0.34,0.92,-0.03,-0.18;
custom,cylinder,empty,0.5,2.5,0.5,1,1,0,0,1,1,-46.48,436.5,-250.64,0,0.92,0,-0.4;
custom,cylinder,empty,0.5,2,0.5,1,0.2,0.05,0,1,1,39.27,567.28,248.4,-0.01,0.02,-0.7,0.71;
custom,cylinder,empty,0.5,1.5,0.5,1,0.2,0.05,0,1,1,21.42,582.83,247.96,0,0.27,0,0.96;
custom,cylinder,empty,0.5,1.5,0.5,1,0.2,0.05,0,1,1,56.45,552.63,247.68,0,0.27,0,0.96;
custom,cylinder,empty,0.5,2,0.5,1,0.2,0.05,0,1,1,39.28,595.78,249.05,-0.5,0.52,0.5,0.49;
custom,cylinder,empty,0.5,2,0.5,1,0.2,0.05,0,1,1,37.72,539.81,248.86,0.12,0.13,-0.7,0.69;
base,aot_supply,0.1966213,330.1551,445.5576,0,-0.001705629,0,-1,0,0,0,0,0,0,0,0,0,0;
base,aot_supply,-1.892233,590.5238,445.3406,0,-0.02812352,0,-1,0,0,0,0,0,0,0,0,0,0;
custom,cuboid,stone5,1,12,30,0,1,1,1,1,1,84.75,697.8,-393.61,0,1,0,0.01;
custom,cuboid,stone5,1,12,18,0,1,1,1,1,1,-7.28,698.14,-535.84,0,0.72,0,0.7;
custom,cuboid,bark,18,1,30,1,0,0.34,1,1,1,-0.95,758.52,-386.28,0,1,0,-0.01;
custom,cuboid,bark,16,1,25,1,0,1,0,1,1,1.15,644.98,-406.97,0,1,0,-0.02;
customb,tree0,default,0.5,0.5,0.5,0,1,1,1,1,1,-4.66,686.72,-408.06,0,0.99,0,0.14;