racing,killCuboid,3,0.3,7.5,-680.2506,14.80853,419.0642,0.7066293,0.7075837,0.0007121546,0.000107192;
racing,killCuboid,3,0.3,70,-329.1095,14.28566,642.5287,0.5013277,0.4985797,0.5013654,0.49872;
racing,killCuboid,3,0.3,22,-680.4868,14.73603,566.4142,0.7071057,0.7071077,0.0003456123,0.0004438121;
racing,killCuboid,3,0.3,70,-313.8921,14.88566,542.9686,0.5013277,0.4985797,0.5013654,0.49872;
racing,killCuboid,3,0.3,70,-329.149,14.68566,674.9592,0.5013277,0.4985797,0.5013654,0.49872;
racing,killCuboid,3,0.3,70,-314.7332,14.88567,476.2158,0.5006312,0.4992791,0.5006686,0.4994194;
racing,killCuboid,3,0.3,70,-329.1809,14.72566,510.0728,0.5008053,0.4991044,0.5008429,0.4992447;
racing,killCuboid,3,0.3,70,-329.0879,14.76566,575.9027,0.5013277,0.4985797,0.5013654,0.49872;
racing,killCuboid,3,0.3,70,-312.7102,14.96566,608.9362,0.5013277,0.4985797,0.5013654,0.49872;
racing,killCuboid,3,0.3,21,38.20817,14.89266,571.4794,0.7056064,0.7085679,-0.005037687,-0.005089915;
racing,killCuboid,3,0.3,50,-452.7661,14.94628,354.9003,0.592258,0.5940237,0.3844947,0.3853961;
racing,killCuboid,3,0.3,50,-319.8727,14.70167,259.4239,0.3863299,0.3842772,-0.594001,-0.5918135;
racing,killCuboid,3,0.3,60,-405.0553,14.78288,260.5692,0.5927023,0.5934318,0.3847123,0.3854079;
racing,killCuboid,3,0.3,30,-90.89061,14.01731,306.5794,0.0001823712,-0.001076242,0.7038094,0.710388;
racing,killCuboid,3,0.3,3,-90.70201,14.42813,141.6099,-0.001643068,-0.0016032,0.703393,0.7107975;
racing,killCuboid,3,0.3,3,-91.24873,13.74472,459.7079,-0.5002552,0.5010671,0.4941584,0.5044641;
racing,killCuboid,2,0.3,3,30.80166,14.66016,674.6546,0.001114669,0.6981639,0.7159362,-0.001186366;
custom,cuboid,metal2,4,0.5,4.3,0,1,1,1,1,1,-111.6812,27.21791,119.1829,-0.0006981083,-0.008171011,-5.704443E-06,0.9999664;
custom,cuboid,metal2,4,0.5,4.3,0,1,1,1,1,1,-111.6934,2.259022,119.0147,0,0.007848021,0,-0.9999692;
custom,cuboid,metal2,4,0.5,4.3,0,1,1,1,1,1,-134.0949,9.447309,118.7422,-0.707535,0.7066106,-0.002191894,0.009535856;
custom,cuboid,metal2,4,0.5,4.3,0,1,1,1,1,1,-91.36497,9.629977,119.5221,0.001942759,0.0009268787,-0.7073509,-0.7068593;
custom,cuboid,default,0.7,0.2,70,0,1,1,1,1,1,-329.2758,20.24493,642.8302,0.5012119,0.4987752,0.501229,0.4987779;
custom,cuboid,default,0.7,0.2,70,0,1,1,1,1,1,-312.686,20.13668,608.6898,0.498076,0.501995,-0.4980766,-0.5018377;
custom,cuboid,default,0.7,0.2,70,0,1,1,1,1,1,-329.1216,20.40635,575.9705,0.4977212,0.5022562,-0.4977299,-0.5022722;
custom,cuboid,default,0.7,0.2,70,0,1,1,1,1,1,-313.7141,20.13533,542.9017,0.5004174,0.4997908,-0.4999164,-0.4998752;
custom,cuboid,default,0.7,0.2,70,0,1,1,1,1,1,-329.3228,20.24389,510.2363,0.5004869,0.4994363,0.5009108,0.499164;
racing,killCuboid,21,1,72,-322.2102,28.61847,580.2896,0,0.7064298,0,0.7077832;
racing,killCuboid,21,2,72,-322.5024,-3.518144,580.5687,0,0.7077664,0,-0.7064466;
custom,cuboid,default,3,0.2,3,0,1,1,1,1,1,-664.6088,6.074865,658.4059,0,0.7070859,0,-0.7071277;
spawnpoint,playerM,-667.6313,7.474921,655.5068,0,0.7164182,0,-0.6976712;
spawnpoint,playerC,-667.2858,6.994922,655.5193,0,0.7164182,0,-0.6976712;
racing,startCuboid,3,0.3,3,-648.1611,8.824293,658.9769,0.6999094,0.7142314,0.0001792497,0.0006507842;
custom,cylinder,stone5,0.3,0.5,0.3,0,1,1,1,1,1,-645.8257,22.89951,476.1812,0,0.5860456,0,-0.8102781;
custom,cylinder,stone5,0.3,0.5,0.3,0,1,1,1,1,1,-366.9139,14.4695,316.6538,0,0.5410303,0,-0.8410032;
custom,cylinder,stone5,0.3,0.5,0.3,0,1,1,1,1,1,-225.9821,14.8428,253.756,0,0.571828,0,-0.8203735;
custom,cylinder,stone5,0.3,0.5,0.3,0,1,1,1,1,1,-546.947,5.052526,360.5022,0,0.8445165,0,0.5355295;
custom,cylinder,stone5,0.3,2,0.3,0,1,1,1,1,1,-106.8107,9.568748,119.15,0,0.9998458,0,0.01756061;
custom,cylinder,stone5,0.3,2,0.3,0,1,1,1,1,1,-120.5978,9.568769,118.9542,0,0.9998458,0,0.01756061;
racing,checkpointCuboid,1.5,0.25,3,-113.7614,11.20088,119.043,-0.006892135,0.7055902,0.7085571,0.00646171;
racing,killCuboid,200,2,200,-432.9135,-9.789406,-523.7958,0,0.707339,0,-0.7068745;
misc,barrier,35,0.3,70,-335.5934,29.90864,300.6914,0,0.7060891,0,0.7081231;
map,disablebounds;
racing,killCuboid,3,0.3,55,-406.3421,14.90339,94.62102,0.5001939,0.5075808,-0.4924195,-0.4996909;
racing,killCuboid,3,0.3,58,-378.6531,14.86294,62.02939,0.5031338,0.5043525,-0.4954268,-0.4970284;
racing,killCuboid,3,0.3,58,-390.8295,14.83042,28.78477,0.4981408,0.4942578,0.5056627,0.5018668;
racing,killCuboid,13.5,2,58,-377.6699,22.20698,27.96872,0,0.7132235,0,-0.7009368;
racing,killCuboid,3,0.3,58,-377.3198,14.85051,-4.264749,0.5027453,0.5046182,-0.495486,-0.4970929;
racing,killCuboid,3,0.3,58,-390.6803,14.6117,-37.53079,0.4946035,0.4976966,0.502221,0.5054103;
custom,cuboid,default,0.2,0.5,58,0,1,1,1,1.0,1.0,-378.8829,19.45566,61.9587,0,0.7126228,0,-0.7015475;
custom,cuboid,default,0.2,0.2,58,0,1,1,1,1.0,1.0,-377.3501,19.41508,-4.305824,0,0.7124884,0,-0.7016839;
racing,killCuboid,3,0.2,13,-88.62332,14.24929,33.1426,0.006357801,0.006313279,-0.7083114,-0.7058433;
racing,killCuboid,3,0.2,55,-360.7276,13.16574,-74.40836,0.5101153,0.5109652,-0.49087,-0.4875895;
custom,cuboid,stone5,3,0.3,6,0,1,1,1,1.0,1.0,-652.3583,14.05997,-117.9243,0.6040354,0.6074182,0.3637978,0.3658352;
custom,cuboid,stone5,3,0.3,6,0,1,1,1,1.0,1.0,-677.8278,14.30727,-73.49528,0.705676,0.7085238,-0.003601708,0.00159885;
racing,killCuboid,3,0.31,6,-633.6263,14.26998,-90.23956,0.6024566,0.6090802,0.3621316,0.3673256;
custom,cuboid,stone5,3,0.3,10,0,1,1,1,1.0,1.0,-587.5002,27.58419,-152.1955,0.5370098,0.6572775,0.4582267,0.2638848;
racing,killCuboid,3,0.3,10,-503.6926,60.646,-195.9976,0.2631126,0.4584058,-0.6571968,-0.5373344;
racing,killCuboid,3,0.3,10,-572.6643,27.82952,-122.5212,0.2639504,0.4578257,-0.6585904,-0.5357094;
racing,killCuboid,3,0.3,10,-489.0439,59.79693,-166.8155,0.5390104,0.6572755,0.4573514,0.261317;
racing,killCuboid,1.5,0.3,20,-537.9067,60.32797,-168.4217,-0.08331209,0.844643,0.1392407,0.5101465;
custom,cuboid,stone5,1.5,0.3,20,0,1,1,1,1.0,1.0,-530.875,60.33244,-155.1982,-0.08486797,0.8447152,0.1383343,0.510017;
racing,killCuboid,3,0.3,20,-534.1091,28.66846,-161.5802,-0.08870441,0.8445187,0.1359987,0.5103176;
racing,killCuboid,3,0.3,40,-277.2264,58.90561,-297.8149,-0.0002990103,0.8565979,-0.0001801124,0.5159845;
racing,killCuboid,3,0.3,40,-277.0731,91.70041,-297.9653,-0.0002998642,0.8561751,-0.0001786855,0.5166858;
racing,killCuboid,3,0.3,41,-273.8489,75.19619,-281.0453,0.3668589,0.3633548,-0.608236,-0.6028573;
racing,killCuboid,3,0.3,10,102.127,-0.2889748,-500.0999,0,0.5047675,0,-0.8632554;
racing,killCuboid,3,0.3,41,-289.311,75.28246,-309.6819,0.3671888,0.3633117,-0.6089138,-0.6019976;
racing,killCuboid,3,0.3,20,-17.54278,60.72719,-434.9999,0.1320591,0.5089943,0.07952733,-0.8468534;
racing,killCuboid,3,0.3,20,-16.60488,28.23411,-436.2735,0.08055691,0.8453712,-0.1309958,0.5115645;
racing,killCuboid,3,0.3,20,-30.19217,46.64205,-447.1644,0.6580189,0.5394945,0.2699029,0.4506765;
racing,killCuboid,3,0.3,20,-13.89698,45.96011,-418.6568,0.4504936,0.2711677,-0.5410697,-0.6563286;
racing,killCuboid,3,0.3,10,102.2561,29.81483,-499.8252,0.0003288221,0.8642746,0.002210788,0.5030153;
racing,killCuboid,3,0.3,10,109.9897,15.94731,-485.9292,0.3566276,0.3600003,-0.6091566,-0.6100367;
racing,killCuboid,3,0.3,10,94.08912,15.87778,-514.281,0.3526661,0.3593267,-0.6088849,-0.613001;
custom,cuboid,stone5,0.2,0.2,4,0,1,1,1,1.0,1.0,100.5796,30.17569,-499.5593,-2.487139E-11,0.865783,6.683106E-11,0.5004196;
custom,cuboid,stone5,0.3,0.3,3,0,1,1,1,1.0,1.0,144.4248,27.01258,-523.7936,0.002025363,0.2546239,-0.000533284,0.9670379;
custom,cuboid,stone5,3,0.3,0.3,0,1,1,1,1.0,1.0,144.4633,2.257238,-523.8419,0.009588043,0.5057678,0.005730241,-0.8625974;
custom,cuboid,stone5,3,0.3,0.3,0,1,1,1,1.0,1.0,137.795,13.13233,-535.6703,0.3596355,0.3634214,-0.6045051,-0.6108689;
custom,cuboid,stone5,3,0.3,0.3,0,1,1,1,1.0,1.0,150.9669,13.39427,-512.0109,-0.3537809,0.3507616,0.6135767,-0.6126412;
custom,cuboid,stone5,0.3,0.3,3,0,1,1,1,1.0,1.0,141.997,13.3111,-528.0765,0.6089432,0.3546836,0.3577033,-0.6127284;
custom,cuboid,stone5,0.3,0.3,3,0,1,1,1,1.0,1.0,146.4343,13.16664,-520.2318,0.6094048,0.3579301,0.3571816,-0.6106825;
custom,cuboid,stone5,3,0.3,0.3,0,1,1,1,1.0,1.0,144.2151,18.44412,-523.9503,-0.00247768,0.8616529,0.002164535,0.5074875;
custom,cuboid,stone5,3,0.3,0.3,0,1,1,1,1.0,1.0,144.2365,9.829575,-523.6401,0,0.8627274,0,0.5056694;
custom,pyramid,default,1,1,0.001,0,1,1,1,1.0,1.0,67.78741,41.67108,-479.7768,-0.001734138,0.8627042,0.0001973202,0.5057059;
custom,pyramid,default,0.9,0.9,0.001,1,1,0,0,1.0,1.0,67.66681,41.63536,-479.7685,0.0009730856,0.8655361,-0.001224218,0.5008442;
custom,pyramid,default,0.8,0.8,0.001,0,1,0,0,1.0,1.0,67.56339,41.36862,-479.7841,0.0003016616,0.8641966,0.000175634,0.5031543;
custom,cylinder,default,0.1,0.5,0.1,1,0,0,0,1.0,1.0,67.73056,41.80864,-479.9033,0,0.8648983,0,0.5019471;
custom,sphere,default,0.1,0.1,0.1,1,0,0,0,1.0,1.0,67.87512,46.72862,-479.9178,0,0.8648983,0,0.5019471;
custom,sphere,default,0.1,0.1,0.1,1,0,0,0,1.0,1.0,67.81363,36.88861,-479.9445,0,0.8648983,0,0.5019471;
custom,sphere,default,0.1,0.1,0.1,1,0,0,0,1.0,1.0,67.8717,35.16862,-480.0131,0,0.8648983,0,0.5019471;
racing,killPlane,0.7,0.7,0.7,143.1671,22.1708,-523.3027,0.6005859,0.3669088,0.3603841,-0.6122074;
racing,killPlane,0.7,0.7,0.7,142.8806,22.8263,-523.6306,0.5421852,0.3982587,0.3058759,-0.6736951;
racing,killPlane,0.7,0.7,0.7,144.3205,22.53621,-523.6537,0.6059087,0.3594488,0.3548236,-0.6146312;
racing,killPlane,0.7,0.7,0.7,144.6655,22.05624,-524.1962,0.5969225,0.3578963,0.337687,-0.6336886;
racing,killPlane,0.7,0.7,0.7,142.9356,13.76388,-523.8934,0.6168346,0.355281,0.3653435,-0.5998456;
racing,killPlane,0.7,0.7,0.7,143.7724,15.16389,-523.8957,0.5661629,0.3822388,0.3402016,-0.6462322;
racing,killPlane,0.7,0.7,0.7,143.6998,14.80388,-523.947,0.6105193,0.359087,0.3616031,-0.6062722;
racing,killPlane,0.7,0.7,0.7,144.0549,13.76388,-524.5072,0.6037096,0.3631037,0.3575695,-0.6130535;
racing,killPlane,0.7,0.7,0.7,145.2059,13.92387,-524.4983,0.5937883,0.3687983,0.3516931,-0.622668;
racing,killPlane,0.7,0.7,0.7,143.1771,4.91868,-523.717,0.6052227,0.3619145,0.3554642,-0.6134889;
racing,killPlane,0.7,0.7,0.7,143.7552,5.893093,-523.8113,0.6252577,0.3477026,0.3648688,-0.5958411;
racing,killPlane,0.7,0.7,0.7,144.072,6.533091,-524.0254,0.608591,0.357631,0.3551427,-0.6128547;
racing,killPlane,0.7,0.7,0.7,144.4852,4.873181,-524.4249,0.5953319,0.3613088,0.3404804,-0.6317507;
racing,killPlane,0.7,0.7,0.7,146.7786,14.48092,-514.764,0.525553,0.4049091,0.3102404,-0.6808771;
racing,killPlane,0.7,0.7,0.7,147.6308,13.08093,-515.6119,0.5732055,0.3760796,0.3376529,-0.6449729;
racing,killPlane,0.7,0.7,0.7,147.7026,13.96092,-515.5613,0.5272629,0.398338,0.3175518,-0.68006;
racing,killPlane,0.7,0.7,0.7,148.5386,13.66762,-515.7478,0.606796,0.3564571,0.3503237,-0.6180699;
racing,killPlane,0.7,0.7,0.7,138.5971,13.7101,-531.295,0.6245775,0.3395024,0.3464465,-0.6120588;
racing,killPlane,0.7,0.7,0.7,138.8341,13.7101,-531.4424,0.6166205,0.3439485,0.342033,-0.6200742;
racing,killPlane,0.7,0.7,0.7,139.0712,13.7101,-531.5898,0.6030576,0.3512696,0.3345098,-0.6332729;
racing,killPlane,0.7,0.7,0.7,139.5455,13.7101,-531.886,0.6252183,0.3391392,0.3468018,-0.6114042;
racing,killPlane,0.7,0.7,0.7,140.3926,13.4301,-532.4147,0.6211498,0.341432,0.3445449,-0.6155372;
racing,killCuboid,3,0.2,3,-87.16151,14.3556,-46.79884,0.006456332,0.006077674,-0.7110128,-0.7031232;
racing,killCylinder,0.2,3,0.2,-635.7386,-3.005401,-86.14521,0,0.8408835,0,0.5412162;
racing,killCuboid,3,0.2,15,-680.4093,14.87047,17.02877,0.7058724,0.7083379,-0.001013929,0.0008535904;
racing,killCuboid,2,0.2,15,-670.3671,31.23661,26.53014,0,0.9999999,0,-0.0003645726;
