//Checkpoint Trap;
map,disablebounds;
spawnpoint,playerC,0,5,0,0,0,0,1;
spawnpoint,playerM,0,5,0,0,0,0,1;
racing,killCuboid,500,10,50,0,-55.909387,975,0,1,0,0;
custom,cuboid,default,500,10,150,1,0.4901960,0.5568627,0.6,1.0,1.0,-1.394026,-41.98999,14.25732,0,1,0,0;
racing,startCuboid,6,10,3.5,0,24.52,48.47431,0,1,0,0;
racing,startCuboid,4,3.5,8,0,41.634,0,0,1,0,0;
racing,endCuboid,3.5,10,10,2049.956,50.5201,3041.891,0,0.04026031,0,-0.9991892;
racing,checkpointCuboid,6,10,1.5,186.5028,32.72003,600.9724,0,0.9944119,0,0.1055699;
racing,checkpointCuboid,21,10,1.5,222.8212,22.51999,1956.495,0,0.83176,0,0.5551354;
racing,checkpointCuboid,6.5,10,1.5,726.5995,25.12,2385.041,0,0.6949092,0,0.7190976;
racing,checkpointCuboid,10,10,1.5,-212.2757,24.52,3669.012,0,0.7075998,0,0.7066134;
custom,cuboid,barriereditormat,48.9100126,10,1.5,0,1,1,1,1.0,1.0,41.2,24.52,274,0,0.7451156,0,0.6669354;
custom,cuboid,barriereditormat,30.111249,10,1.5,0,1,1,1,1.0,1.0,-30.6,24.52,178.46,0,0.6727089,0,0.7399072;
custom,cuboid,barriereditormat,7.4995323,10,1.5,0,1,1,1,1.0,1.0,-36.6,24.52,333.4,0,0.8216383,0,0.5700092;
custom,cuboid,barriereditormat,29.757393,10,1.5,0,1,1,1,1.0,1.0,-168,24.52,337.3,0,0.0998473,0,-0.9950028;
custom,cuboid,barriereditormat,32.9311316,10,1.5,0,1,1,1,1.0,1.0,-59.9,24.52,471.86,0,0.1608909,0,-0.9869722;
custom,cuboid,barriereditormat,25.7497865,10,1.5,0,1,1,1,1.0,1.0,-266.1391,23.72,536.7659,0,0.5653447,0,0.8248548;
custom,cuboid,barriereditormat,13.7197668,10,1.5,0,1,1,1,1.0,1.0,-336.8,24.52,347.6,0,0.5073317,0,0.8617508;
custom,cuboid,barriereditormat,29.7780921,10,1.5,0,1,1,1,1.0,1.0,-375.96,24.52,549.1,0,0.6732352,0,0.7394284;
custom,cuboid,barriereditormat,13.3504206,10,1.5,0,1,1,1,1.0,1.0,-328.72,24.52,716.34,0,0.9929018,0,0.1189374;
custom,cuboid,barriereditormat,23.7180504,10,1.5,0,1,1,1,1.0,1.0,-222.8,24.52,624.56,0,0.8341675,0,-0.5515111;
custom,cuboid,barriereditormat,32.9647,10,1.5,0,1,1,1,1.0,1.0,-11.76,24.52,550.5,0,0.9931589,0,0.1167705;
custom,cuboid,barriereditormat,7.3477023,10,1.5,0,1,1,1,1.0,1.0,158,24.52,553.8,0,0.7550524,0,-0.6556645;
custom,cuboid,barriereditormat,20.5942605,10,1.5,0,1,1,1,1.0,1.0,159.56,24.52,463.6,0,0.9933014,0,0.1155526;
custom,cuboid,barriereditormat,24.5043751,10,1.5,0,1,1,1,1.0,1.0,224.42,24.52,596,0,0.5926554,0,0.8054561;
custom,cuboid,barriereditormat,64.8354179,10,1.5,0,1,1,1,1.0,1.0,24.58,24.52,977.72,0,0.4833584,0,0.8754226;
custom,cuboid,barriereditormat,32.7680676,10,1.5,0,1,1,1,1.0,1.0,-421,24.52,865.42,0,0.541527,0,0.8406833;
custom,cuboid,barriereditormat,28.4537598,10,1.5,0,1,1,1,1.0,1.0,-441.2,24.52,1126.4,0,0.8129058,0,0.5823952;
custom,cuboid,barriereditormat,25.5093323,10,1.5,0,1,1,1,1.0,1.0,-146.82,24.52,1257.2,0,0.1335542,0,-0.9910415;
custom,cuboid,barriereditormat,31.1579191,10,1.5,0,1,1,1,1.0,1.0,-323.1,24.52,1365.6,0,0.5657272,0,0.8245925;
custom,cuboid,barriereditormat,30.9766022,10,1.5,0,1,1,1,1.0,1.0,-435.1,24.52,1408.5,0,0.6093162,0,0.7929273;
custom,cuboid,barriereditormat,14.8032611,10,1.5,0,1,1,1,1.0,1.0,-408.22,24.52,1586.515,0,0.9745505,0,0.2241678;
custom,cuboid,barriereditormat,20.2086535,10,1.5,0,1,1,1,1.0,1.0,-303.505,24.52,1526.275,0,0.8415851,0,-0.5401245;
custom,cuboid,barriereditormat,26.6570609,10,1.5,0,1,1,1,1.0,1.0,-149.365,24.52,1384.725,0,0.5394017,0,0.8420485;
custom,cuboid,barriereditormat,61.1479682,10,1.5,0,1,1,1,1.0,1.0,61.105,24.52,1645.78,0,0.9715093,0,0.2370011;
custom,cuboid,barriereditormat,58.0870129,10,1.5,0,1,1,1,1.0,1.0,-66.505,24.52,1703.005,0,0.9605528,0,0.2780974;
custom,cuboid,barriereditormat,58.3152643,10,1.5,0,1,1,1,1.0,1.0,-108.175,24.52,1867.98,0,0.0187417,0,0.9998243;
custom,cuboid,barriereditormat,25.0322684,10,1.5,0,1,1,1,1.0,1.0,373.34,24.52,1900.565,0,0.8298822,0,0.5579385;
custom,cuboid,barriereditormat,24.9687547,10,1.5,0,1,1,1,1.0,1.0,295.52,24.52,2013.345,0,0.0325387,0,0.9994704;
custom,cuboid,barriereditormat,69.9062048,10,1.5,0,1,1,1,1.0,1.0,-163.655,24.52,1999.665,0,0.0303813,0,-0.9995383;
custom,cuboid,barriereditormat,20.8324052,10,1.5,0,1,1,1,1.0,1.0,-494.055,24.52,1881.095,0,0.7448382,0,-0.667245;
custom,cuboid,barriereditormat,15.980291,10,1.5,0,1,1,1,1.0,1.0,-397.08,24.52,1794.935,0,0.6790794,0,-0.7340647;
custom,cuboid,barriereditormat,14.7622867,10,1.5,0,1,1,1,1.0,1.0,-479.5,24.52,1706.485,0,0.1088778,0,-0.9940551;
custom,cuboid,barriereditormat,36.7252774,10,1.5,0,1,1,1,1.0,1.0,-574.195,24.52,1870.125,0,0.6665666,0,0.7454454;
custom,cuboid,barriereditormat,88.587089,10,1.5,0,1,1,1,1.0,1.0,-183.165,24.52,2190.94,0,0.9868057,0,0.1619086;
custom,cuboid,barriereditormat,107.4168645,10,1.5,0,1,1,1,1.0,1.0,17.73,24.52,2116.045,0,0.9920304,0,0.1259984;
custom,cuboid,barriereditormat,34.6229084,10,1.5,0,1,1,1,1.0,1.0,710.035,24.52,2253.655,0,0.9998965,0,0.0143815;
custom,cuboid,barriereditormat,17.8214691,10,1.5,0,1,1,1,1.0,1.0,868.94,24.52,2339.085,0,0.6855066,0,0.7280663;
custom,cuboid,barriereditormat,55.5154469,10,1.5,0,1,1,1,1.0,1.0,591.4,24.52,2415.76,0,0.0133552,0,-0.9999108;
custom,cuboid,barriereditormat,55.5364379,10,1.5,0,1,1,1,1.0,1.0,512.945,24.52,2341.055,0,0.9999017,0,0.0140195;
custom,cuboid,barriereditormat,11.102742,10,1.5,0,1,1,1,1.0,1.0,231.33,24.52,2389.38,0,0.6346642,0,0.772788;
custom,cuboid,barriereditormat,43.7402435,10,1.5,0,1,1,1,1.0,1.0,11.025,24.52,2481.12,0,0.100841,0,0.9949025;
custom,cuboid,barriereditormat,11.3031521,10,1.5,0,1,1,1,1.0,1.0,316.01,24.52,2455.125,0,0.7192192,0,0.6947832;
custom,cuboid,barriereditormat,45.5839812,10,1.5,0,1,1,1,1.0,1.0,99.1,24.52,2549.83,0,0.0974038,0,0.9952449;
custom,cuboid,barriereditormat,6.1320932,10,1.5,0,1,1,1,1.0,1.0,158.395,24.52,1719.16,0,0.4876743,0,0.8730256;
custom,cuboid,barriereditormat,7.9727943,10,1.5,0,1,1,1,1.0,1.0,118.84,24.52,1901.605,0,0.7186742,0,0.6953469;
custom,cuboid,barriereditormat,8.354914,10,1.5,0,1,1,1,1.0,1.0,-19.39,24.52,1969.1,0,0.7242992,0,-0.6894857;
custom,cuboid,barriereditormat,5.7180093,10,1.5,0,1,1,1,1.0,1.0,-212.975,24.52,1967.827,0,0.7343823,0,-0.678736;
custom,cuboid,barriereditormat,38.040744,10,1.5,0,1,1,1,1.0,1.0,-198.765,24.52,2709.635,0,0.7191173,0,0.6948886;
custom,cuboid,barriereditormat,17.7364156,10,1.5,0,1,1,1,1.0,1.0,-107.435,24.52,2912.535,0,0.9956674,0,0.0929854;
custom,cuboid,barriereditormat,25.8694603,10,1.5,0,1,1,1,1.0,1.0,-136.22,24.52,2715.035,0,0.6699648,0,0.7423927;
custom,cuboid,barriereditormat,20.1580668,10,1.5,0,1,1,1,1.0,1.0,-106.64,23.72,2813.95,-0.001297931,0.7436606,0.001166851,-0.668555;
custom,cuboid,barriereditormat,20.3126958,10,1.5,0,1,1,1,1.0,1.0,-55.255,24.52,2783.45,0,0.6697054,0,0.7426268;
custom,cuboid,barriereditormat,20.4272983,10,1.5,0,1,1,1,1.0,1.0,-12.145,24.52,2826.87,0,0.7432884,0,-0.668971;
custom,cuboid,barriereditormat,25.8799672,10,1.5,0,1,1,1,1.0,1.0,47.59,24.52,2812.175,0,0.6693207,0,0.7429735;
custom,cuboid,barriereditormat,20.5798583,10,1.5,0,1,1,1,1.0,1.0,-29.29,24.52,2678.915,0,0.9995164,0,0.0310928;
custom,cuboid,barriereditormat,24.9454998,10,1.5,0,1,1,1,1.0,1.0,89.07,24.52,3050.265,0,0.8475183,0,0.530766;
custom,cuboid,barriereditormat,17.2908291,10,1.5,0,1,1,1,1.0,1.0,164.175,24.52,3075.155,0,0.7904586,0,-0.6125154;
custom,cuboid,barriereditormat,32.6585539,10,1.5,0,1,1,1,1.0,1.0,28.085,24.52,3080.515,0,0.8187852,0,0.5740999;
custom,cuboid,barriereditormat,46.5295977,10,1.5,0,1,1,1,1.0,1.0,298.495,24.52,3268.02,0,0.9954962,0,0.0948009;
custom,cuboid,barriereditormat,19.592,10,1.5,0,1,1,1,1.0,1.0,238,24.52,3156.69,0,0.7071067,0,-0.7071067;
custom,cuboid,barriereditormat,18.3514361,10,1.5,0,1,1,1,1.0,1.0,277.66,24.52,2999.3,0,0.9995469,0,0.0300976;
custom,cuboid,barriereditormat,19.601,10,1.5,0,1,1,1,1.0,1.0,360.5,24.52,3102.115,0,0.7071067,0,0.7071067;
custom,cuboid,barriereditormat,35.6278188,10,1.5,0,1,1,1,1.0,1.0,535.37,24.52,3226.6,0,0.9956891,0,0.0927533;
custom,cuboid,barriereditormat,14.4965041,10,1.5,0,1,1,1,1.0,1.0,699.185,24.52,3333.36,0,0.6684594,0,0.7437485;
custom,cuboid,barriereditormat,103.9534547,10,1.5,0,1,1,1,1.0,1.0,191.835,24.52,3508.605,0,0.1041718,0,0.9945593;
custom,cuboid,barriereditormat,101.3880273,10,1.5,0,1,1,1,1.0,1.0,44.725,24.52,3433.55,0,0.1194144,0,0.9928444;
custom,cuboid,barriereditormat,18.714134,10,1.5,0,1,1,1,1.0,1.0,-439.84,24.52,3642.865,0,0.7385035,0,0.6742495;
custom,cuboid,barriereditormat,158.9939012,10,1.5,0,1,1,1,1.0,1.0,367.51,24.52,3702.7,0,0.9998862,0,-0.0150845;
custom,cuboid,barriereditormat,132.1572348,10,1.5,0,1,1,1,1.0,1.0,337.585,24.52,3600.28,0,0.9998889,0,-0.0148998;
custom,cuboid,barriereditormat,52.6222552,10,1.5,0,1,1,1,1.0,1.0,992.76,24.52,3316.205,0,0.709568,0,-0.7046368;
custom,cuboid,barriereditormat,49.1620564,10,1.5,0,1,1,1,1.0,1.0,1156.275,24.52,3429.145,0,0.7094446,0,-0.7047611;
custom,cuboid,barriereditormat,52.6182146,10,1.5,0,1,1,1,1.0,1.0,1412.13,24.52,3243.375,0,0.996107,0,0.0881513;
custom,cuboid,barriereditormat,24.427862,10,1.5,0,1,1,1,1.0,1.0,1110.67,24.52,3078.77,0,0.9974799,0,0.0709492;
custom,cuboid,barriereditormat,24.4007077,10,1.5,0,1,1,1,1.0,1.0,1285.745,24.52,2991.63,0,0.8620024,0,-0.5069041;
custom,cuboid,barriereditormat,89.1761878,10,1.5,0,1,1,1,1.0,1.0,1595.005,24.52,2937.925,0,0.9959908,0,0.0894546;
custom,cuboid,barriereditormat,24.5613764,10,1.5,0,1,1,1,1.0,1.0,1356.44,23.52,3111.065,0,0.8622105,0,-0.5065503;
custom,cuboid,barriereditormat,23.4550148,10,1.5,0,1,1,1,1.0,1.0,1509.975,24.52,3042.175,0,0.5911468,0,0.8065639;
custom,cuboid,barriereditormat,11.1632024,10,1.5,0,1,1,1,1.0,1.0,1526.53,24.52,3161.975,0,0.99395,0,0.1098328;
custom,cuboid,barriereditormat,24.7470597,10,1.5,0,1,1,1,1.0,1.0,1611.755,24.52,3061.2,0,0.8060283,0,-0.5918769;
custom,cuboid,barriereditormat,25.3494644,10,1.5,0,1,1,1,1.0,1.0,1723.68,24.52,3175.685,0,0.86138,0,-0.507961;
custom,cuboid,barriereditormat,25.8290373,10,1.5,0,1,1,1,1.0,1.0,1902.14,23.12,3065.83,0,0.9999889,0,0.004715201;
custom,cuboid,regioneditormat,48.9100126,10,1.5,0,1,1,1,1.0,1.0,41.2,24.52,274,0,0.7451156,0,0.6669354;
custom,cuboid,regioneditormat,30.111249,10,1.5,0,1,1,1,1.0,1.0,-30.6,24.52,178.46,0,0.6727089,0,0.7399072;
custom,cuboid,regioneditormat,7.4995323,10,1.5,0,1,1,1,1.0,1.0,-36.6,24.52,333.4,0,0.8216383,0,0.5700092;
custom,cuboid,regioneditormat,29.757393,10,1.5,0,1,1,1,1.0,1.0,-168,24.52,337.3,0,0.0998473,0,-0.9950028;
custom,cuboid,regioneditormat,32.9311316,10,1.5,0,1,1,1,1.0,1.0,-59.9,24.52,471.86,0,0.1608909,0,-0.9869722;
custom,cuboid,regioneditormat,25.7497865,10,1.5,0,1,1,1,1.0,1.0,-264.4,24.52,529.9,0,0.5653447,0,0.8248548;
custom,cuboid,regioneditormat,13.7197668,10,1.5,0,1,1,1,1.0,1.0,-336.8,24.52,347.6,0,0.5073317,0,0.8617508;
custom,cuboid,regioneditormat,29.7780921,10,1.5,0,1,1,1,1.0,1.0,-375.96,24.52,549.1,0,0.6732352,0,0.7394284;
custom,cuboid,regioneditormat,13.3504206,10,1.5,0,1,1,1,1.0,1.0,-328.72,24.52,716.34,0,0.9929018,0,0.1189374;
custom,cuboid,regioneditormat,23.7180504,10,1.5,0,1,1,1,1.0,1.0,-222.8,24.52,624.56,0,0.8341675,0,-0.5515111;
custom,cuboid,regioneditormat,32.9647,10,1.5,0,1,1,1,1.0,1.0,-11.76,23.92,550.5,0,0.9931589,0,0.1167705;
custom,cuboid,regioneditormat,7.3477023,10,1.5,0,1,1,1,1.0,1.0,158,24.52,553.8,0,0.7550524,0,-0.6556645;
custom,cuboid,regioneditormat,20.5942605,10,1.5,0,1,1,1,1.0,1.0,159.56,24.52,463.6,0,0.9933014,0,0.1155526;
custom,cuboid,regioneditormat,24.5043751,10,1.5,0,1,1,1,1.0,1.0,224.42,24.52,596,0,0.5926554,0,0.8054561;
custom,cuboid,regioneditormat,64.8354179,10,1.5,0,1,1,1,1.0,1.0,24.58,24.52,977.72,0,0.4833584,0,0.8754226;
custom,cuboid,regioneditormat,32.7680676,10,1.5,0,1,1,1,1.0,1.0,-421,24.52,865.42,0,0.541527,0,0.8406833;
custom,cuboid,regioneditormat,28.4537598,10,1.5,0,1,1,1,1.0,1.0,-441.2,24.52,1126.4,0,0.8129058,0,0.5823952;
custom,cuboid,regioneditormat,25.5093323,10,1.5,0,1,1,1,1.0,1.0,-146.82,24.52,1257.2,0,0.1335542,0,-0.9910415;
custom,cuboid,regioneditormat,31.1579191,10,1.5,0,1,1,1,1.0,1.0,-323.1,24.52,1365.6,0,0.5657272,0,0.8245925;
custom,cuboid,regioneditormat,30.9766022,10,1.5,0,1,1,1,1.0,1.0,-435.1,24.52,1408.5,0,0.6093162,0,0.7929273;
custom,cuboid,regioneditormat,14.8032611,10,1.5,0,1,1,1,1.0,1.0,-408.22,24.52,1586.515,0,0.9745505,0,0.2241678;
custom,cuboid,regioneditormat,20.2086535,10,1.5,0,1,1,1,1.0,1.0,-303.505,24.52,1526.275,0,0.8415851,0,-0.5401245;
custom,cuboid,regioneditormat,26.6570609,10,1.5,0,1,1,1,1.0,1.0,-149.365,24.52,1384.725,0,0.5394017,0,0.8420485;
custom,cuboid,regioneditormat,61.1479682,10,1.5,0,1,1,1,1.0,1.0,61.105,24.52,1645.78,0,0.9715093,0,0.2370011;
custom,cuboid,regioneditormat,58.0870129,10,1.5,0,1,1,1,1.0,1.0,-66.505,24.52,1703.005,0,0.9605528,0,0.2780974;
custom,cuboid,regioneditormat,58.3152643,10,1.5,0,1,1,1,1.0,1.0,-108.175,24.52,1867.98,0,0.0187417,0,0.9998243;
custom,cuboid,regioneditormat,25.0322684,10,1.5,0,1,1,1,1.0,1.0,373.34,24.52,1900.565,0,0.8298822,0,0.5579385;
custom,cuboid,regioneditormat,24.9687547,10,1.5,0,1,1,1,1.0,1.0,295.52,24.52,2013.345,0,0.0325387,0,0.9994704;
custom,cuboid,regioneditormat,69.9062048,10,1.5,0,1,1,1,1.0,1.0,-163.655,24.32,1999.665,0,0.0303813,0,-0.9995384;
custom,cuboid,regioneditormat,20.8324052,10,1.5,0,1,1,1,1.0,1.0,-494.055,24.52,1881.095,0,0.7448382,0,-0.667245;
custom,cuboid,regioneditormat,15.980291,10,1.5,0,1,1,1,1.0,1.0,-397.08,24.52,1794.935,0,0.6790794,0,-0.7340647;
custom,cuboid,regioneditormat,14.7622867,10,1.5,0,1,1,1,1.0,1.0,-479.5,24.52,1706.485,0,0.1088778,0,-0.9940551;
custom,cuboid,regioneditormat,36.7252774,10,1.5,0,1,1,1,1.0,1.0,-574.195,24.52,1870.125,0,0.6665666,0,0.7454454;
custom,cuboid,regioneditormat,88.587089,10,1.5,0,1,1,1,1.0,1.0,-183.165,24.52,2190.94,0,0.9868057,0,0.1619086;
custom,cuboid,regioneditormat,107.4168645,10,1.5,0,1,1,1,1.0,1.0,17.73,24.52,2116.045,0,0.9920304,0,0.1259984;
custom,cuboid,regioneditormat,34.6229084,10,1.5,0,1,1,1,1.0,1.0,710.035,24.52,2253.655,0,0.9998965,0,0.0143815;
custom,cuboid,regioneditormat,17.8214691,10,1.5,0,1,1,1,1.0,1.0,868.94,24.52,2339.085,0,0.6855066,0,0.7280663;
custom,cuboid,regioneditormat,55.5154469,10,1.5,0,1,1,1,1.0,1.0,591.4,24.52,2415.76,0,0.0133552,0,-0.9999108;
custom,cuboid,regioneditormat,55.5364379,10,1.5,0,1,1,1,1.0,1.0,512.945,24.52,2341.055,0,0.9999017,0,0.0140195;
custom,cuboid,regioneditormat,11.102742,10,1.5,0,1,1,1,1.0,1.0,231.33,24.52,2389.38,0,0.6346642,0,0.772788;
custom,cuboid,regioneditormat,43.7402435,10,1.5,0,1,1,1,1.0,1.0,11.025,24.52,2481.12,0,0.100841,0,0.9949025;
custom,cuboid,regioneditormat,11.3031521,10,1.5,0,1,1,1,1.0,1.0,316.01,24.52,2455.125,0,0.7192192,0,0.6947832;
custom,cuboid,regioneditormat,45.5839812,10,1.5,0,1,1,1,1.0,1.0,99.1,24.52,2549.83,0,0.0974038,0,0.9952449;
custom,cuboid,regioneditormat,6.1320932,10,1.5,0,1,1,1,1.0,1.0,158.395,24.52,1719.16,0,0.4876743,0,0.8730256;
custom,cuboid,regioneditormat,7.9727943,10,1.5,0,1,1,1,1.0,1.0,118.84,24.52,1901.605,0,0.7186742,0,0.6953469;
custom,cuboid,regioneditormat,8.354914,10,1.5,0,1,1,1,1.0,1.0,-19.39,24.52,1969.1,0,0.7242992,0,-0.6894857;
custom,cuboid,regioneditormat,5.7180093,10,1.5,0,1,1,1,1.0,1.0,-212.975,24.52,1967.827,0,0.7343823,0,-0.678736;
custom,cuboid,regioneditormat,38.040744,10,1.5,0,1,1,1,1.0,1.0,-198.765,24.52,2709.635,0,0.7191173,0,0.6948886;
custom,cuboid,regioneditormat,17.7364156,10,1.5,0,1,1,1,1.0,1.0,-107.435,24.52,2912.535,0,0.9956674,0,0.0929854;
custom,cuboid,regioneditormat,25.8694603,10,1.5,0,1,1,1,1.0,1.0,-136.22,24.52,2715.035,0,0.6699648,0,0.7423927;
custom,cuboid,regioneditormat,20.1580668,10,1.5,0,1,1,1,1.0,1.0,-106.64,24.52,2813.95,0,0.7436615,0,-0.6685562;
custom,cuboid,regioneditormat,20.3126958,10,1.5,0,1,1,1,1.0,1.0,-55.255,24.52,2783.45,0,0.6697054,0,0.7426268;
custom,cuboid,regioneditormat,20.4272983,10,1.5,0,1,1,1,1.0,1.0,-12.145,24.52,2826.87,0,0.7432884,0,-0.668971;
custom,cuboid,regioneditormat,25.8799672,10,1.5,0,1,1,1,1.0,1.0,47.59,24.52,2812.175,0,0.6693207,0,0.7429735;
custom,cuboid,regioneditormat,20.5798583,10,1.5,0,1,1,1,1.0,1.0,-29.29,24.52,2678.915,0,0.9995164,0,0.0310928;
custom,cuboid,regioneditormat,24.9454998,10,1.5,0,1,1,1,1.0,1.0,89.07,24.52,3050.265,0,0.8475183,0,0.530766;
custom,cuboid,regioneditormat,17.2908291,10,1.5,0,1,1,1,1.0,1.0,164.175,24.52,3075.155,0,0.7904586,0,-0.6125154;
custom,cuboid,regioneditormat,32.6585539,10,1.5,0,1,1,1,1.0,1.0,28.4365,23.92,3077.938,0,0.8187853,0,0.5741;
custom,cuboid,regioneditormat,46.5295977,10,1.5,0,1,1,1,1.0,1.0,298.495,24.52,3268.02,0,0.9954962,0,0.0948009;
custom,cuboid,regioneditormat,19.592,10,1.5,0,1,1,1,1.0,1.0,238,24.52,3156.69,0,0.7071067,0,-0.7071067;
racing,killPyramid,1,4,1,356.1682,62.58736,3229.798,-0.4705009,0.4591427,-0.5393004,0.5262814;
custom,cuboid,regioneditormat,19.601,10,1.5,0,1,1,1,1.0,1.0,360.5,24.52,3102.115,0,0.7071067,0,0.7071067;
custom,cuboid,regioneditormat,35.6278188,10,1.5,0,1,1,1,1.0,1.0,535.37,24.52,3226.6,0,0.9956891,0,0.0927533;
custom,cuboid,regioneditormat,14.4965041,10,1.5,0,1,1,1,1.0,1.0,699.185,24.52,3333.36,0,0.6684594,0,0.7437485;
custom,cuboid,regioneditormat,103.9534547,10,1.5,0,1,1,1,1.0,1.0,191.835,24.52,3508.605,0,0.1041718,0,0.9945593;
racing,killCone,4,4,4,577.819,39.33284,3323.913,0,0.648815,0,0.7609462;
custom,cuboid,regioneditormat,18.714134,10,1.5,0,1,1,1,1.0,1.0,-439.84,24.52,3642.865,0,0.7385035,0,0.6742495;
custom,cuboid,regioneditormat,158.9939012,10,1.5,0,1,1,1,1.0,1.0,367.51,24.52,3702.7,0,0.9998862,0,-0.0150845;
custom,cuboid,regioneditormat,132.1572348,10,1.5,0,1,1,1,1.0,1.0,337.585,24.52,3600.28,0,0.9998889,0,-0.0148998;
custom,cuboid,regioneditormat,52.6222552,10,1.5,0,1,1,1,1.0,1.0,992.76,24.52,3316.205,0,0.709568,0,-0.7046368;
custom,cuboid,regioneditormat,49.1620564,10,1.5,0,1,1,1,1.0,1.0,1156.275,24.52,3429.145,0,0.7094446,0,-0.7047611;
custom,cuboid,regioneditormat,52.6182146,10,1.5,0,1,1,1,1.0,1.0,1412.13,24.52,3243.375,0,0.996107,0,0.0881513;
custom,cuboid,regioneditormat,24.427862,10,1.5,0,1,1,1,1.0,1.0,1110.67,24.52,3078.77,0,0.9974799,0,0.0709492;
custom,cuboid,regioneditormat,24.4007077,10,1.5,0,1,1,1,1.0,1.0,1285.745,24.52,2991.63,0,0.8620024,0,-0.5069041;
custom,cuboid,regioneditormat,89.1761878,10,1.5,0,1,1,1,1.0,1.0,1595.005,24.52,2937.925,0,0.9959908,0,0.0894546;
custom,cuboid,regioneditormat,24.5613764,10,1.5,0,1,1,1,1.0,1.0,1356.44,24.52,3111.065,0,0.8622104,0,-0.5065502;
custom,cuboid,regioneditormat,23.4550148,10,1.5,0,1,1,1,1.0,1.0,1509.975,24.52,3042.175,0,0.5911468,0,0.8065639;
custom,cuboid,regioneditormat,11.1632024,10,1.5,0,1,1,1,1.0,1.0,1526.53,24.52,3161.975,0,0.99395,0,0.1098328;
custom,cuboid,regioneditormat,24.7470597,10,1.5,0,1,1,1,1.0,1.0,1611.755,24.52,3061.2,0,0.8060283,0,-0.5918769;
custom,cuboid,regioneditormat,25.3494644,10,1.5,0,1,1,1,1.0,1.0,1723.68,24.52,3175.685,0,0.86138,0,-0.507961;
custom,cuboid,default,1.5,10,1.5,1,0.5235294,0.6039215,0.6313725,1.0,1.0,-20.31026,24.52,370.6614,0,1,0,0;
custom,cuboid,default,1.5,10,1.5,1,0.5235294,0.6039215,0.6313725,1.0,1.0,-221.2726,24.52,413.7243,0,0.9831274,0,0.1829222;
custom,cuboid,default,1.5,10,1.5,1,0.5235294,0.6039215,0.6313725,1.0,1.0,-310.6862,24.52,650.2746,0,0.9885992,0,0.150571;
custom,cuboid,default,1.5,10,1.5,1,0.5235294,0.6039215,0.6313725,1.0,1.0,-176.2056,24.52,509.3195,0,0.9894753,0,0.1447017;
custom,cuboid,default,1.5,10,1.5,1,0.5235294,0.6039215,0.6313725,1.0,1.0,97.5835,24.52,524.7806,0,0.987192,0,0.1595369;
custom,cuboid,default,1.5,10,1.5,1,0.5235294,0.6039215,0.6313725,1.0,1.0,162.9762,24.52,518.215,0,0.99734,0,0.07289013;
custom,cuboid,default,1.5,10,1.5,1,0.5235294,0.6039215,0.6313725,1.0,1.0,153.5714,24.52,593.2776,0,0.9962251,0,0.08680805;
custom,cuboid,default,1.5,10,1.5,1,0.5235294,0.6039215,0.6313725,1.0,1.0,-275,24.52,1109,0,1,0,0;
custom,cuboid,default,1.5,10,1.5,1,0.5235294,0.6039215,0.6313725,1.0,1.0,-131.9,24.52,1014.8,0,1,0,0;
custom,cuboid,default,1.5,10,1.5,1,0.5235294,0.6039215,0.6313725,1.0,1.0,-144.77,24.52,866.85,0,1,0,0;
custom,cuboid,default,1.5,10,1.5,1,0.5235294,0.6039215,0.6313725,1.0,1.0,9.38,24.52,812.77,0,1,0,0;
custom,cuboid,default,1.5,10,1.5,1,0.5235294,0.6039215,0.6313725,1.0,1.0,102.76,24.52,678.98,0,1,0,0;
custom,cuboid,default,1.5,10,1.5,1,0.5235294,0.6039215,0.6313725,1.0,1.0,181.0284,24.52,1856.192,0,1,0,0;
custom,cuboid,default,1.5,10,1.5,1,0.5235294,0.6039215,0.6313725,1.0,1.0,120.2345,24.52,1943.241,0,1,0,0;
custom,cuboid,default,1.5,10,1.5,1,0.5235294,0.6039215,0.6313725,1.0,1.0,-17.47776,24.52,1932.796,0,0.9998537,0,0.01710339;
custom,cuboid,default,1.5,10,1.5,1,0.5235294,0.6039215,0.6313725,1.0,1.0,-210.1458,24.52,1934.698,0,0.9991944,0,0.04013183;
custom,cuboid,default,1.5,10,1.5,1,0.5235294,0.6039215,0.6313725,1.0,1.0,-113.75,24.52,1932.2,0,1,0,0;
custom,cuboid,default,1.5,10,1.5,1,0.5235294,0.6039215,0.6313725,1.0,1.0,-394.6451,24.52,1880.65,0,1,0,0;
custom,cuboid,default,1.5,10,1.5,1,0.5235294,0.6039215,0.6313725,1.0,1.0,793.4971,24.52,2348.775,0,1,0,0;
custom,cuboid,default,1.5,10,1.5,1,0.5235294,0.6039215,0.6313725,1.0,1.0,313.4185,24.52,2402.01,0,1,0,0;
custom,cuboid,default,1.5,10,1.5,1,0.5235294,0.6039215,0.6313725,1.0,1.0,-113.75,24.52,1932.2,0,1,0,0;
custom,cuboid,default,1.5,10,1.5,1,0.5235294,0.6039215,0.6313725,1.0,1.0,-380.8024,24.52,1515.257,0,0.176227,0,-0.9843495;
custom,cuboid,default,1.5,10,1.5,1,0.5235294,0.6039215,0.6313725,1.0,1.0,-261.8611,24.52,1434.905,0,0.559438,0,0.8288722;
custom,cuboid,default,1.5,10,1.5,1,0.5235294,0.6039215,0.6313725,1.0,1.0,-207.6127,24.52,1506.133,0,0.5543072,0,0.8323122;
custom,cuboid,default,1.5,10,1.5,1,0.5235294,0.6039215,0.6313725,1.0,1.0,143.6788,24.52,1742.997,0,0.9645885,0,0.2637596;
custom,cuboid,default,1.5,10,1.5,1,0.5235294,0.6039215,0.6313725,1.0,1.0,-482.4302,24.52,1776.218,0,0.04914249,0,-0.9987918;
custom,cuboid,default,1.5,10,1.5,1,0.5235294,0.6039215,0.6313725,1.0,1.0,-507.3282,24.52,1983.483,0,0.68036,0,0.7328781;
custom,cuboid,default,1.5,10,1.5,1,0.5235294,0.6039215,0.6313725,1.0,1.0,-215.31,24.52,2090.29,0,1,0,0;
custom,cuboid,default,1.5,10,1.5,1,0.5235294,0.6039215,0.6313725,1.0,1.0,-230.606,24.52,2132.33,0,1,0,0;
custom,cuboid,default,1.5,10,1.5,1,0.5235294,0.6039215,0.6313725,1.0,1.0,-125.3031,24.52,2590.92,0,1,0,0;
custom,cuboid,default,1.5,10,1.5,1,0.5235294,0.6039215,0.6313725,1.0,1.0,238.2264,24.52,3054.041,0,1,0,0;
custom,cuboid,default,1.5,10,1.5,1,0.5235294,0.6039215,0.6313725,1.0,1.0,358.2798,24.52,3195.14,0,1,0,0;
custom,cuboid,default,1.5,10,1.5,1,0.5235294,0.6039215,0.6313725,1.0,1.0,531.6502,24.52,3312.572,0,1,0,0;
custom,cuboid,default,1.5,10,1.5,1,0.5235294,0.6039215,0.6313725,1.0,1.0,-320.7607,24.52,3618.132,0,1,0,0;
custom,cuboid,default,1.5,10,1.5,1,0.5235294,0.6039215,0.6313725,1.0,1.0,-150.04,24.52,2846.408,0,0.7532142,0,-0.6577753;
custom,cuboid,default,1.5,10,1.5,1,0.5235294,0.6039215,0.6313725,1.0,1.0,-96.81914,24.52,2716.031,0,0.7185676,0,-0.6954572;
custom,cuboid,default,1.5,10,1.5,1,0.5235294,0.6039215,0.6313725,1.0,1.0,-65.64983,24.52,2881.282,0,0.7496583,0,-0.6618251;
custom,cuboid,default,1.5,10,1.5,1,0.5235294,0.6039215,0.6313725,1.0,1.0,-1.349836,24.52,2727.779,0,0.6639168,0,0.7478064;
custom,cuboid,default,1.5,10,1.5,1,0.5235294,0.6039215,0.6313725,1.0,1.0,142.8256,24.52,3161.977,0,0.03365064,0,-0.9994337;
custom,cuboid,default,1.5,10,1.5,1,0.5235294,0.6039215,0.6313725,1.0,1.0,463.8,24.52,3410.689,0,1,0,0;
custom,cuboid,default,1.5,10,1.5,1,0.5235294,0.6039215,0.6313725,1.0,1.0,356.74,24.52,3391.32,0,1,0,0;
custom,cuboid,default,1.5,10,1.5,1,0.5235294,0.6039215,0.6313725,1.0,1.0,251.32,24.52,3460.42,0,1,0,0;
custom,cuboid,default,1.5,10,1.5,1,0.5235294,0.6039215,0.6313725,1.0,1.0,148.1,24.52,3440.52,0,1,0,0;
custom,cuboid,default,1.5,10,1.5,1,0.5235294,0.6039215,0.6313725,1.0,1.0,67.41,24.52,3500.98,0,1,0,0;
custom,cuboid,default,1.5,10,1.5,1,0.5235294,0.6039215,0.6313725,1.0,1.0,-42.51,24.52,3484.67,0,1,0,0;
custom,cuboid,default,1.5,10,1.5,1,0.5235294,0.6039215,0.6313725,1.0,1.0,-136.71,24.52,3549.1,0,1,0,0;
custom,cuboid,default,1.5,10,1.5,1,0.5235294,0.6039215,0.6313725,1.0,1.0,-238.1,24.52,3527.9,0,1,0,0;
custom,cuboid,default,1.5,10,1.5,1,0.5235294,0.6039215,0.6313725,1.0,1.0,1157.271,24.52,3188.028,0,1,0,0;
custom,cuboid,default,1.5,10,1.5,1,0.5235294,0.6039215,0.6313725,1.0,1.0,1414.341,24.52,3006.541,0,0.8461658,0,-0.5329198;
custom,cuboid,default,1.5,10,1.5,1,0.5235294,0.6039215,0.6313725,1.0,1.0,1472.828,24.52,3152.911,0,0.6208809,0,0.7839049;
custom,cuboid,default,1.5,10,1.5,1,0.5235294,0.6039215,0.6313725,1.0,1.0,1577.341,24.52,3176.915,0,0.617402,0,0.7866478;
custom,cuboid,default,1.5,10,1.5,1,0.5235294,0.6039215,0.6313725,1.0,1.0,1779.903,24.52,3064.14,0,0.702462,0,0.7117213;
custom,cuboid,default,1.5,10,1.5,1,0.5235294,0.6039215,0.6313725,1.0,1.0,188.666,24.52,3665.94,0,1,0,0;
custom,cuboid,default,1.5,10,1.5,1,0.5235294,0.6039215,0.6313725,1.0,1.0,583.595,24.52,3647.2,0,1,0,0;
custom,cuboid,default,1.5,10,1.5,1,0.5235294,0.6039215,0.6313725,1.0,1.0,1042.46,24.52,3617.45,0,1,0,0;
custom,cuboid,default,1.5,10,1.5,1,0.5235294,0.6039215,0.6313725,1.0,1.0,1027.87,24.52,3205.54,0,1,0,0;
custom,cuboid,default,1,5,6.2,1,0.5235294,0.6039215,0.6313725,1.0,1.0,14.79,0,0,0,1,0,0;
custom,cuboid,default,1,5,6.2,1,0.5235294,0.6039215,0.6313725,1.0,1.0,-14.79,0,0,0,1,0,0;
custom,cuboid,default,1,5,3.75,1,0.5235294,0.6039215,0.6313725,1.0,1.0,0,0,-26.03,0,0.7071068,0,0.7071068;
custom,cuboid,default,0.125,0.125,3.75,1,0.5235294,0.6039215,0.6313725,1.0,1.0,0,15.85015,26.75026,0,0.7071068,0,0.7071068;
custom,cuboid,default,0.125,0.0625,3.75,1,0.5235294,0.6039215,0.6313725,1.0,1.0,0,24.19466,26.75026,0,0.7071068,0,0.7071068;
custom,cuboid,cannonregionmat,1,10,7,1,0,0,0,1.0,1.0,20,24.52,0,0,1,0,0;
custom,cuboid,cannonregionmat,1,10,7,1,0,0,0,1.0,1.0,-20,24.52,0,0,1,0,0;
custom,cuboid,cannonregionmat,1,10,5,1,0,0,0,1.0,1.0,0,24.52,-30,0,0.7071068,0,0.7071068;
custom,cuboid,default,11,3,1.5,1,0.5235294,0.6039215,0.6313725,1.0,1.0,-357.82135,3.3898,1312.14025,0,0.9892864,0,0.1459871;
custom,cuboid,default,11,2.25,1.5,1,0.5235294,0.6039215,0.6313725,1.0,1.0,-357.82135,64.5465,1312.14025,0,0.9892864,0,0.1459871;
custom,cuboid,default,3.5,8,1.5,1,0.5235294,0.6039215,0.6313725,1,1,-395.6376693,33.96775,1300.7307805,0,0.9892864,0,0.1459871;
custom,cuboid,default,3.2,8,1.5,1,0.5235294,0.6039215,0.6313725,1,1,-320.9624059,33.96775,1323.2608721,0,0.9892864,0,0.1459871;
racing,killCuboid,2,10,6.5,-113.75,24.6,1900.2,0,1,0,0;
custom,cuboid,default,1.5,1.5,15,1,0.5235294,0.6039215,0.6313725,1.0,1.0,-342.3731,41.56454,2075.883,0.02797495,0.9726481,0.23054,-0.004949151;
custom,cuboid,default,1.5,1.5,15,1,0.5235294,0.6039215,0.6313725,1.0,1.0,-109.3535,40.85305,2147.496,-0.08286721,0.938795,0.171778,0.2868614;
custom,cuboid,default,1.5,1.5,15,1,0.5235294,0.6039215,0.6313725,1.0,1.0,-110.4916,40.96824,2153.46,-0.1298931,0.01268987,-0.06295034,0.9894463;
custom,cuboid,default,49.1853468,10,1.5,1,0.5235294,0.6039215,0.6313725,1.0,1.0,259.4553025,24.52,2240.938250,0,0.0969519,0,-0.995289;
custom,cuboid,default,13.1945832,1.5,1.5,1,0.5235294,0.6039215,0.6313725,1.0,1.0,32.501475,39.1711,2191.1905,0,0.796812,0,-0.6042273;
custom,cuboid,default,14.8466635,1.5,1.5,1,0.5235294,0.6039215,0.6313725,1.0,1.0,257.92495,24.7631875,2258.011,0,0.7724207,0,-0.6351112;
custom,cuboid,default,11.663814,1.5,1.5,1,0.5235294,0.6039215,0.6313725,1.0,1.0,396.0411,54.66614,2277.0645,0,0.7519069,0,-0.6592692;
racing,killCuboid,2,2,6,560.9069,-1.176857,2378.969,0,1,0,0;
racing,killCuboid,2,1.5,6,560.9069,67.41451,2378.9695,0,1,0,0;
custom,cuboid,default,1.5,10,5,1,0.5235294,0.6039215,0.6313725,1.0,1.0,-65.344415,24.52,3649,0,1,0,0;
racing,killCuboid,1.5,10,0.2,-65.344415,24.52,3623,0,1,0,0;
racing,killCuboid,1.5,10,0.2,-65.344415,24.52,3675,0,1,0,0;
custom,cuboid,default,1.5,10,5,1,0.5235294,0.6039215,0.6313725,1.0,1.0,89.07111,24.52,3675,0,1,0,0;
racing,killCuboid,1.5,10,0.2,89.07111,24.52,3701,0,1,0,0;
racing,killCuboid,1.5,10,0.2,89.07111,24.52,3649,0,1,0,0;
custom,cuboid,default,1.5,10,5,1,0.5235294,0.6039215,0.6313725,1.0,1.0,321.3266,24.52,3637,0,1,0,0;
racing,killCuboid,1.5,10,0.2,321.3266,24.52,3611,0,1,0,0;
racing,killCuboid,1.5,10,0.2,321.3266,24.52,3663,0,1,0,0;
custom,cuboid,default,1.5,10,5,1,0.5235294,0.6039215,0.6313725,1.0,1.0,391,24.52,3665,0,1,0,0;
racing,killCuboid,1.5,10,0.2,391,24.52,3691,0,1,0,0;
racing,killCuboid,1.5,10,0.2,391,24.52,3639,0,1,0,0;
custom,cuboid,default,1.5,10,5,1,0.5235294,0.6039215,0.6313725,1.0,1.0,452.32285,24.52,3640,0,1,0,0;
racing,killCuboid,1.5,10,0.2,452.32285,24.52,3666,0,1,0,0;
racing,killCuboid,1.5,10,0.2,452.32285,24.52,3614,0,1,0,0;
racing,killCuboid,1.5,10,5,800.15615,24.52,3655,0,1,0,0;
custom,cuboid,cannonregionmat,1.5,10,5,1,0,0,0,1.0,1.0,800.15615,24.52,3655,0,1,0,0;
custom,cuboid,default,1.5,10,5,1,0.5235294,0.6039215,0.6313725,1.0,1.0,852.5388,24.52,3623,0,1,0,0;
racing,killCuboid,1.5,10,0.2,852.5388,24.52,3597,0,1,0,0;
racing,killCuboid,1.5,10,0.2,852.5388,24.52,3649,0,1,0,0;
custom,cuboid,default,11.3742816,5,1.5,1,0.5235294,0.6039215,0.6313725,1.0,1.0,1297.30575,-6.61019,3094.012,0,0.9703963,0,0.2415178;
custom,cuboid,default,11.3742816,3.5,1.5,1,0.5235294,0.6039215,0.6313725,1.0,1.0,1297.30575,57.46435,3094.012,0,0.9703963,0,0.2415178;
custom,cuboid,default,4,10,1.5,1,0.5235294,0.6039215,0.6313725,1,1,1263.3387553,24.52,3075.9876699,0,0.9703963,0,0.2415178;
custom,cuboid,default,4,10,1.5,1,0.5235294,0.6039215,0.6313725,1,1,1329.2463675,24.52,3110.9610483,0,0.9703963,0,0.2415178;
custom,cuboid,default,12,5,1.5,1,0.5235294,0.6039215,0.6313725,1.0,1.0,1657.846,11.43873,3148.75425,0,0.986447,0,0.1640798;
custom,cuboid,default,12,1.8,1.5,1,0.5235294,0.6039215,0.6313725,1.0,1.0,1657.846,66.13235,3148.75425,0,0.986447,0,0.1640798;
custom,cuboid,default,4.3073,10,1.5,1,0.5235294,0.6039215,0.6313725,1,1,1621.453553,24.52,3136.3031202,0,0.986447,0,0.1640798;
custom,cuboid,default,4.2704,10,1.5,1,0.5235294,0.6039215,0.6313725,1,1,1694.4130127,24.52,3161.2651048,0,0.986447,0,0.1640798;
custom,cuboid,default,1,32,1,1,0.5235294,0.6039215,0.6313725,1.0,1.0,1091.386,38.7057,3540.558,-0.3282587,0.930353,-0.0186242,-0.1623044;
custom,cuboid,default,1,32,1,1,0.5235294,0.6039215,0.6313725,1.0,1.0,1067.771,18.04455,3564.478,0.1716565,0.9669029,-0.08235596,-0.1698538;
custom,cuboid,default,1,32,1,1,0.5235294,0.6039215,0.6313725,1.0,1.0,1023.702,25.6136,3470.575,0.2715378,0.896585,0.2315054,0.2623127;
custom,cuboid,default,1,32,1,1,0.5235294,0.6039215,0.6313725,1.0,1.0,1116.098,58.53778,3420.726,0.3355343,0.9116349,0.04637634,0.2327831;
custom,cuboid,default,1,32,1,1,0.5235294,0.6039215,0.6313725,1.0,1.0,1078.415,39.17315,3384.26,0.1520572,0.9667687,0.04930649,-0.1995136;
custom,cuboid,default,1,32,1,1,0.5235294,0.6039215,0.6313725,1.0,1.0,1073.39,94.1693,3347.387,-0.1846838,0.9045572,-0.1447358,-0.3559772;
custom,cuboid,default,1,32,1,1,0.5235294,0.6039215,0.6313725,1.0,1.0,1081.99,43.70051,3317.503,-0.1937388,0.9084674,-0.3526845,0.1129866;
custom,cuboid,default,1,32,1,1,0.5235294,0.6039215,0.6313725,1.0,1.0,1044.404,58.28067,3287.118,0.2347829,0.8994858,-0.2570843,0.2640265;
custom,cuboid,default,1,32,1,1,0.5235294,0.6039215,0.6313725,1.0,1.0,1036.094,71.55375,3303.826,-0.04003176,0.8942838,0.1749577,-0.4099315;
custom,cuboid,default,1,32,1,1,0.5235294,0.6039215,0.6313725,1.0,1.0,1096.876,88.05912,3183.832,-0.0956935,0.9222488,0.05235574,-0.3708893;
custom,cuboid,default,1,32,1,1,0.5235294,0.6039215,0.6313725,1.0,1.0,1048.828,53.58458,3436.823,0.1376607,-0.698247,0.5641846,0.4185648;
custom,cuboid,default,1,32,1,1,0.5235294,0.6039215,0.6313725,1.0,1.0,1017.854,68.94305,3445.365,-0.4472087,0.5448178,-0.2968207,-0.6442634;
racing,killPyramid,1,4,1,20.01232,11.85871,368.6941,-0.03134937,0.02974945,-0.7246968,0.6877113;
racing,killPyramid,1,4,1,16.99385,61.90229,370.4381,-0.008876026,0.009063899,-0.6996074,0.7144149;
racing,killPyramid,1,4,1,10.08753,35.70233,370.2173,-0.008970458,-0.008970457,-0.7070491,-0.7070506;
racing,killCylinder,1,3,1,2.641397,42.61001,239.5495,-0.01362471,0.01338896,-0.7131202,0.7007815;
racing,killCylinder,1,3,1,2.494674,24.20994,239.4125,-0.01367137,0.01334131,-0.7155621,0.6982879;
racing,killCylinder,1,4,1,-6.861921,44.12665,116.7665,0,0.005892091,0,0.9999827;
racing,killCylinder,1,4,1,7.803606,44.86012,89.10414,0,0.01025523,0,0.9999474;
racing,killCylinder,1,4,1,-8.03089,44.62524,72.11708,0,0.01025523,0,0.9999474;
racing,killCylinder,1,4,1,10.7751,44.51403,145.0059,0,0.01022092,0,0.9999478;
racing,killCylinder,1,4,1,-6.393268,43.6404,177.5117,0,0.01022092,0,0.9999478;
racing,killCylinder,1,4,1,2.661191,46.8517,207.9438,0,0.01022092,0,0.9999478;
racing,killArc180,10,6,6,-132.0376,53.27061,418.1567,-0.5807538,0.5992916,0.3834315,-0.3956702;
racing,killArc180,10,6,6,-71.54532,54.87053,408.8055,-0.5869976,0.5931773,0.3875538,-0.3916333;
racing,killArc180,10,6,6,-13.14614,51.41761,398.5702,-0.5770147,0.5770149,0.4087223,-0.4087224;
racing,killPyramid,1,8,1,-291.7626,64.21195,391.4343,-0.702859,0.6955367,-0.1059498,0.1048461;
racing,killPyramid,1,8,1,-280.4888,40.12497,391.8762,-0.6977676,-0.6977681,-0.1145431,-0.1145431;
racing,killPyramid,1,8,1,-292.7945,16.92182,391.4608,-0.6864719,0.7083836,-0.1142423,0.1178889;
racing,killCone,2,2,2,-321.1858,29.85148,546.3253,0,0.04498099,0,-0.9989879;
racing,killCone,2,2,2,-312.0577,33.35702,463.6001,0,0.9912635,0,0.1318964;
racing,killPyramid,1,3,1,-317.2382,58.89665,684.6518,-0.5588132,0.5472303,0.4451955,-0.4359677;
racing,killPyramid,1,3,1,-316.4348,37.69661,684.7243,-0.5354071,-0.5701513,0.4265485,0.4542282;
racing,killPyramid,1,3,1,-318.0546,15.90333,686.391,-0.565331,0.5653312,0.4247362,-0.4247361;
racing,killCylinder,1,4,1,-254.6896,77.24442,595.8138,-0.6880465,0.6904522,-0.1576288,0.15818;
racing,killCylinder,1,4,1,-265.1036,42.30597,627.1405,-0.6871244,0.6871241,-0.1669142,0.1669141;
racing,killCylinder,1,4,1,-279.77,19.906,660.9283,-0.6895187,0.6847214,-0.1674958,0.1663304;
racing,killCylinder,1,4,1,-277.2305,68.32594,659.0432,0.6936857,0.6961114,0.1305941,0.1310507;
racing,killCylinder,1,4,1,-252.0475,18.88831,594.1449,0.7029884,0.6884171,0.1275874,0.1249427;
racing,killCylinder,1,4,1,-231.6476,42.68394,566.3216,0.6957409,0.6957409,0.126272,0.126272;
racing,killCylinder,1,4,1,-214.6387,27.45089,513.8121,0.1214014,0.1201367,-0.7003555,-0.6930593;
racing,killCylinder,1,4,1,-220.4447,49.71234,512.6884,0.1377495,0.1372695,-0.6948171,-0.6923954;
racing,killPyramid,1,4,1,-161.8192,13.79823,468.6855,-0.4150069,0.4193756,-0.5679204,0.5738988;
racing,killPyramid,1,4,1,-166.7018,39.59832,472.1777,0.4244146,0.4098523,0.5807944,0.5608665;
racing,killPyramid,1,4,1,-162.4443,65.39839,471.3544,-0.4157383,0.4186508,-0.568921,0.5729067;
racing,killSphere,1,1,1,-95.00111,23.74635,506.9641,-0.01696173,0.6072397,-0.02217921,0.7940279;
racing,killSphere,1,1,1,-60.49975,36.76412,503.7009,0,0.605741,0,0.7956619;
racing,killSphere,1,1,1,-70.52239,25.96412,493.4639,0,0.605741,0,0.7956619;
racing,killSphere,1,1,1,-45.63016,54.76407,515.8982,0,0.605741,0,0.7956619;
racing,killSphere,1,1,1,-19.09858,40.96411,515.1324,0,0.605741,0,0.7956619;
racing,killSphere,1,1,1,-82.46132,11.56412,490.1673,0,0.605741,0,0.7956619;
racing,killSphere,1,1,1,-44.09852,53.33845,500.4985,0,0.5650703,0,0.8250427;
racing,killSphere,1,1,1,-61.52914,31.1748,516.0245,0,0.6092066,0,0.7930115;
racing,killSphere,1,1,1,-41.35328,41.57479,517.6811,0,0.6092066,0,0.7930115;
racing,killSphere,1,1,1,-64.93979,20.77479,512.2184,0,0.6092066,0,0.7930115;
racing,killSphere,1,1,1,6.72284,51.86201,532.5148,0,0.612661,0,0.7903458;
racing,killSphere,1,1,1,-11.65568,46.0032,534.7141,0,0.6280591,0,0.7781656;
racing,killSphere,1,1,1,-24.10802,32.0032,531.8232,0,0.6280592,0,0.7781656;
racing,killSphere,1,1,1,-61.28526,23.40326,524.2028,0,0.6280592,0,0.7781656;
racing,killSphere,1,1,1,-66.54442,12.19781,506.7538,0,0.6263591,0,0.7795346;
racing,killSphere,1,1,1,-71.68874,8.995111,523.9073,0,0.6348247,0,0.7726562;
racing,killSphere,1,1,1,-2.751426,23.02052,521.8,0,0.5970225,0,0.8022245;
racing,killSphere,1,1,1,-32.41139,21.14675,513.11,0,0.6212425,0,0.7836184;
racing,killSphere,1,1,1,-53.35168,12.45665,489.6283,0,0.6109317,0,0.7916833;
racing,killSphere,1,1,1,-42.98502,33.85667,495.0337,0,0.6109317,0,0.7916833;
racing,killSphere,1,1,1,4.688969,46.59567,514.9624,0,0.641521,0,0.7671056;
racing,killSphere,1,1,1,31.90248,24.99569,522.3065,0,0.5899763,0,0.8074206;
racing,killSphere,1,1,1,26.4781,29.91661,540.0526,0,0.6331145,0,0.7740582;
racing,killSphere,1,1,1,42.7667,38.61161,534.5292,0,0.5829072,0,0.8125387;
racing,killSphere,1,1,1,37.34819,43.4116,544.942,0,0.5829072,0,0.8125387;
racing,killSphere,1,1,1,-78.37858,48.90491,516.7434,0,0.609177,0,0.7930343;
racing,killSphere,1,1,1,20.16932,11.62797,526.8941,0,0.7943715,0,-0.6074322;
racing,killSphere,1,1,1,61.79601,18.51498,542.1414,0,0.7956948,0,-0.6056978;
racing,killSphere,1,1,1,79.12309,44.11496,536.3445,0,0.7956948,0,-0.6056978;
racing,killSphere,1,1,1,79.0582,27.71503,535.0822,0,0.7956948,0,-0.6056978;
racing,killSphere,1,1,1,67.53542,50.45415,543.6235,0,0.8150876,0,-0.5793378;
racing,killSphere,1,1,1,78.15597,32.4108,555.5757,0,0.8150876,0,-0.5793378;
racing,killPyramid,1,4,1,134.0553,66.23333,517.4999,-0.09018075,0.08205815,-0.7341128,0.6679912;
racing,killPyramid,1,4,1,130.9485,42.63341,523.1729,0.08392879,0.08844246,0.683219,0.7199624;
racing,killPyramid,1,4,1,133.3503,15.63338,517.627,-0.08621518,0.08621515,-0.7018312,0.7018311;
racing,killCylinder,1,4,1,171.3159,43.62038,594.7908,0,0.1436489,0,-0.9896287;
racing,killCylinder,1,4,1,188.2489,43.46438,598.7272,0,0.1134183,0,-0.9935473;
racing,killCylinder,1,4,1,206.502,42.66443,601.9628,0,0.1134183,0,-0.9935473;
racing,killCylinder,1,26,1,-172.1422,51.23608,869.2833,0.02074164,0.02074164,-0.7068025,-0.7068025;
racing,killCylinder,1,26,1,-173.7187,19.54756,864.8827,0.04552483,0.04552482,-0.7056398,-0.7056398;
racing,killCylinder,1,26,1,-246.7497,25.99246,989.7035,0.07863313,0.08029751,-0.6952307,-0.7099462;
racing,killTorus,4,4,4,-355.7817,36.75878,1313.808,0.4339441,0.4146859,0.5782509,0.5525885;
racing,killPyramid,1,4,1,-391.7099,11.03524,1550.58,-0.4263379,0.4175009,-0.5733301,0.5614461;
racing,killPyramid,1,4,1,-393.352,43.85623,1553.87,0.4301698,0.3955614,0.5973216,0.5492651;
racing,killPyramid,1,4,1,-392.393,67.17809,1543.668,-0.4200416,0.3986046,-0.5913825,0.5612007;
racing,killCone,2,2,2,-405.0332,13.97672,1448.475,0,0.9883787,0,0.1520117;
racing,killCone,2,2,2,-321.8584,16.27422,1460.024,0,0.9855683,0,0.1692785;
racing,killCone,4,4,4,-247.2041,36.22623,1386.559,0,0.9893317,0,0.1456806;
custom,sphere,default,4,4,4,0,1,1,1,1.0,1.0,-240.434,63.11409,1391.915,0,0.9753048,0,0.220863;
racing,killCone,2,2,2,-189.6958,12.07298,1281.363,0,0.5185311,0,0.8550588;
custom,sphere,default,2,2,2,0,1,1,1,1.0,1.0,-189.5668,44.38139,1285.6,0,0.5296732,0,0.8482018;
racing,killPyramid,1,4,1,-227.5797,62.83633,1547.701,-0.3763799,0.3698677,-0.6058583,0.5953754;
racing,killPyramid,1,4,1,-223.3563,-1.363759,1552.07,-0.3731379,0.3731381,-0.6006397,0.6006398;
racing,killPyramid,1,4,1,-226.0366,25.23618,1548.103,0.377025,0.3692103,0.6068964,0.5943171;
racing,killTube,10,35,10,-44.91098,31.81996,1644.941,0.6729146,0.6895612,0.1870026,0.1916285;
racing,killCylinder,1,4,1,0.807327,44.37713,1676.301,0,0.4957392,0,0.8684714;
racing,killCylinder,1,4,1,-77.59489,44.37721,1647.429,0,0.4957392,0,0.8684714;
racing,killCylinder,1,4,1,-97.89327,43.97721,1595.723,0,0.4957392,0,0.8684714;
racing,killCylinder,1,4,1,-136.1623,43.29335,1607.499,0,0.4957392,0,0.8684714;
racing,killCylinder,1,4,1,-33.30717,41.14037,1647.673,0,0.4957392,0,0.8684714;
racing,killCylinder,1,4,1,-100.748,40.81057,1619.924,0,0.4957392,0,0.8684714;
racing,killCylinder,1,4,1,-133.9163,37.38662,1583.342,0,0.5051831,0,0.8630122;
racing,killCylinder,1,4,1,-120.5253,43.60108,1638.597,0,0.4805063,0,0.8769913;
racing,killCylinder,1,4,1,-64.3606,44.84455,1602.042,0,0.4824184,0,0.8759409;
racing,killCylinder,1,4,1,-32.33783,47.43067,1677.289,0,0.472835,0,0.881151;
racing,killCylinder,1,4,1,-9.063462,43.83082,1641.125,0,0.472835,0,0.881151;
racing,killCylinder,1,4,1,-51.73482,41.80861,1625.879,0,0.4843284,0,0.8748863;
racing,killCylinder,1,4,1,-158.3673,43.72791,1612.575,0,0.5014113,0,0.8652091;
racing,killCylinder,1,4,1,-127.8657,43.32803,1561.557,0,0.5014113,0,0.8652091;
racing,killCylinder,1,4,1,-48.24483,43.60495,1661.258,0,0.4670542,0,0.8842287;
racing,killCylinder,1,4,1,29.44071,42.85983,1672.192,0,0.8684815,0,-0.4957216;
racing,killCylinder,1,4,1,10.8915,45.15859,1704.831,0,0.8684815,0,-0.4957216;
racing,killCylinder,1,4,1,61.88417,11.49777,1714.928,0.618538,0.6142349,-0.3477089,-0.3452893;
racing,killCylinder,1,4,1,61.80791,33.29783,1716.167,0.614235,0.618538,-0.3452897,-0.3477084;
racing,killCylinder,1,4,1,62.22501,76.29776,1716.478,0.6109878,0.6217456,-0.3434644,-0.3495118;
racing,killCylinder,1,4,1,60.91282,54.89791,1715.917,0.6142349,0.6185381,-0.3452897,-0.3477085;
racing,killPyramid,1,4,1,123.1266,14.41109,1778.564,-0.3506544,0.3421893,-0.623905,0.6088436;
racing,killPyramid,1,4,1,123.2727,39.41425,1781.609,0.3565732,0.3360174,0.6344359,0.5978621;
racing,killPyramid,1,4,1,120.8922,65.81432,1777.873,-0.3524415,0.3403486,-0.6270845,0.6055683;
racing,killArc180,10,10,13,300.2393,39.37929,1919.629,-0.32359,0.3202192,-0.6328707,0.6262779;
racing,killArc180,10,10,8,288.3675,30.23937,1848.806,-0.3205163,0.3205163,-0.630293,0.6302931;
racing,killCuboid,5,5,5,201.4193,52.38724,1883.207,0,0.08168186,0,-0.9966584;
racing,killCuboid,5,5,5,224.8776,50.5506,1979.354,0,0.8007693,0,-0.5989729;
racing,killTorus,5,5,5,84.87661,47.97235,1940.048,0.5099923,0.5299605,-0.4698022,-0.4881963;
racing,killTorus,5,5,5,13.51659,49.10268,1934.884,0.5424814,0.498837,-0.497547,-0.4575178;
racing,killTorus,5,5,5,-94.74686,51.85469,1929.111,0.4958846,0.4993589,-0.5006073,-0.5041146;
racing,killTorus,5,5,5,-42.48415,49.85469,1930.742,0.5010864,0.4941388,-0.5058587,-0.498845;
racing,killTorus,5,5,5,-139.5246,50.16669,1929.751,0.5168281,0.5150273,-0.4843904,-0.4827024;
racing,killTorus,5,5,5,-190.8114,49.79271,1930.875,0.5305084,0.5158969,-0.4822049,-0.4689239;
racing,killPyramid,5,5,5,-376.215,15.9988,1936.245,0,0.7084825,0,-0.7057285;
racing,killPyramid,1,4,1,-479.2434,65.36765,1743.859,-0.5355451,0.5153664,0.4820638,-0.4639003;
racing,killTorus,5,5,5,-529.122,24.40659,1863.133,0.458401,0.4457757,0.551207,0.5360256;
racing,killPyramid,1,4,1,-480.3935,9.76749,1745.696,-0.523715,0.5273839,0.471415,-0.4747176;
racing,killPyramid,5,5,5,-286.9017,14.04985,1929.008,0,0.7341715,0,-0.6789641;
racing,killPyramid,1,4,1,-482.1586,39.16757,1733.844,0.5273841,0.5237149,-0.4747175,-0.4714149;
racing,killTorus,5,5,5,-521.6761,25.65199,1794.773,0.4851624,0.4767679,0.5228228,0.5137764;
racing,killTorus,5,5,5,-539.7238,26.46786,1938.082,0.4595029,0.4515523,0.545512,0.536073;
custom,sphere,default,2,2,2,0,1,1,1,1.0,1.0,-540.7336,52.78077,1934.027,0,0.9998415,0,0.01780567;
custom,sphere,default,2,2,2,0,1,1,1,1.0,1.0,-531.3682,54.758,1859.076,0,0.9979748,0,0.06361081;
custom,sphere,default,2,2,2,0,1,1,1,1.0,1.0,-524.2646,56.11126,1791.951,0,0.9978337,0,0.06578789;
racing,killPyramid,1,4,1,828.5474,65.33007,2347.982,-0.01951525,0.01985886,-0.7006376,0.7129739;
racing,killPyramid,1,4,1,836.6921,2.52992,2346.139,-0.01948056,0.01989289,-0.6993922,0.7141956;
racing,killPyramid,1,4,1,831.6891,33.72997,2346.221,0.01999462,0.01937613,0.717848,0.6956429;
racing,killTorus,3,3,3,552.9349,33.63472,2381.357,0.009883226,0.009544119,-0.719272,-0.6945928;
racing,killPyramid,1,4,1,274.1826,61.96337,2396.84,-0.03589733,0.03602283,0.7049583,-0.7074232;
racing,killPyramid,1,4,1,272.1558,-6.036792,2400.913,-0.03639678,0.03551811,0.7147667,-0.6975116;
racing,killPyramid,1,4,1,270.3867,24.16322,2400.542,0.03658225,0.03532707,-0.7184091,-0.6937594;
racing,killArc180,13,6,10,110.1458,18.22296,2514.615,-0.5131271,0.5407234,0.4588382,-0.4835146;
racing,killArc180,13,6,10,158.2004,17.82295,2491.962,-0.5271058,0.527106,0.4713379,-0.4713379;
racing,killArc180,13,6,10,202.2627,16.9351,2471.915,-0.5219851,0.5462259,0.4526038,-0.473623;
racing,killCylinder,3,5,5,-88.67371,15.37158,2542.521,0.4585324,0.4521741,-0.5447286,-0.5371755;
racing,killCylinder,3,5,5,-86.55408,72.52923,2541.787,0.4573406,0.4557471,-0.5409111,-0.5390263;
racing,killPyramid,1,4,1,-163.2907,65.22324,2587.517,-0.0003868908,0.0003775509,-0.7156929,0.6984149;
racing,killPyramid,1,4,1,-165.0819,2.423088,2588.36,-0.0003868908,0.0003775509,-0.715693,0.6984148;
racing,killPyramid,1,4,1,-167.6825,31.62313,2595.126,0.000382916,0.0003815815,0.70834,0.7058712;
racing,killTorus,8,8,8,-109.3474,31.53843,2809.603,0.544268,0.5367215,-0.4590787,-0.4527132;
racing,killTorus,8,8,8,-16.92738,29.44631,2814.123,0.5302592,0.5265699,-0.4715039,-0.4682239;
racing,killTorus,3,3,3,14.39657,60.20788,2954.586,0.5744249,0.5547159,0.4329962,0.4181396;
racing,killTorus,3,3,3,14.59472,21.80774,2954.683,0.578248,0.5545197,0.4319343,0.4142102;
racing,killPyramid,1,4,1,140.846,66.88237,3196.976,-0.4831087,0.4967914,-0.5026383,0.5168743;
racing,killPyramid,1,4,1,140.2547,-3.117653,3198.148,-0.4967914,0.4831087,-0.5168741,0.5026385;
racing,killPyramid,1,4,1,142.6445,29.28239,3197.048,0.5009887,0.4787549,0.5212408,0.4981084;
racing,killPyramid,1,4,1,241.1663,1.403518,3020.431,-0.4893289,0.4725397,-0.5272635,0.5091725;
racing,killPyramid,1,4,1,237.9893,28.38643,3022.624,0.4875025,0.4674983,0.5322397,0.5103996;
racing,killPyramid,1,4,1,240.8012,64.81427,3022,-0.4640812,0.4907522,-0.5066732,0.5357921;
racing,killPyramid,1,4,1,353.5092,26.95395,3232.428,0.4630038,0.454993,0.5425434,0.5331562;
racing,killPyramid,1,4,1,355.2345,-2.245995,3236.331,-0.4755273,0.4418878,-0.5572187,0.5177996;
racing,killCapsule,1,4,1,258.1682,42.402,3116.177,0,0.0179471,0,-0.9998389;
racing,killCapsule,1,4,1,278.0322,45.602,3115.829,0,0.0179471,0,-0.9998389;
racing,killCapsule,1,4,1,315.1408,43.60199,3117.724,0,0.0179471,0,-0.9998389;
racing,killCapsule,1,4,1,337.5184,43.80199,3117.931,0,0.0244914,0,-0.9997001;
racing,killCapsule,1,4,1,304.6293,53.90582,3116.625,-0.008190644,0.007965056,0.716864,-0.6971194;
racing,killCapsule,1,4,1,303.9166,22.50576,3112.809,-0.008106786,0.00805039,0.7095247,-0.704588;
racing,killSphere,1,4,1,346.2419,35.43666,3116.726,0,0.02888245,0,-0.9995828;
racing,killSphere,1,4,1,249.6681,35.23663,3115.944,0,0.01143851,0,-0.9999346;
racing,killTorus,4,4,4,299.241,38.14437,3115.749,0.5147224,0.4953277,0.5042372,0.4852383;
custom,sphere,default,4,4,4,0,1,1,1,1.0,1.0,604.7631,62.88843,3341.067,0,0.7526644,0,0.6584044;
racing,killTorus,6,6,6,-405.8361,28.55093,3631.055,0.5164632,0.5329487,0.4664336,0.4813223;
racing,killTorus,6,6,6,-348.2719,30.95094,3624.491,0.5408124,0.5060831,0.4905701,0.4590674;
custom,cuboid,default,1000,4,1000,0,1,1,1,1.0,1.0,-677.0869,96.11681,4207.357,0,0.06544692,0,-0.9978561;
racing,killTorus,3,3,3,1297.798,29.88614,3093.809,-0.3408605,0.3468618,-0.6124446,0.6232277;
racing,killCone,2,2,2,1422.383,23.06157,2985.278,0,0.6204168,0,0.7842723;
custom,sphere,default,2,2,2,0,1,1,1,1.0,1.0,1423.298,51.54688,2987.786,0,0.6792172,0,-0.7339374;
racing,killTorus,5,5,5,1447.271,26.31289,3227.194,0.6897355,0.7043345,0.1174475,0.1199335;
racing,killTorus,5,5,5,1465.851,28.95461,3170.619,-0.696949,0.6945201,-0.1265214,0.1260807;
racing,killTorus,4,4,4,1656.59,45.84718,3149.191,0.5796724,0.5776527,-0.4070935,-0.4056751;
racing,killTorus,8,4,4,2017.797,31.02418,3044.462,0.009183818,0.004224194,0.7215279,0.6923116;
racing,killTorus,3,3,3,2016.333,31.89486,3040.776,0.6902927,0.7173198,0.06559277,0.06816097;
racing,killCylinder,1,4,1,-251.3116,44.02397,651.759,0,0.975747,0,0.2189014;
racing,killCylinder,1,4,1,-256.3623,43.78304,567.7251,0,0.9811344,0,0.193327;
racing,killCylinder,1,4,1,-229.8598,42.38463,613.6197,0,0.9789671,0,0.2040185;
racing,killCylinder,1,4,1,-277.224,44.02201,623.0833,0,0.9851171,0,0.1718844;
racing,killCylinder,1,4,1,-218.7743,43.09182,566.5881,0,0.9780659,0,0.2082957;
racing,killCylinder,1,4,1,-275.578,41.12902,587.3466,0,0.9784906,0,0.2062916;
racing,killCylinder,1,4,1,-240.5442,43.11029,584.9846,0,0.9827571,0,0.1849013;
racing,killCylinder,1,4,1,-254.262,42.65401,536.9706,0,0.1827762,0,-0.9831546;
racing,killCylinder,1,4,1,-226.8341,43.05401,533.4439,0,0.1827762,0,-0.9831546;
racing,killCylinder,1,4,1,-231.9757,43.52905,499.7167,0,0.1806316,0,-0.9835508;
racing,killCylinder,1,4,1,-201.2269,43.65093,510.288,0,0.1677697,0,-0.9858263;
racing,killSphere,1,1,1,-43.36652,47.55637,531.1725,0,0.638965,0,0.7692358;
racing,killSphere,1,1,1,21.71048,58.38607,548.9662,0,0.5855183,0,0.8106592;
racing,killSphere,1,1,1,-21.61952,19.53784,538.2314,0,0.6048007,0,0.7963769;
racing,killSphere,1,1,1,-22.18786,40.46532,496.6913,0,0.5784182,0,0.8157405;
racing,killSphere,1,1,1,-49.58663,22.46123,487.0851,0,0.5784182,0,0.8157405;
racing,killSphere,1,1,1,-34.65758,14.34555,509.6475,0,0.6082669,0,0.7937326;
racing,killSphere,1,1,1,12.70303,25.10661,535.3691,0,0.5837429,0,0.8119386;
racing,killSphere,1,1,1,21.628,36.21945,526.8945,0,0.5784166,0,0.8157415;
racing,killSphere,1,1,1,43.43031,11.28878,521.2169,0,0.5640916,0,0.8257122;
racing,killSphere,1,1,1,-13.20272,21.30996,507.3808,0,0.5801938,0,0.8144785;
racing,killSphere,1,1,1,-9.964747,8.412976,532.5295,0,0.5960709,0,0.8029318;
racing,killSphere,1,1,1,-49.83198,10.57687,528.7704,0,0.6117198,0,0.7910745;
racing,killSphere,1,1,1,-29.77956,67.17108,517.3802,0,0.5801878,0,0.8144827;
racing,killSphere,1,1,1,-44.29605,66.66767,503.8497,0,0.6168809,0,0.7870565;
racing,killSphere,1,1,1,-63.35134,66.46768,518.1426,0,0.6099892,0,0.7924098;
racing,killSphere,1,1,1,-35.56082,57.3528,537.6718,0,0.565884,0,0.8244849;
racing,killSphere,1,1,1,-55.17049,54.31214,528.1815,0,0.6013075,0,0.7990177;
racing,killSphere,1,1,1,-21.27889,70.05368,505.6347,0,0.6030474,0,0.7977054;
racing,killSphere,1,1,1,-31.55589,56.21841,501.7352,0,0.5784053,0,0.8157496;
racing,killSphere,1,1,1,-38.66681,71.50732,534.4033,0,0.5801833,0,0.814486;
racing,killSphere,1,1,1,16.90405,61.94226,526.9218,0,0.589031,0,0.8081105;
racing,killSphere,1,1,1,30.6114,59.14228,519.564,0,0.589031,0,0.8081105;
racing,killSphere,1,1,1,8.55306,60.62363,535.3272,0,0.5872661,0,0.809394;
racing,killSphere,1,1,1,23.95996,52.2943,528.4618,0,0.5854989,0,0.8106732;
racing,killSphere,1,1,1,8.597422,39.59359,530.7208,0,0.5766211,0,0.8170117;
racing,killSphere,1,1,1,15.45644,29.59367,517.8758,0,0.5766211,0,0.8170117;
racing,killSphere,1,1,1,2.147626,46.6202,505.7094,0,0.5730323,0,0.8195328;
racing,killSphere,1,1,1,17.79685,56.82035,516.0408,0,0.5925327,0,0.8055464;
racing,killCylinder,1,25,1,-180.2775,68.81503,863.8724,0.03018731,0.03018731,-0.7064622,-0.706462;
racing,killCylinder,1,25,1,-180.3798,34.81499,865.0687,0.03013458,0.03023995,-0.7052281,-0.707694;
racing,killCylinder,1,25,1,-180.3074,1.502272,864.2413,0.03018731,0.03018732,-0.7064624,-0.7064619;
racing,killCylinder,1,23,1,-231.5833,46.73096,995.2401,0.06745695,0.06745698,-0.7038817,-0.7038818;
racing,killCylinder,1,23,1,-202.3725,69.94714,998.7267,0.07776325,0.07885661,-0.6978338,-0.7076458;
racing,killCylinder,1,23,1,-228.8134,1.50688,995.9062,0.06706563,0.06824651,-0.6976933,-0.709978;
racing,killCylinder,1,25,1,17.54292,8.936333,673.8459,0.02944904,0.02955202,-0.7052571,-0.7077231;
racing,killCylinder,1,25,1,15.01512,37.63876,670.5414,0.03861776,0.03888832,-0.7035754,-0.7085041;
racing,killCylinder,1,25,1,15.17368,64.03886,668.399,0.03848179,0.03902291,-0.701098,-0.7109557;
racing,killCylinder,1,22,1,-274.0862,57.29755,1107.875,0.0223326,0.02264662,0.7017979,0.7116657;
racing,killCylinder,1,22,1,-273.5164,24.49742,1116.829,0.02237209,0.0226076,0.7030389,0.7104398;
racing,killTorus,5,5,5,10.27646,0.496075,1935.284,0.5357655,0.5490193,-0.4480393,-0.4591231;
racing,killTorus,5,5,5,87.27121,0.9397015,1937.966,0.5434217,0.5434217,-0.45243,-0.45243;
racing,killTorus,3,3,3,49.78338,58.45894,1932.393,0.5225502,0.5135087,-0.485456,-0.4770563;
racing,killTorus,3,3,3,50.79626,22.93008,1931.263,0.528596,0.5051374,-0.4932218,-0.4713331;
racing,killTorus,3,3,3,50.9538,-6.841608,1936.544,0.5254046,0.5127211,-0.4859689,-0.4742375;
racing,killTorus,5,5,5,-39.48312,-4.707331,1930.612,0.4691913,0.4917491,0.517354,0.5199877;
racing,killTorus,5,5,5,-90.97546,-4.907312,1929.131,0.4751396,0.4868939,0.511885,0.5245479;
racing,killTorus,5,5,5,-189.3675,-8.926825,1930.675,0.5212439,0.5068877,-0.4922045,-0.4786486;
racing,killTorus,5,5,5,-139.9426,-10.32684,1929.807,0.5194713,0.5087039,-0.490531,-0.4803636;
custom,cuboid,default,1500,5,1500,0,1,1,1,1.0,1.0,3144.961,-36.1883,6711.185,0,0.05034859,0,-0.9987317;