playerC,-47.5,1,-482.5;
custom,cuboid,stone10,28.5,5,1,0,1,1,1,0.95,0.5,47.5,125,-700,0,0,0,0;
racing,killCuboid,1,5,16,190,125,-620,0,0,0,0;
racing,killCuboid,1,5,16,-95,125,-620,0,0,0,0;
custom,endCuboid,default,1,5,16,0,1,1,1,5.0,0.5,190,125,-620,0,0,0,0;
custom,endCuboid,default,1,5,16,0,1,1,1,5.0,0.5,-95,125,-620,0,0,0,0;
kill=2;
racing,killCuboid,100,1,1,47.5,150,200,0,0,0,0;
racing,killCuboid,100,1,1,47.5,140,225,0,0,0,0;
racing,killCuboid,100,1,1,47.5,130,250,0,0,0,0;
racing,killCuboid,100,1,1,47.5,120,275,0,0,0,0;
racing,killCuboid,100,1,1,47.5,110,300,0,0,0,0;
racing,killCuboid,100,1,1,47.5,120,325,0,0,0,0;
racing,killCuboid,100,1,1,47.5,130,350,0,0,0,0;
racing,killCuboid,100,1,1,47.5,140,375,0,0,0,0;
racing,killCuboid,100,1,1,47.5,150,400,0,0,0,0;
racing,killCuboid,100,1,1,47.5,140,425,0,0,0,0;
racing,killCuboid,100,1,1,47.5,130,450,0,0,0,0;
racing,killCuboid,100,1,1,47.5,120,475,0,0,0,0;
racing,killCuboid,100,1,1,47.5,110,500,0,0,0,0;
racing,killCuboid,100,1,1,47.5,120,525,0,0,0,0;
racing,killCuboid,100,1,1,47.5,130,550,0,0,0,0;
racing,killCuboid,100,1,1,47.5,140,575,0,0,0,0;
racing,killCuboid,100,1,1,47.5,150,600,0,0,0,0;
racing,killCuboid,100,1,1,47.5,140,625,0,0,0,0;
racing,killCuboid,100,1,1,47.5,130,650,0,0,0,0;
racing,killCuboid,100,1,1,47.5,120,675,0,0,0,0;
racing,killCuboid,100,1,1,47.5,110,700,0,0,0,0;
racing,killCuboid,100,1,1,47.5,120,725,0,0,0,0;
racing,killCuboid,100,1,1,47.5,130,750,0,0,0,0;
racing,killCuboid,100,1,1,47.5,140,775,0,0,0,0;
racing,killCuboid,100,1,1,47.5,150,800,0,0,0,0;
racing,killCuboid,100,1,1,47.5,140,825,0,0,0,0;
racing,killCuboid,100,1,1,47.5,130,850,0,0,0,0;
racing,killCuboid,100,1,1,47.5,120,875,0,0,0,0;
racing,killCuboid,100,1,1,47.5,110,900,0,0,0,0;
racing,killCuboid,100,1,1,47.5,120,925,0,0,0,0;
custom,endCuboid,default,100,1,1,0,1,1,1,5.0,0.5,47.5,150,200,0,0,0,0;
custom,endCuboid,default,100,1,1,0,1,1,1,5.0,0.5,47.5,140,225,0,0,0,0;
custom,endCuboid,default,100,1,1,0,1,1,1,5.0,0.5,47.5,130,250,0,0,0,0;
custom,endCuboid,default,100,1,1,0,1,1,1,5.0,0.5,47.5,120,275,0,0,0,0;
custom,endCuboid,default,100,1,1,0,1,1,1,5.0,0.5,47.5,110,300,0,0,0,0;
custom,endCuboid,default,100,1,1,0,1,1,1,5.0,0.5,47.5,120,325,0,0,0,0;
custom,endCuboid,default,100,1,1,0,1,1,1,5.0,0.5,47.5,130,350,0,0,0,0;
custom,endCuboid,default,100,1,1,0,1,1,1,5.0,0.5,47.5,140,375,0,0,0,0;
custom,endCuboid,default,100,1,1,0,1,1,1,5.0,0.5,47.5,150,400,0,0,0,0;
custom,endCuboid,default,100,1,1,0,1,1,1,5.0,0.5,47.5,140,425,0,0,0,0;
custom,endCuboid,default,100,1,1,0,1,1,1,5.0,0.5,47.5,130,450,0,0,0,0;
custom,endCuboid,default,100,1,1,0,1,1,1,5.0,0.5,47.5,120,475,0,0,0,0;
custom,endCuboid,default,100,1,1,0,1,1,1,5.0,0.5,47.5,110,500,0,0,0,0;
custom,endCuboid,default,100,1,1,0,1,1,1,5.0,0.5,47.5,120,525,0,0,0,0;
custom,endCuboid,default,100,1,1,0,1,1,1,5.0,0.5,47.5,130,550,0,0,0,0;
custom,endCuboid,default,100,1,1,0,1,1,1,5.0,0.5,47.5,140,575,0,0,0,0;
custom,endCuboid,default,100,1,1,0,1,1,1,5.0,0.5,47.5,150,600,0,0,0,0;
custom,endCuboid,default,100,1,1,0,1,1,1,5.0,0.5,47.5,140,625,0,0,0,0;
custom,endCuboid,default,100,1,1,0,1,1,1,5.0,0.5,47.5,130,650,0,0,0,0;
custom,endCuboid,default,100,1,1,0,1,1,1,5.0,0.5,47.5,120,675,0,0,0,0;
custom,endCuboid,default,100,1,1,0,1,1,1,5.0,0.5,47.5,110,700,0,0,0,0;
custom,endCuboid,default,100,1,1,0,1,1,1,5.0,0.5,47.5,120,725,0,0,0,0;
custom,endCuboid,default,100,1,1,0,1,1,1,5.0,0.5,47.5,130,750,0,0,0,0;
custom,endCuboid,default,100,1,1,0,1,1,1,5.0,0.5,47.5,140,775,0,0,0,0;
custom,endCuboid,default,100,1,1,0,1,1,1,5.0,0.5,47.5,150,800,0,0,0,0;
custom,endCuboid,default,100,1,1,0,1,1,1,5.0,0.5,47.5,140,825,0,0,0,0;
custom,endCuboid,default,100,1,1,0,1,1,1,5.0,0.5,47.5,130,850,0,0,0,0;
custom,endCuboid,default,100,1,1,0,1,1,1,5.0,0.5,47.5,120,875,0,0,0,0;
custom,endCuboid,default,100,1,1,0,1,1,1,5.0,0.5,47.5,110,900,0,0,0,0;
custom,endCuboid,default,100,1,1,0,1,1,1,5.0,0.5,47.5,120,925,0,0,0,0;
Titan=2;
custom,cuboid,stone10,5,0.1,0.1,0,1,1,1,0.95,0.5,47.5,115,1636,0,0,0,0;
custom,cuboid,stone10,5,0.1,0.1,0,1,1,1,0.95,0.5,47.5,115,1586,0,0,0,0;
custom,cuboid,stone10,0.1,0.1,5,0,1,1,1,0.95,0.5,22.5,115,1611,0,0,0,0;
custom,cuboid,stone10,0.1,0.1,5,0,1,1,1,0.95,0.5,72.5,115,1611,0,0,0,0;
custom,cuboid,stone10,5,0.1,0.1,0,1,1,1,0.95,0.5,47.5,135,1636,0,0,0,0;
custom,cuboid,stone10,5,0.1,0.1,0,1,1,1,0.95,0.5,47.5,135,1586,0,0,0,0;
custom,cuboid,stone10,0.1,0.1,5,0,1,1,1,0.95,0.5,22.5,135,1611,0,0,0,0;
custom,cuboid,stone10,0.1,0.1,5,0,1,1,1,0.95,0.5,72.5,135,1611,0,0,0,0;
misc,region,2,10,10,10,47.5,125,1611,0,0,0,1;
1=3;
racing,checkpointCuboid,1,1,1,-47.5,210,-482,0,0,0,0;
custom,cuboid,stone10,990,1,990,0,1,1,1,100.0,100.0,-47.5,196,-482.5,0,0,0,0;
custom,cuboid,stone10,990,1,990,0,1,1,1,100.0,100.0,-47.5,254,-482.5,0,0,0,0;
racing,killCuboid,990,0.5,990,-47.5,196,-482.5,0,0,0,0;
racing,killCuboid,990,0.5,990,-47.5,254,-482.5,0,0,0,0;
custom,cuboid,stone10,1,5,50,0,1,1,1,5.0,0.5,0,225,-290,0,0,0,0;
custom,cuboid,stone10,1,5,50,0,1,1,1,5.0,0.5,-95,225,-290,0,0,0,0;
custom,cuboid,stone10,9.5,5,1,0,1,1,1,0.95,0.5,-47.5,225,-540,0,0,0,0;
custom,cuboid,stone10,1,5,50,0,1,1,1,5.0,0.5,-167.5,225,140.5,0,0.35,0,-0.9;
custom,cuboid,stone10,1,5,50,0,1,1,1,5.0,0.5,-262.5,225,140.5,0,0.35,0,-0.9;
custom,cuboid,stone10,1,5,50,0,1,1,1,5.0,0.5,-335,225,570.5,0,0,0,0;
custom,cuboid,stone10,1,5,50,0,1,1,1,5.0,0.5,-430,225,570.5,0,0,0,0;
custom,cuboid,stone10,1,5,50,0,1,1,1,5.0,0.5,-167.5,225,1001,0,0.35,0,0.9;
custom,cuboid,stone10,1,5,50,0,1,1,1,5.0,0.5,-262.5,225,1001,0,0.35,0,0.9;
custom,cuboid,stone10,1,5,50,0,1,1,1,5.0,0.5,0,225,1431.5,0,0,0,0;
custom,cuboid,stone10,1,5,50,0,1,1,1,5.0,0.5,-95,225,1431.5,0,0,0,0;
custom,cuboid,stone10,1,5,50,0,1,1,1,5.0,0.5,190,225,-290,0,0,0,0;
custom,cuboid,stone10,1,5,50,0,1,1,1,5.0,0.5,95,225,-290,0,0,0,0;
custom,cuboid,stone10,1,5,50,0,1,1,1,5.0,0.5,262.5,225,140.5,0,0.35,0,0.9;
custom,cuboid,stone10,1,5,50,0,1,1,1,5.0,0.5,357.5,225,140.5,0,0.35,0,0.9;
custom,cuboid,stone10,1,5,50,0,1,1,1,5.0,0.5,430,225,570.5,0,0,0,0;
custom,cuboid,stone10,1,5,50,0,1,1,1,5.0,0.5,525,225,570.5,0,0,0,0;
custom,cuboid,stone10,1,5,50,0,1,1,1,5.0,0.5,262.5,225,1001,0,0.35,0,-0.9;
custom,cuboid,stone10,1,5,50,0,1,1,1,5.0,0.5,357.5,225,1001,0,0.35,0,-0.9;
custom,cuboid,stone10,1,5,50,0,1,1,1,5.0,0.5,190,225,1431.5,0,0,0,0;
custom,cuboid,stone10,1,5,50,0,1,1,1,5.0,0.5,95,225,1431.5,0,0,0,0;
custom,arc180,stone10,20,10,20,0,1,1,1,1.0,1.0,53,225,1700,0,0.5,0,0.5;
custom,startCuboid,default,9.5,5,1,0,1,1,1,0.95,0.5,47.5,225,1676,0,0,0,0;
custom,endCuboid,default,9.5,5,1,0,1,1,1,0.95,0.5,47.5,225,1676,0,0,0,0;
racing,checkpointCuboid,9.5,5,1,-47.5,225,1500,0,0,0,0;
racing,checkpointCuboid,9.5,5,1,47.5,225,-300,0,0,0,0;
custom,cuboid,stone10,28.5,5,1,0,1,1,1,0.95,0.5,47.5,225,-700,0,0,0,0;
racing,killCuboid,1,5,16,190,225,-620,0,0,0,0;
racing,killCuboid,1,5,16,-95,225,-620,0,0,0,0;
custom,endCuboid,default,1,5,16,0,1,1,1,5.0,0.5,190,225,-620,0,0,0,0;
custom,endCuboid,default,1,5,16,0,1,1,1,5.0,0.5,-95,225,-620,0,0,0,0;
kill=3;
racing,killCuboid,100,3,1,47.5,225,200,0,0,0,0;
racing,killCuboid,100,4,1,47.5,220,250,0,0,0,0;
racing,killCuboid,100,4,1,47.5,230,300,0,0,0,0;
racing,killCuboid,100,2,1,47.5,240,350,0,0,0,0;
racing,killCuboid,100,2,1,47.5,210,350,0,0,0,0;
racing,killCuboid,100,4,1,47.5,230,400,0,0,0,0;
racing,killCuboid,100,4,1,47.5,220,450,0,0,0,0;
racing,killCuboid,100,2,11,47.5,240,550,0,0,0,0;
racing,killCuboid,100,2,11,47.5,210,550,0,0,0,0;
racing,killCuboid,100,4,11,47.5,220,700,0,0,0,0;
racing,killCuboid,100,4,11,47.5,230,850,0,0,0,0;
racing,killCuboid,100,2,31,47.5,240,1100,0,0,0,0;
racing,killCuboid,100,2,31,47.5,210,1100,0,0,0,0;
custom,endCuboid,default,100,3,1,0,1,1,1,5.0,0.5,47.5,225,200,0,0,0,0;
custom,endCuboid,default,100,4,1,0,1,1,1,5.0,0.5,47.5,220,250,0,0,0,0;
custom,endCuboid,default,100,4,1,0,1,1,1,5.0,0.5,47.5,230,300,0,0,0,0;
custom,endCuboid,default,100,2,1,0,1,1,1,5.0,0.5,47.5,240,350,0,0,0,0;
custom,endCuboid,default,100,2,1,0,1,1,1,5.0,0.5,47.5,210,350,0,0,0,0;
custom,endCuboid,default,100,4,1,0,1,1,1,5.0,0.5,47.5,230,400,0,0,0,0;
custom,endCuboid,default,100,4,1,0,1,1,1,5.0,0.5,47.5,220,450,0,0,0,0;
custom,endCuboid,default,100,2,11,0,1,1,1,5.0,0.5,47.5,240,550,0,0,0,0;
custom,endCuboid,default,100,2,11,0,1,1,1,5.0,0.5,47.5,210,550,0,0,0,0;
custom,endCuboid,default,100,4,11,0,1,1,1,5.0,0.5,47.5,220,700,0,0,0,0;
custom,endCuboid,default,100,4,11,0,1,1,1,5.0,0.5,47.5,230,850,0,0,0,0;
custom,endCuboid,default,100,2,31,0,1,1,1,5.0,0.5,47.5,240,1100,0,0,0,0;
custom,endCuboid,default,100,2,31,0,1,1,1,5.0,0.5,47.5,210,1100,0,0,0,0;
Titan=3;
custom,cuboid,stone10,5,0.1,0.1,0,1,1,1,0.95,0.5,47.5,215,1636,0,0,0,0;
custom,cuboid,stone10,5,0.1,0.1,0,1,1,1,0.95,0.5,47.5,215,1586,0,0,0,0;
custom,cuboid,stone10,0.1,0.1,5,0,1,1,1,0.95,0.5,22.5,215,1611,0,0,0,0;
custom,cuboid,stone10,0.1,0.1,5,0,1,1,1,0.95,0.5,72.5,215,1611,0,0,0,0;
custom,cuboid,stone10,5,0.1,0.1,0,1,1,1,0.95,0.5,47.5,235,1636,0,0,0,0;
custom,cuboid,stone10,5,0.1,0.1,0,1,1,1,0.95,0.5,47.5,235,1586,0,0,0,0;
custom,cuboid,stone10,0.1,0.1,5,0,1,1,1,0.95,0.5,22.5,235,1611,0,0,0,0;
custom,cuboid,stone10,0.1,0.1,5,0,1,1,1,0.95,0.5,72.5,235,1611,0,0,0,0;
misc,region,3,10,10,10,47.5,225,1611,0,0,0,1;
1=4;
racing,checkpointCuboid,1,1,1,-47.5,310,-482,0,0,0,0;
custom,cuboid,stone10,990,1,990,0,1,1,1,100.0,100.0,-47.5,296,-482.5,0,0,0,0;
custom,cuboid,stone10,990,1,990,0,1,1,1,100.0,100.0,-47.5,354,-482.5,0,0,0,0;
racing,killCuboid,990,0.5,990,-47.5,296,-482.5,0,0,0,0;
racing,killCuboid,990,0.5,990,-47.5,354,-482.5,0,0,0,0;
custom,cuboid,stone10,1,5,50,0,1,1,1,5.0,0.5,0,325,-290,0,0,0,0;
custom,cuboid,stone10,1,5,50,0,1,1,1,5.0,0.5,-95,325,-290,0,0,0,0;
custom,cuboid,stone10,9.5,5,1,0,1,1,1,0.95,0.5,-47.5,325,-540,0,0,0,0;
custom,cuboid,stone10,1,5,50,0,1,1,1,5.0,0.5,-167.5,325,140.5,0,0.35,0,-0.9;
custom,cuboid,stone10,1,5,50,0,1,1,1,5.0,0.5,-262.5,325,140.5,0,0.35,0,-0.9;
custom,cuboid,stone10,1,5,50,0,1,1,1,5.0,0.5,-335,325,570.5,0,0,0,0;
custom,cuboid,stone10,1,5,50,0,1,1,1,5.0,0.5,-430,325,570.5,0,0,0,0;
custom,cuboid,stone10,1,5,50,0,1,1,1,5.0,0.5,-167.5,325,1001,0,0.35,0,0.9;
custom,cuboid,stone10,1,5,50,0,1,1,1,5.0,0.5,-262.5,325,1001,0,0.35,0,0.9;
custom,cuboid,stone10,1,5,50,0,1,1,1,5.0,0.5,0,325,1431.5,0,0,0,0;
custom,cuboid,stone10,1,5,50,0,1,1,1,5.0,0.5,-95,325,1431.5,0,0,0,0;
custom,cuboid,stone10,1,5,50,0,1,1,1,5.0,0.5,190,325,-290,0,0,0,0;
custom,cuboid,stone10,1,5,50,0,1,1,1,5.0,0.5,95,325,-290,0,0,0,0;
custom,cuboid,stone10,1,5,50,0,1,1,1,5.0,0.5,262.5,325,140.5,0,0.35,0,0.9;
custom,cuboid,stone10,1,5,50,0,1,1,1,5.0,0.5,357.5,325,140.5,0,0.35,0,0.9;
custom,cuboid,stone10,1,5,50,0,1,1,1,5.0,0.5,430,325,570.5,0,0,0,0;
custom,cuboid,stone10,1,5,50,0,1,1,1,5.0,0.5,525,325,570.5,0,0,0,0;
custom,cuboid,stone10,1,5,50,0,1,1,1,5.0,0.5,262.5,325,1001,0,0.35,0,-0.9;
custom,cuboid,stone10,1,5,50,0,1,1,1,5.0,0.5,357.5,325,1001,0,0.35,0,-0.9;
custom,cuboid,stone10,1,5,50,0,1,1,1,5.0,0.5,190,325,1431.5,0,0,0,0;
custom,cuboid,stone10,1,5,50,0,1,1,1,5.0,0.5,95,325,1431.5,0,0,0,0;
custom,arc180,stone10,20,10,20,0,1,1,1,1.0,1.0,53,325,1700,0,0.5,0,0.5;
custom,startCuboid,default,9.5,5,1,0,1,1,1,0.95,0.5,47.5,325,1676,0,0,0,0;
custom,endCuboid,default,9.5,5,1,0,1,1,1,0.95,0.5,47.5,325,1676,0,0,0,0;
racing,checkpointCuboid,9.5,5,1,-47.5,325,1500,0,0,0,0;
racing,checkpointCuboid,9.5,5,1,47.5,325,-300,0,0,0,0;
custom,cuboid,stone10,28.5,5,1,0,1,1,1,0.95,0.5,47.5,325,-700,0,0,0,0;
racing,killCuboid,1,5,16,190,325,-620,0,0,0,0;
racing,killCuboid,1,5,16,-95,325,-620,0,0,0,0;
custom,endCuboid,default,1,5,16,0,1,1,1,5.0,0.5,190,325,-620,0,0,0,0;
custom,endCuboid,default,1,5,16,0,1,1,1,5.0,0.5,-95,325,-620,0,0,0,0;
kill=4;
racing,killCuboid,15,5,1,135,325,0,0,0,0,0;
racing,killCuboid,15,5,1,-40,325,0,0,0,0,0;
racing,killCuboid,7,5,1,300,325,100,0,0,0,0;
racing,killCuboid,7,5,1,-205,325,100,0,0,0,0;
racing,killCuboid,29,5,1,47.5,325,100,0,0,0,0;
racing,killCuboid,27,5,1,240,325,200,0,0,0,0;
racing,killCuboid,27,5,1,-145,325,200,0,0,0,0;
racing,killCuboid,7,5,1,475,325,300,0,0,0,0;
racing,killCuboid,7,5,1,-380,325,300,0,0,0,0;
racing,killCuboid,57,5,1,47.5,325,300,0,0,0,0;
racing,killCuboid,40,5,1,300,325,400,0,0,0,0;
racing,killCuboid,40,5,1,-205,325,400,0,0,0,0;
spawnpoint,playerC,-190,190,-55,0,0,0,0;
spawnpoint,playerM,-190,190,-55,0,0,0,0;
spawnpoint,titan,-340,145,-55,0,0,0,0;
custom,cuboid,grass3,135,1,135,0,1,1,1,30,30,-10,10,5,0,0,0,0;
custom,cuboid,wood4,11.03,1,11.03,0,0,0,0,2,2,0,15,0,0,0,0,0;
custom,cuboid,wood4,11.03,1.02,11.03,0,0,0,0,2,2,0,85,0,0,0,0,0;
custom,cuboid,wood1,11.3,0.5,11.3,0,0,0,0,2,2,0,85,0,0,0,0,0;
custom,cuboid,wood1,10,1.1,7,0,0,0,0,2,2,0,85,0,0,0,0,0;
custom,cuboid,wood1,3.5,8,1,0,0,0,0,2,2,32.5,50,50,0,0,0,0;
custom,cuboid,wood1,3.5,8,1,0,0,0,0,2,2,-32.5,50,50,0,0,0,0;
custom,cuboid,wood1,10,8,1,0,0,0,0,2,2,0,50,-50,0,0,0,0;
custom,cuboid,wood4,4.45,8,0.95,0,0,0,0,2,2,32.5,50,50,0,0,0,0;
custom,cuboid,wood4,0.95,8,0.95,0,0,0,0,2,2,-50,50,-50,0,0,0,0;
custom,cuboid,wood4,0.95,8,0.95,0,0,0,0,2,2,50,50,-50,0,1,0,-1;
custom,cuboid,wood4,0.95,8,4.45,0,0,0,0,2,2,-32.5,50,50,0,1,0,-1;
custom,cylinder,wood4,11,1,11,0,0,0,0,2,2,50,10,0,0,1,0,-1;
custom,cylinder,wood4,12,0.5,12,0,0,0,0,2,2,50,85.1,0,0,1,0,-1;
custom,cylinder,wood1,11.5,0.4,11.5,0,0,0,0,2,2,50,86.9,0,0,1,0,-1;
custom,cylinder,wood1,12.3,0.25,12.3,0,0,0,0,2,2,50,85.1,0,0,1,0,-1;
custom,cylinder,wood1,7,0.56,7,0,0,0,0,2,2,50,85.1,0,0,1,0,-1;
custom,cylinder,wood4,10,0.5,10,0,0,0,0,2,2,50,90,0,0,1,0,-1;
custom,cylinder,wood4,9,0.5,9,0,0,0,0,2,2,50,94,0,0,1,0,-1;
custom,cylinder,wood4,8,0.5,8,0,0,0,0,2,2,50,98,0,0,1,0,-1;
custom,cylinder,wood4,7,0.5,7,0,0,0,0,2,2,50,102,0,0,1,0,-1;
custom,cylinder,wood4,6,0.5,6,0,0,0,0,2,2,50,106.5,0,0,1,0,-1;
custom,cylinder,wood4,5,0.5,5,0,0,0,0,2,2,50,111,0,0,1,0,-1;
custom,cylinder,wood4,4,0.5,4,0,0,0,0,2,2,50,115,0,0,1,0,-1;
custom,cylinder,wood4,3,0.5,3,0,0,0,0,2,2,50,119.3,0,0,1,0,-1;
custom,cylinder,wood4,2,0.5,2,0,0,0,0,2,2,50,123.5,0,0,1,0,-1;
custom,cylinder,wood4,1,0.5,1,0,0,0,0,2,2,50,127.8,0,0,1,0,-1;
custom,cylinder,wood4,0.1,0.5,0.1,0,0,0,0,2,2,50,132,0,0,1,0,-1;
custom,cuboid,wood1,1,8,1.7,0,0,0,0,1,2,-57.6,50,-48.5,0,0.65,0,-0.76;
custom,cuboid,wood1,1,8,1.7,0,0,0,0,1,2,-72.3,50,-43.7,0,0.52,0,-0.85;
custom,cuboid,wood1,1,8,1.7,0,0,0,0,1,2,-84.7,50,-34.7,0,0.38,0,-0.92;
custom,cuboid,wood1,1,2,1.7,0,0,0,0,1,2,-93.8,70,-22.2,0,0.235,0,-0.97;
custom,cuboid,wood1,1,2,1.7,0,0,0,0,1,2,-98.5,70,-7.6,0,0.08,0,-0.99;
custom,cuboid,wood1,1,2,1.7,0,0,0,0,1,2,-93.8,30,-22.2,0,0.235,0,-0.97;
custom,cuboid,wood1,1,2,1.7,0,0,0,0,1,2,-98.5,30,-7.6,0,0.08,0,-0.99;
custom,cuboid,wood1,1,8,1.7,0,0,0,0,1,2,-57.6,50,48.5,0,-0.76,0,0.65;
custom,cuboid,wood1,1,8,1.7,0,0,0,0,1,2,-72.3,50,43.7,0,-0.85,0,0.52;
custom,cuboid,wood1,1,8,1.7,0,0,0,0,1,2,-84.7,50,34.7,0,-0.92,0,0.38;
custom,cuboid,wood1,1,2,1.7,0,0,0,0,1,2,-93.8,70,22.2,0,-0.97,0,0.235;
custom,cuboid,wood1,1,2,1.7,0,0,0,0,1,2,-98.5,70,7.6,0,-0.99,0,0.08;
custom,cuboid,wood1,1,2,1.7,0,0,0,0,1,2,-93.8,30,22.2,0,-0.97,0,0.235;
custom,cuboid,wood1,1,2,1.7,0,0,0,0,1,2,-98.5,30,7.6,0,-0.99,0,0.08;
custom,pyramid,wood1,5,3,5,0,0,0,0,2,2,50,110,0,0,1,0,-1;
custom,pyramid,wood1,5,3,5,0,0,0,0,2,2,50,110,0,0,1,0,-0.5;
custom,pyramid,wood1,5,3,5,0,0,0,0,2,2,50,110,0,0,1,0,-0.15;
custom,pyramid,wood1,5,3,5,0,0,0,0,2,2,50,110,0,0,1,0,-0.325;
custom,pyramid,wood1,5,3,5,0,0,0,0,2,2,50,110,0,0,1,0,-0.725;
custom,cylinder,wood4,11,1,11,0,0,0,0,2,2,-50,10,0,0,1,0,-1;
custom,cylinder,wood4,12,0.5,12,0,0,0,0,2,2,-50,85.1,0,0,1,0,-1;
custom,cylinder,wood1,11.5,0.4,11.5,0,0,0,0,2,2,-50,86.9,0,0,1,0,-1;
custom,cylinder,wood1,7,0.56,7,0,0,0,0,2,2,-50,85.1,0,0,1,0,-1;
custom,cylinder,wood1,12.3,0.25,12.3,0,0,0,0,2,2,-50,85.1,0,0,1,0,-1;
custom,cylinder,wood4,10,0.5,10,0,0,0,0,2,2,-50,90,0,0,1,0,-1;
custom,cylinder,wood4,9,0.5,9,0,0,0,0,2,2,-50,94,0,0,1,0,-1;
custom,cylinder,wood4,8,0.5,8,0,0,0,0,2,2,-50,98,0,0,1,0,-1;
custom,cylinder,wood4,7,0.5,7,0,0,0,0,2,2,-50,102,0,0,1,0,-1;
custom,cylinder,wood4,6,0.5,6,0,0,0,0,2,2,-50,106.5,0,0,1,0,-1;
custom,cylinder,wood4,5,0.5,5,0,0,0,0,2,2,-50,111,0,0,1,0,-1;
custom,cylinder,wood4,4,0.5,4,0,0,0,0,2,2,-50,115,0,0,1,0,-1;
custom,cylinder,wood4,3,0.5,3,0,0,0,0,2,2,-50,119.3,0,0,1,0,-1;
custom,cylinder,wood4,2,0.5,2,0,0,0,0,2,2,-50,123.5,0,0,1,0,-1;
custom,cylinder,wood4,1,0.5,1,0,0,0,0,2,2,-50,127.8,0,0,1,0,-1;
custom,cylinder,wood4,0.1,0.5,0.1,0,0,0,0,2,2,-50,132,0,0,1,0,-1;
custom,cuboid,wood1,1,8,1.7,0,0,0,0,1,2,57.6,50,48.5,0,0.65,0,-0.76;
custom,cuboid,wood1,1,8,1.7,0,0,0,0,1,2,72.3,50,43.7,0,0.52,0,-0.85;
custom,cuboid,wood1,1,8,1.7,0,0,0,0,1,2,84.7,50,34.7,0,0.38,0,-0.92;
custom,cuboid,wood1,1,2,1.7,0,0,0,0,1,2,93.8,70,22.2,0,0.235,0,-0.97;
custom,cuboid,wood1,1,2,1.7,0,0,0,0,1,2,98.5,70,7.6,0,0.08,0,-0.99;
custom,cuboid,wood1,1,2,1.7,0,0,0,0,1,2,93.8,30,22.2,0,0.235,0,-0.97;
custom,cuboid,wood1,1,2,1.7,0,0,0,0,1,2,98.5,30,7.6,0,0.08,0,-0.99;
custom,cuboid,wood1,1,8,1.7,0,0,0,0,1,2,57.6,50,-48.5,0,-0.76,0,0.65;
custom,cuboid,wood1,1,8,1.7,0,0,0,0,1,2,72.3,50,-43.7,0,-0.85,0,0.52;
custom,cuboid,wood1,1,8,1.7,0,0,0,0,1,2,84.7,50,-34.7,0,-0.92,0,0.38;
custom,cuboid,wood1,1,2,1.7,0,0,0,0,1,2,93.8,70,-22.2,0,-0.97,0,0.235;
custom,cuboid,wood1,1,2,1.7,0,0,0,0,1,2,98.5,70,-7.6,0,-0.99,0,0.08;
custom,cuboid,wood1,1,2,1.7,0,0,0,0,1,2,93.8,30,-22.2,0,-0.97,0,0.235;
custom,cuboid,wood1,1,2,1.7,0,0,0,0,1,2,98.5,30,-7.6,0,-0.99,0,0.08;
custom,pyramid,wood1,5,3,5,0,0,0,0,2,2,-50,110,0,0,1,0,-1;
custom,pyramid,wood1,5,3,5,0,0,0,0,2,2,-50,110,0,0,1,0,-0.5;
custom,pyramid,wood1,5,3,5,0,0,0,0,2,2,-50,110,0,0,1,0,-0.15;
custom,pyramid,wood1,5,3,5,0,0,0,0,2,2,-50,110,0,0,1,0,-0.325;
custom,pyramid,wood1,5,3,5,0,0,0,0,2,2,-50,110,0,0,1,0,-0.725;
custom,prism,wood1,11,10,6,0,0,0,0,2,2,2,109.2,1,0.5,0.5,-0.5,0.5;
custom,prism,wood1,11,11,5,0,0,0,0,2,2,2,109.2,1,0.5,0.5,-0.5,0.5;
custom,cuboid,wood4,10,1,0.1,0,0,0,0,2,2,0,132,0,0,0,0,0;
custom,cuboid,wood4,10,1,1,0,0,0,0,2,2,0,127.8,0,0,0,0,0;
custom,cuboid,wood4,10,1,2,0,0,0,0,2,2,0,123.5,0,0,0,0,0;
custom,cuboid,wood4,10,1,3,0,0,0,0,2,2,0,119.3,0,0,0,0,0;
custom,cuboid,wood4,10,1,4,0,0,0,0,2,2,0,115,0,0,0,0,0;
custom,cuboid,wood4,10,1,5,0,0,0,0,2,2,0,111,0,0,0,0,0;
custom,cuboid,wood4,10,1,6,0,0,0,0,2,2,0,106.5,0,0,0,0,0;
custom,cuboid,wood4,10,1,7,0,0,0,0,2,2,0,102,0,0,0,0,0;
custom,cuboid,wood4,10,1,8,0,0,0,0,2,2,0,98,0,0,0,0,0;
custom,cuboid,wood4,10,1,9,0,0,0,0,2,2,0,94,0,0,0,0,0;
custom,cuboid,wood4,10,1,10,0,0,0,0,2,2,0,90,0,0,0,0,0;
custom,cuboid,wood1,3,2,1,0,0,0,0,1,1,0,70,50,0,0,0,0;
custom,cuboid,wood4,3,2.5,0.95,0,0,0,0,1,1,0,70,50,0,0,0,0;
racing,killCuboid,7,5,1,485,325,500,0,0,0,0;
racing,killCuboid,7,5,1,-390,325,500,0,0,0,0;
racing,killCuboid,70,5,1,47.5,325,500,0,0,0,0;
racing,killCuboid,40,5,1,300,325,600,0,0,0,0;
racing,killCuboid,40,5,1,-205,325,600,0,0,0,0;
racing,killCuboid,7,5,1,485,325,700,0,0,0,0;
racing,killCuboid,7,5,1,-390,325,700,0,0,0,0;
racing,killCuboid,70,5,1,47.5,325,700,0,0,0,0;
racing,killCuboid,40,5,1,300,325,800,0,0,0,0;
racing,killCuboid,40,5,1,-205,325,800,0,0,0,0;
custom,endCuboid,default,15,5,1,0,1,1,1,5.0,0.5,135,325,0,0,0,0,0;
custom,endCuboid,default,15,5,1,0,1,1,1,5.0,0.5,-40,325,0,0,0,0,0;
custom,endCuboid,default,7,5,1,0,1,1,1,5.0,0.5,300,325,100,0,0,0,0;
custom,endCuboid,default,7,5,1,0,1,1,1,5.0,0.5,-205,325,100,0,0,0,0;
custom,endCuboid,default,29,5,1,0,1,1,1,5.0,0.5,47.5,325,100,0,0,0,0;
custom,endCuboid,default,27,5,1,0,1,1,1,5.0,0.5,240,325,200,0,0,0,0;
custom,endCuboid,default,27,5,1,0,1,1,1,5.0,0.5,-145,325,200,0,0,0,0;
custom,endCuboid,default,7,5,1,0,1,1,1,5.0,0.5,475,325,300,0,0,0,0;
custom,endCuboid,default,7,5,1,0,1,1,1,5.0,0.5,-380,325,300,0,0,0,0;
custom,endCuboid,default,57,5,1,0,1,1,1,5.0,0.5,47.5,325,300,0,0,0,0;
custom,endCuboid,default,40,5,1,0,1,1,1,5.0,0.5,300,325,400,0,0,0,0;
custom,endCuboid,default,40,5,1,0,1,1,1,5.0,0.5,-205,325,400,0,0,0,0;
custom,endCuboid,default,7,5,1,0,1,1,1,5.0,0.5,485,325,500,0,0,0,0;
custom,endCuboid,default,7,5,1,0,1,1,1,5.0,0.5,-390,325,500,0,0,0,0;
custom,endCuboid,default,70,5,1,0,1,1,1,5.0,0.5,47.5,325,500,0,0,0,0;
custom,endCuboid,default,40,5,1,0,1,1,1,5.0,0.5,300,325,600,0,0,0,0;
custom,endCuboid,default,40,5,1,0,1,1,1,5.0,0.5,-205,325,600,0,0,0,0;
custom,endCuboid,default,7,5,1,0,1,1,1,5.0,0.5,485,325,700,0,0,0,0;
custom,endCuboid,default,7,5,1,0,1,1,1,5.0,0.5,-390,325,700,0,0,0,0;
custom,endCuboid,default,70,5,1,0,1,1,1,5.0,0.5,47.5,325,700,0,0,0,0;
custom,endCuboid,default,40,5,1,0,1,1,1,5.0,0.5,300,325,800,0,0,0,0;
custom,endCuboid,default,40,5,1,0,1,1,1,5.0,0.5,-205,325,800,0,0,0,0;
Titan=4;
custom,cuboid,stone10,5,0.1,0.1,0,1,1,1,0.95,0.5,47.5,315,1636,0,0,0,0;
custom,cuboid,stone10,5,0.1,0.1,0,1,1,1,0.95,0.5,47.5,315,1586,0,0,0,0;
custom,cuboid,stone10,0.1,0.1,5,0,1,1,1,0.95,0.5,22.5,315,1611,0,0,0,0;
custom,cuboid,stone10,0.1,0.1,5,0,1,1,1,0.95,0.5,72.5,315,1611,0,0,0,0;
custom,cuboid,stone10,5,0.1,0.1,0,1,1,1,0.95,0.5,47.5,335,1636,0,0,0,0;
custom,cuboid,stone10,5,0.1,0.1,0,1,1,1,0.95,0.5,47.5,335,1586,0,0,0,0;
custom,cuboid,stone10,0.1,0.1,5,0,1,1,1,0.95,0.5,22.5,335,1611,0,0,0,0;
custom,cuboid,stone10,0.1,0.1,5,0,1,1,1,0.95,0.5,72.5,335,1611,0,0,0,0;
misc,region,4,10,10,10,47.5,325,1611,0,0,0,1;
1=5;
racing,checkpointCuboid,1,1,1,-47.5,410,-482,0,0,0,0;
custom,cuboid,stone10,990,1,990,0,1,1,1,100.0,100.0,-47.5,396,-482.5,0,0,0,0;
custom,cuboid,stone10,990,1,990,0,1,1,1,100.0,100.0,-47.5,454,-482.5,0,0,0,0;
racing,killCuboid,990,0.5,990,-47.5,396,-482.5,0,0,0,0;
racing,killCuboid,990,0.5,990,-47.5,454,-482.5,0,0,0,0;
custom,cuboid,stone10,1,5,50,0,1,1,1,5.0,0.5,0,425,-290,0,0,0,0;
custom,cuboid,stone10,1,5,50,0,1,1,1,5.0,0.5,-95,425,-290,0,0,0,0;
custom,cuboid,stone10,9.5,5,1,0,1,1,1,0.95,0.5,-47.5,425,-540,0,0,0,0;
custom,cuboid,stone10,1,5,50,0,1,1,1,5.0,0.5,-167.5,425,140.5,0,0.35,0,-0.9;
custom,cuboid,stone10,1,5,50,0,1,1,1,5.0,0.5,-262.5,425,140.5,0,0.35,0,-0.9;
custom,cuboid,stone10,1,5,50,0,1,1,1,5.0,0.5,-335,425,570.5,0,0,0,0;
custom,cuboid,stone10,1,5,50,0,1,1,1,5.0,0.5,-430,425,570.5,0,0,0,0;
custom,cuboid,stone10,1,5,50,0,1,1,1,5.0,0.5,-167.5,425,1001,0,0.35,0,0.9;
custom,cuboid,stone10,1,5,50,0,1,1,1,5.0,0.5,-262.5,425,1001,0,0.35,0,0.9;
custom,cuboid,stone10,1,5,50,0,1,1,1,5.0,0.5,0,425,1431.5,0,0,0,0;
custom,cuboid,stone10,1,5,50,0,1,1,1,5.0,0.5,-95,425,1431.5,0,0,0,0;
custom,cuboid,stone10,1,5,50,0,1,1,1,5.0,0.5,190,425,-290,0,0,0,0;
custom,cuboid,stone10,1,5,50,0,1,1,1,5.0,0.5,95,425,-290,0,0,0,0;
custom,cuboid,stone10,1,5,50,0,1,1,1,5.0,0.5,262.5,425,140.5,0,0.35,0,0.9;
custom,cuboid,stone10,1,5,50,0,1,1,1,5.0,0.5,357.5,425,140.5,0,0.35,0,0.9;
custom,cuboid,stone10,1,5,50,0,1,1,1,5.0,0.5,430,425,570.5,0,0,0,0;
custom,cuboid,stone10,1,5,50,0,1,1,1,5.0,0.5,525,425,570.5,0,0,0,0;
custom,cuboid,stone10,1,5,50,0,1,1,1,5.0,0.5,262.5,425,1001,0,0.35,0,-0.9;
custom,cuboid,stone10,1,5,50,0,1,1,1,5.0,0.5,357.5,425,1001,0,0.35,0,-0.9;
custom,cuboid,stone10,1,5,50,0,1,1,1,5.0,0.5,190,425,1431.5,0,0,0,0;
custom,cuboid,stone10,1,5,50,0,1,1,1,5.0,0.5,95,425,1431.5,0,0,0,0;
custom,arc180,stone10,20,10,20,0,1,1,1,1.0,1.0,53,425,1700,0,0.5,0,0.5;
custom,startCuboid,default,9.5,5,1,0,1,1,1,0.95,0.5,47.5,425,1676,0,0,0,0;
custom,endCuboid,default,9.5,5,1,0,1,1,1,0.95,0.5,47.5,425,1676,0,0,0,0;
racing,checkpointCuboid,9.5,5,1,-47.5,425,1500,0,0,0,0;
racing,checkpointCuboid,9.5,5,1,47.5,425,-300,0,0,0,0;
custom,cuboid,stone10,28.5,5,1,0,1,1,1,0.95,0.5,47.5,425,-700,0,0,0,0;
racing,killCuboid,1,5,16,190,425,-620,0,0,0,0;
racing,killCuboid,1,5,16,-95,425,-620,0,0,0,0;
custom,endCuboid,default,1,5,16,0,1,1,1,5.0,0.5,190,425,-620,0,0,0,0;
custom,endCuboid,default,1,5,16,0,1,1,1,5.0,0.5,-95,425,-620,0,0,0,0;
kill=5;
racing,killCuboid,15,5,1,135,425,0,0,0,0,0;
racing,killCuboid,15,5,1,-40,425,0,0,0,0,0;
racing,killCuboid,7,5,1,300,425,100,0,0,0,0;
racing,killCuboid,7,5,1,-205,425,100,0,0,0,0;
racing,killCuboid,29,5,1,47.5,425,100,0,0,0,0;
racing,killCuboid,27,5,1,240,425,200,0,0,0,0;
racing,killCuboid,27,5,1,-145,425,200,0,0,0,0;
racing,killCuboid,7,5,1,475,425,300,0,0,0,0;
racing,killCuboid,7,5,1,-380,425,300,0,0,0,0;
racing,killCuboid,57,5,1,47.5,425,300,0,0,0,0;
racing,killCuboid,40,5,1,300,425,400,0,0,0,0;
racing,killCuboid,40,5,1,-205,425,400,0,0,0,0;
racing,killCuboid,7,5,1,485,425,500,0,0,0,0;
racing,killCuboid,7,5,1,-390,425,500,0,0,0,0;
racing,killCuboid,70,5,1,47.5,425,500,0,0,0,0;
racing,killCuboid,40,5,1,300,425,600,0,0,0,0;
racing,killCuboid,40,5,1,-205,425,600,0,0,0,0;
racing,killCuboid,7,5,1,485,425,700,0,0,0,0;
racing,killCuboid,7,5,1,-390,425,700,0,0,0,0;
racing,killCuboid,70,5,1,47.5,425,700,0,0,0,0;
racing,killCuboid,40,5,1,300,425,800,0,0,0,0;
racing,killCuboid,40,5,1,-205,425,800,0,0,0,0;
custom,endCuboid,default,15,5,1,0,1,1,1,5.0,0.5,135,425,0,0,0,0,0;
custom,endCuboid,default,15,5,1,0,1,1,1,5.0,0.5,-40,425,0,0,0,0,0;
custom,endCuboid,default,7,5,1,0,1,1,1,5.0,0.5,300,425,100,0,0,0,0;
custom,endCuboid,default,7,5,1,0,1,1,1,5.0,0.5,-205,425,100,0,0,0,0;
custom,endCuboid,default,29,5,1,0,1,1,1,5.0,0.5,47.5,425,100,0,0,0,0;
custom,endCuboid,default,27,5,1,0,1,1,1,5.0,0.5,240,425,200,0,0,0,0;
custom,endCuboid,default,27,5,1,0,1,1,1,5.0,0.5,-145,425,200,0,0,0,0;
custom,endCuboid,default,7,5,1,0,1,1,1,5.0,0.5,475,425,300,0,0,0,0;
custom,endCuboid,default,7,5,1,0,1,1,1,5.0,0.5,-380,425,300,0,0,0,0;
custom,endCuboid,default,57,5,1,0,1,1,1,5.0,0.5,47.5,425,300,0,0,0,0;
custom,endCuboid,default,40,5,1,0,1,1,1,5.0,0.5,300,425,400,0,0,0,0;
custom,endCuboid,default,40,5,1,0,1,1,1,5.0,0.5,-205,425,400,0,0,0,0;
custom,endCuboid,default,7,5,1,0,1,1,1,5.0,0.5,485,425,500,0,0,0,0;
custom,endCuboid,default,7,5,1,0,1,1,1,5.0,0.5,-390,425,500,0,0,0,0;
custom,endCuboid,default,70,5,1,0,1,1,1,5.0,0.5,47.5,425,500,0,0,0,0;
custom,endCuboid,default,40,5,1,0,1,1,1,5.0,0.5,300,425,600,0,0,0,0;
custom,endCuboid,default,40,5,1,0,1,1,1,5.0,0.5,-205,425,600,0,0,0,0;
custom,endCuboid,default,7,5,1,0,1,1,1,5.0,0.5,485,425,700,0,0,0,0;
custom,endCuboid,default,7,5,1,0,1,1,1,5.0,0.5,-390,425,700,0,0,0,0;
custom,endCuboid,default,70,5,1,0,1,1,1,5.0,0.5,47.5,425,700,0,0,0,0;
custom,endCuboid,default,40,5,1,0,1,1,1,5.0,0.5,300,425,800,0,0,0,0;
custom,endCuboid,default,40,5,1,0,1,1,1,5.0,0.5,-205,425,800,0,0,0,0;
racing,killCuboid,100,2,1,47.5,440,0,0,0,0,0;
racing,killCuboid,100,2,1,47.5,410,0,0,0,0,0;
racing,killCuboid,100,4,1,47.5,430,100,0,0,0,0;
racing,killCuboid,100,4,1,47.5,420,200,0,0,0,0;
racing,killCuboid,100,2.5,1,47.5,437.5,300,0,0,0,0;
racing,killCuboid,100,1.5,1,47.5,407.5,300,0,0,0,0;
racing,killCuboid,100,1.5,1,47.5,442.5,400,0,0,0,0;
racing,killCuboid,100,2.5,1,47.5,412.5,400,0,0,0,0;
racing,killCuboid,100,2,1,47.5,425,500,0,0,0,0;
racing,killCuboid,100,3.5,1,47.5,432.5,600,0,0,0,0;
racing,killCuboid,100,0.5,1,47.5,402.5,600,0,0,0,0;
racing,killCuboid,100,0.5,1,47.5,447.5,700,0,0,0,0;
racing,killCuboid,100,3.5,1,47.5,417.5,700,0,0,0,0;
racing,killCuboid,100,0.5,1,47.5,450,800,0,0,0,0;
racing,killCuboid,100,0.5,1,47.5,440,800,0,0,0,0;
racing,killCuboid,100,0.5,1,47.5,430,800,0,0,0,0;
racing,killCuboid,100,0.5,1,47.5,420,800,0,0,0,0;
racing,killCuboid,100,0.5,1,47.5,410,800,0,0,0,0;
racing,killCuboid,100,0.5,1,47.5,400,800,0,0,0,0;
Titan=5;
custom,cuboid,stone10,5,0.1,0.1,0,1,1,1,0.95,0.5,47.5,415,1636,0,0,0,0;
custom,cuboid,stone10,5,0.1,0.1,0,1,1,1,0.95,0.5,47.5,415,1586,0,0,0,0;
custom,cuboid,stone10,0.1,0.1,5,0,1,1,1,0.95,0.5,22.5,415,1611,0,0,0,0;
custom,cuboid,stone10,0.1,0.1,5,0,1,1,1,0.95,0.5,72.5,415,1611,0,0,0,0;
custom,cuboid,stone10,5,0.1,0.1,0,1,1,1,0.95,0.5,47.5,435,1636,0,0,0,0;
custom,cuboid,stone10,5,0.1,0.1,0,1,1,1,0.95,0.5,47.5,435,1586,0,0,0,0;
custom,cuboid,stone10,0.1,0.1,5,0,1,1,1,0.95,0.5,22.5,435,1611,0,0,0,0;
custom,cuboid,stone10,0.1,0.1,5,0,1,1,1,0.95,0.5,72.5,435,1611,0,0,0,0;
misc,region,5,10,10,10,47.5,425,1611,0,0,0,1;
1=6;
racing,checkpointCuboid,1,1,1,-47.5,610,-482,0,0,0,0;
custom,cuboid,stone10,990,1,990,0,1,1,1,100.0,100.0,-47.5,596,-482.5,0,0,0,0;
custom,cuboid,stone10,990,1,990,0,1,1,1,100.0,100.0,-47.5,654,-482.5,0,0,0,0;
racing,killCuboid,990,0.5,990,-47.5,596,-482.5,0,0,0,0;
racing,killCuboid,990,0.5,990,-47.5,654,-482.5,0,0,0,0;
custom,cuboid,stone10,1,5,50,0,1,1,1,5.0,0.5,0,625,-290,0,0,0,0;
custom,cuboid,stone10,1,5,50,0,1,1,1,5.0,0.5,-95,625,-290,0,0,0,0;
custom,cuboid,stone10,9.5,5,1,0,1,1,1,0.95,0.5,-47.5,625,-540,0,0,0,0;
custom,cuboid,stone10,1,5,50,0,1,1,1,5.0,0.5,-167.5,625,140.5,0,0.35,0,-0.9;
custom,cuboid,stone10,1,5,50,0,1,1,1,5.0,0.5,-262.5,625,140.5,0,0.35,0,-0.9;
custom,cuboid,stone10,1,5,50,0,1,1,1,5.0,0.5,-335,625,570.5,0,0,0,0;
custom,cuboid,stone10,1,5,50,0,1,1,1,5.0,0.5,-430,625,570.5,0,0,0,0;
custom,cuboid,stone10,1,5,50,0,1,1,1,5.0,0.5,-167.5,625,1001,0,0.35,0,0.9;
custom,cuboid,stone10,1,5,50,0,1,1,1,5.0,0.5,-262.5,625,1001,0,0.35,0,0.9;
custom,cuboid,stone10,1,5,50,0,1,1,1,5.0,0.5,0,625,1431.5,0,0,0,0;
custom,cuboid,stone10,1,5,50,0,1,1,1,5.0,0.5,-95,625,1431.5,0,0,0,0;
custom,cuboid,stone10,1,5,50,0,1,1,1,5.0,0.5,190,625,-290,0,0,0,0;
custom,cuboid,stone10,1,5,50,0,1,1,1,5.0,0.5,95,625,-290,0,0,0,0;
custom,cuboid,stone10,1,5,50,0,1,1,1,5.0,0.5,262.5,625,140.5,0,0.35,0,0.9;
custom,cuboid,stone10,1,5,50,0,1,1,1,5.0,0.5,357.5,625,140.5,0,0.35,0,0.9;
custom,cuboid,stone10,1,5,50,0,1,1,1,5.0,0.5,430,625,570.5,0,0,0,0;
custom,cuboid,stone10,1,5,50,0,1,1,1,5.0,0.5,525,625,570.5,0,0,0,0;
custom,cuboid,stone10,1,5,50,0,1,1,1,5.0,0.5,262.5,625,1001,0,0.35,0,-0.9;
custom,cuboid,stone10,1,5,50,0,1,1,1,5.0,0.5,357.5,625,1001,0,0.35,0,-0.9;
custom,cuboid,stone10,1,5,50,0,1,1,1,5.0,0.5,190,625,1431.5,0,0,0,0;
custom,cuboid,stone10,1,5,50,0,1,1,1,5.0,0.5,95,625,1431.5,0,0,0,0;
custom,arc180,stone10,20,10,20,0,1,1,1,1.0,1.0,53,625,1700,0,0.5,0,0.5;
custom,startCuboid,default,9.5,5,1,0,1,1,1,0.95,0.5,47.5,625,1676,0,0,0,0;
custom,endCuboid,default,9.5,5,1,0,1,1,1,0.95,0.5,47.5,625,1676,0,0,0,0;
racing,checkpointCuboid,9.5,5,1,-47.5,625,1500,0,0,0,0;
racing,checkpointCuboid,9.5,5,1,47.5,625,-300,0,0,0,0;
custom,cuboid,stone10,28.5,5,1,0,1,1,1,0.95,0.5,47.5,625,-700,0,0,0,0;
racing,killCuboid,1,5,16,190,625,-620,0,0,0,0;
racing,killCuboid,1,5,16,-95,625,-620,0,0,0,0;
custom,endCuboid,default,1,5,16,0,1,1,1,5.0,0.5,190,625,-620,0,0,0,0;
custom,endCuboid,default,1,5,16,0,1,1,1,5.0,0.5,-95,625,-620,0,0,0,0;
kill=6;
racing,killCuboid,100,2,5,47.5,640,350,0,0,0,0;
racing,killCuboid,100,1,5,47.5,605,350,0,0,0,0;
racing,killCuboid,100,1,5,47.5,645,400,0,0,0,0;
racing,killCuboid,100,2,5,47.5,610,400,0,0,0,0;
racing,killCuboid,100,2,5,47.5,640,450,0,0,0,0;
racing,killCuboid,100,1,5,47.5,605,450,0,0,0,0;
racing,killCuboid,100,3,5,47.5,635,500,0,0,0,0;
racing,killCuboid,100,2,5,47.5,640,550,0,0,0,0;
racing,killCuboid,100,1,5,47.5,605,550,0,0,0,0;
racing,killCuboid,100,1,5,47.5,645,600,0,0,0,0;
racing,killCuboid,100,2,5,47.5,610,600,0,0,0,0;
racing,killCuboid,100,3,5,47.5,615,650,0,0,0,0;
racing,killCuboid,100,1,5,47.5,645,700,0,0,0,0;
racing,killCuboid,100,2,5,47.5,610,700,0,0,0,0;
racing,killCuboid,100,2,5,47.5,640,750,0,0,0,0;
racing,killCuboid,100,1,5,47.5,605,750,0,0,0,0;
racing,killCuboid,100,3,5,47.5,635,800,0,0,0,0;
custom,endCuboid,default,100,2,5,0,1,1,1,5.0,0.5,47.5,640,350,0,0,0,0;
custom,endCuboid,default,100,1,5,0,1,1,1,5.0,0.5,47.5,605,350,0,0,0,0;
custom,endCuboid,default,100,1,5,0,1,1,1,5.0,0.5,47.5,645,400,0,0,0,0;
custom,endCuboid,default,100,2,5,0,1,1,1,5.0,0.5,47.5,610,400,0,0,0,0;
custom,endCuboid,default,100,2,5,0,1,1,1,5.0,0.5,47.5,640,450,0,0,0,0;
custom,endCuboid,default,100,1,5,0,1,1,1,5.0,0.5,47.5,605,450,0,0,0,0;
custom,endCuboid,default,100,3,5,0,1,1,1,5.0,0.5,47.5,635,500,0,0,0,0;
custom,endCuboid,default,100,2,5,0,1,1,1,5.0,0.5,47.5,640,550,0,0,0,0;
custom,endCuboid,default,100,1,5,0,1,1,1,5.0,0.5,47.5,605,550,0,0,0,0;
custom,endCuboid,default,100,1,5,0,1,1,1,5.0,0.5,47.5,645,600,0,0,0,0;
custom,endCuboid,default,100,2,5,0,1,1,1,5.0,0.5,47.5,610,600,0,0,0,0;
custom,endCuboid,default,100,3,5,0,1,1,1,5.0,0.5,47.5,615,650,0,0,0,0;
custom,endCuboid,default,100,1,5,0,1,1,1,5.0,0.5,47.5,645,700,0,0,0,0;
custom,endCuboid,default,100,2,5,0,1,1,1,5.0,0.5,47.5,610,700,0,0,0,0;
custom,endCuboid,default,100,2,5,0,1,1,1,5.0,0.5,47.5,640,750,0,0,0,0;
custom,endCuboid,default,100,1,5,0,1,1,1,5.0,0.5,47.5,605,750,0,0,0,0;
custom,endCuboid,default,100,3,5,0,1,1,1,5.0,0.5,47.5,635,800,0,0,0,0;
Titan=6;
custom,cuboid,stone10,5,0.1,0.1,0,1,1,1,0.95,0.5,47.5,615,1636,0,0,0,0;
custom,cuboid,stone10,5,0.1,0.1,0,1,1,1,0.95,0.5,47.5,615,1586,0,0,0,0;
custom,cuboid,stone10,0.1,0.1,5,0,1,1,1,0.95,0.5,22.5,615,1611,0,0,0,0;
custom,cuboid,stone10,0.1,0.1,5,0,1,1,1,0.95,0.5,72.5,615,1611,0,0,0,0;
custom,cuboid,stone10,5,0.1,0.1,0,1,1,1,0.95,0.5,47.5,635,1636,0,0,0,0;
custom,cuboid,stone10,5,0.1,0.1,0,1,1,1,0.95,0.5,47.5,635,1586,0,0,0,0;
custom,cuboid,stone10,0.1,0.1,5,0,1,1,1,0.95,0.5,22.5,635,1611,0,0,0,0;
custom,cuboid,stone10,0.1,0.1,5,0,1,1,1,0.95,0.5,72.5,635,1611,0,0,0,0;
misc,region,6,10,10,10,47.5,625,1611,0,0,0,1;
1=7;
racing,checkpointCuboid,1,1,1,-47.5,710,-482,0,0,0,0;
custom,cuboid,stone10,990,1,990,0,1,1,1,100.0,100.0,-47.5,696,-482.5,0,0,0,0;
custom,cuboid,stone10,990,1,990,0,1,1,1,100.0,100.0,-47.5,754,-482.5,0,0,0,0;
racing,killCuboid,990,0.5,990,-47.5,696,-482.5,0,0,0,0;
racing,killCuboid,990,0.5,990,-47.5,754,-482.5,0,0,0,0;
custom,cuboid,stone10,1,5,50,0,1,1,1,5.0,0.5,0,725,-290,0,0,0,0;
custom,cuboid,stone10,1,5,50,0,1,1,1,5.0,0.5,-95,725,-290,0,0,0,0;
custom,cuboid,stone10,9.5,5,1,0,1,1,1,0.95,0.5,-47.5,725,-540,0,0,0,0;
custom,cuboid,stone10,1,5,50,0,1,1,1,5.0,0.5,-167.5,725,140.5,0,0.35,0,-0.9;
custom,cuboid,stone10,1,5,50,0,1,1,1,5.0,0.5,-262.5,725,140.5,0,0.35,0,-0.9;
custom,cuboid,stone10,1,5,50,0,1,1,1,5.0,0.5,-335,725,570.5,0,0,0,0;
custom,cuboid,stone10,1,5,50,0,1,1,1,5.0,0.5,-430,725,570.5,0,0,0,0;
custom,cuboid,stone10,1,5,50,0,1,1,1,5.0,0.5,-167.5,725,1001,0,0.35,0,0.9;
custom,cuboid,stone10,1,5,50,0,1,1,1,5.0,0.5,-262.5,725,1001,0,0.35,0,0.9;
custom,cuboid,stone10,1,5,50,0,1,1,1,5.0,0.5,0,725,1431.5,0,0,0,0;
custom,cuboid,stone10,1,5,50,0,1,1,1,5.0,0.5,-95,725,1431.5,0,0,0,0;
custom,cuboid,stone10,1,5,50,0,1,1,1,5.0,0.5,190,725,-290,0,0,0,0;
custom,cuboid,stone10,1,5,50,0,1,1,1,5.0,0.5,95,725,-290,0,0,0,0;
custom,cuboid,stone10,1,5,50,0,1,1,1,5.0,0.5,262.5,725,140.5,0,0.35,0,0.9;
custom,cuboid,stone10,1,5,50,0,1,1,1,5.0,0.5,357.5,725,140.5,0,0.35,0,0.9;
custom,cuboid,stone10,1,5,50,0,1,1,1,5.0,0.5,430,725,570.5,0,0,0,0;
custom,cuboid,stone10,1,5,50,0,1,1,1,5.0,0.5,525,725,570.5,0,0,0,0;
custom,cuboid,stone10,1,5,50,0,1,1,1,5.0,0.5,262.5,725,1001,0,0.35,0,-0.9;
custom,cuboid,stone10,1,5,50,0,1,1,1,5.0,0.5,357.5,725,1001,0,0.35,0,-0.9;
custom,cuboid,stone10,1,5,50,0,1,1,1,5.0,0.5,190,725,1431.5,0,0,0,0;
custom,cuboid,stone10,1,5,50,0,1,1,1,5.0,0.5,95,725,1431.5,0,0,0,0;
custom,arc180,stone10,20,10,20,0,1,1,1,1.0,1.0,53,725,1700,0,0.5,0,0.5;
custom,startCuboid,default,9.5,5,1,0,1,1,1,0.95,0.5,47.5,725,1676,0,0,0,0;
custom,endCuboid,default,9.5,5,1,0,1,1,1,0.95,0.5,47.5,725,1676,0,0,0,0;
racing,checkpointCuboid,9.5,5,1,-47.5,725,1500,0,0,0,0;
racing,checkpointCuboid,9.5,5,1,47.5,725,-300,0,0,0,0;
custom,cuboid,stone10,28.5,5,1,0,1,1,1,0.95,0.5,47.5,725,-700,0,0,0,0;
racing,killCuboid,1,5,16,190,725,-620,0,0,0,0;
racing,killCuboid,1,5,16,-95,725,-620,0,0,0,0;
custom,endCuboid,default,1,5,16,0,1,1,1,5.0,0.5,190,725,-620,0,0,0,0;
custom,endCuboid,default,1,5,16,0,1,1,1,5.0,0.5,-95,725,-620,0,0,0,0;
kill=7;
racing,killCuboid,100,4,1,47.5,730,350,0,0,0,0;
racing,killCuboid,100,1,2,47.5,715,365,0,0,0,0;
racing,killCuboid,100,1,2,47.5,735,385,0,0,0,0;
racing,killCuboid,100,4,1,47.5,720,400,0,0,0,0;
racing,killCuboid,100,4,1,47.5,730,450,0,0,0,0;
racing,killCuboid,100,1,3,47.5,715,470,0,0,0,0;
racing,killCuboid,100,1,3,47.5,735,480,0,0,0,0;
racing,killCuboid,100,4,1,47.5,720,500,0,0,0,0;
racing,killCuboid,100,4,1,47.5,730,600,0,0,0,0;
racing,killCuboid,100,1,13,47.5,715,670,0,0,0,0;
racing,killCuboid,100,1,13,47.5,735,680,0,0,0,0;
racing,killCuboid,100,4,1,47.5,720,750,0,0,0,0;
custom,endCuboid,default,100,4,1,0,1,1,1,5.0,0.5,47.5,730,350,0,0,0,0;
custom,endCuboid,default,100,1,2,0,1,1,1,5.0,0.5,47.5,715,365,0,0,0,0;
custom,endCuboid,default,100,1,2,0,1,1,1,5.0,0.5,47.5,735,385,0,0,0,0;
custom,endCuboid,default,100,4,1,0,1,1,1,5.0,0.5,47.5,720,400,0,0,0,0;
custom,endCuboid,default,100,4,1,0,1,1,1,5.0,0.5,47.5,730,450,0,0,0,0;
custom,endCuboid,default,100,1,3,0,1,1,1,5.0,0.5,47.5,715,470,0,0,0,0;
custom,endCuboid,default,100,1,3,0,1,1,1,5.0,0.5,47.5,735,480,0,0,0,0;
custom,endCuboid,default,100,4,1,0,1,1,1,5.0,0.5,47.5,720,500,0,0,0,0;
custom,endCuboid,default,100,4,1,0,1,1,1,5.0,0.5,47.5,730,600,0,0,0,0;
custom,endCuboid,default,100,1,13,0,1,1,1,5.0,0.5,47.5,715,670,0,0,0,0;
custom,endCuboid,default,100,1,13,0,1,1,1,5.0,0.5,47.5,735,680,0,0,0,0;
custom,endCuboid,default,100,4,1,0,1,1,1,5.0,0.5,47.5,720,750,0,0,0,0;
Titan=7;
custom,cuboid,stone10,5,0.1,0.1,0,1,1,1,0.95,0.5,47.5,715,1636,0,0,0,0;
custom,cuboid,stone10,5,0.1,0.1,0,1,1,1,0.95,0.5,47.5,715,1586,0,0,0,0;
custom,cuboid,stone10,0.1,0.1,5,0,1,1,1,0.95,0.5,22.5,715,1611,0,0,0,0;
custom,cuboid,stone10,0.1,0.1,5,0,1,1,1,0.95,0.5,72.5,715,1611,0,0,0,0;
custom,cuboid,stone10,5,0.1,0.1,0,1,1,1,0.95,0.5,47.5,735,1636,0,0,0,0;
custom,cuboid,stone10,5,0.1,0.1,0,1,1,1,0.95,0.5,47.5,735,1586,0,0,0,0;
custom,cuboid,stone10,0.1,0.1,5,0,1,1,1,0.95,0.5,22.5,735,1611,0,0,0,0;
custom,cuboid,stone10,0.1,0.1,5,0,1,1,1,0.95,0.5,72.5,735,1611,0,0,0,0;
misc,region,7,10,10,10,47.5,725,1611,0,0,0,1;
1=8;
racing,checkpointCuboid,1,1,1,-47.5,810,-482,0,0,0,0;
custom,cuboid,stone10,990,1,990,0,1,1,1,100.0,100.0,-47.5,796,-482.5,0,0,0,0;
custom,cuboid,stone10,990,1,990,0,1,1,1,100.0,100.0,-47.5,854,-482.5,0,0,0,0;
racing,killCuboid,990,0.5,990,-47.5,796,-482.5,0,0,0,0;
racing,killCuboid,990,0.5,990,-47.5,854,-482.5,0,0,0,0;
custom,cuboid,stone10,1,5,50,0,1,1,1,5.0,0.5,0,825,-290,0,0,0,0;
custom,cuboid,stone10,1,5,50,0,1,1,1,5.0,0.5,-95,825,-290,0,0,0,0;
custom,cuboid,stone10,9.5,5,1,0,1,1,1,0.95,0.5,-47.5,825,-540,0,0,0,0;
custom,cuboid,stone10,1,5,50,0,1,1,1,5.0,0.5,-167.5,825,140.5,0,0.35,0,-0.9;
custom,cuboid,stone10,1,5,50,0,1,1,1,5.0,0.5,-262.5,825,140.5,0,0.35,0,-0.9;
custom,cuboid,stone10,1,5,50,0,1,1,1,5.0,0.5,-335,825,570.5,0,0,0,0;
custom,cuboid,stone10,1,5,50,0,1,1,1,5.0,0.5,-430,825,570.5,0,0,0,0;
custom,cuboid,stone10,1,5,50,0,1,1,1,5.0,0.5,-167.5,825,1001,0,0.35,0,0.9;
custom,cuboid,stone10,1,5,50,0,1,1,1,5.0,0.5,-262.5,825,1001,0,0.35,0,0.9;
custom,cuboid,stone10,1,5,50,0,1,1,1,5.0,0.5,0,825,1431.5,0,0,0,0;
custom,cuboid,stone10,1,5,50,0,1,1,1,5.0,0.5,-95,825,1431.5,0,0,0,0;
custom,cuboid,stone10,1,5,50,0,1,1,1,5.0,0.5,190,825,-290,0,0,0,0;
custom,cuboid,stone10,1,5,50,0,1,1,1,5.0,0.5,95,825,-290,0,0,0,0;
custom,cuboid,stone10,1,5,50,0,1,1,1,5.0,0.5,262.5,825,140.5,0,0.35,0,0.9;
custom,cuboid,stone10,1,5,50,0,1,1,1,5.0,0.5,357.5,825,140.5,0,0.35,0,0.9;
custom,cuboid,stone10,1,5,50,0,1,1,1,5.0,0.5,430,825,570.5,0,0,0,0;
custom,cuboid,stone10,1,5,50,0,1,1,1,5.0,0.5,525,825,570.5,0,0,0,0;
custom,cuboid,stone10,1,5,50,0,1,1,1,5.0,0.5,262.5,825,1001,0,0.35,0,-0.9;
custom,cuboid,stone10,1,5,50,0,1,1,1,5.0,0.5,357.5,825,1001,0,0.35,0,-0.9;
custom,cuboid,stone10,1,5,50,0,1,1,1,5.0,0.5,190,825,1431.5,0,0,0,0;
custom,cuboid,stone10,1,5,50,0,1,1,1,5.0,0.5,95,825,1431.5,0,0,0,0;
custom,arc180,stone10,20,10,20,0,1,1,1,1.0,1.0,53,825,1700,0,0.5,0,0.5;
custom,startCuboid,default,9.5,5,1,0,1,1,1,0.95,0.5,47.5,825,1676,0,0,0,0;
custom,endCuboid,default,9.5,5,1,0,1,1,1,0.95,0.5,47.5,825,1676,0,0,0,0;
racing,checkpointCuboid,9.5,5,1,-47.5,825,1500,0,0,0,0;
racing,checkpointCuboid,9.5,5,1,47.5,825,-300,0,0,0,0;
custom,cuboid,stone10,28.5,5,1,0,1,1,1,0.95,0.5,47.5,825,-700,0,0,0,0;
racing,killCuboid,1,5,16,190,825,-620,0,0,0,0;
racing,killCuboid,1,5,16,-95,825,-620,0,0,0,0;
custom,endCuboid,default,1,5,16,0,1,1,1,5.0,0.5,190,825,-620,0,0,0,0;
custom,endCuboid,default,1,5,16,0,1,1,1,5.0,0.5,-95,825,-620,0,0,0,0;
kill=8;
racing,killCuboid,100,6,1,47.5,815,370,0.5,0,0,1;
racing,killCuboid,100,6,1,47.5,827,430,0.5,0,0,1;
racing,killCuboid,100,6,1,47.5,815,470,0.5,0,0,1;
racing,killCuboid,100,6,1,47.5,827,530,0.5,0,0,1;
racing,killCuboid,100,6,1,47.5,827,630,1,0,0,0.5;
racing,killCuboid,100,6,1,47.5,815,690,1,0,0,0.5;
racing,killCuboid,100,6,1,47.5,827,730,1,0,0,0.5;
racing,killCuboid,100,6,1,47.5,815,790,1,0,0,0.5;
custom,endCuboid,default,100,6,1,0,1,1,1,5.0,0.5,47.5,815,370,0.5,0,0,1;
custom,endCuboid,default,100,6,1,0,1,1,1,5.0,0.5,47.5,827,430,0.5,0,0,1;
custom,endCuboid,default,100,6,1,0,1,1,1,5.0,0.5,47.5,815,470,0.5,0,0,1;
custom,endCuboid,default,100,6,1,0,1,1,1,5.0,0.5,47.5,827,530,0.5,0,0,1;
custom,endCuboid,default,100,6,1,0,1,1,1,5.0,0.5,47.5,827,630,1,0,0,0.5;
custom,endCuboid,default,100,6,1,0,1,1,1,5.0,0.5,47.5,815,690,1,0,0,0.5;
custom,endCuboid,default,100,6,1,0,1,1,1,5.0,0.5,47.5,827,730,1,0,0,0.5;
custom,endCuboid,default,100,6,1,0,1,1,1,5.0,0.5,47.5,815,790,1,0,0,0.5;
Titan=8;
custom,cuboid,stone10,5,0.1,0.1,0,1,1,1,0.95,0.5,47.5,815,1636,0,0,0,0;
custom,cuboid,stone10,5,0.1,0.1,0,1,1,1,0.95,0.5,47.5,815,1586,0,0,0,0;
custom,cuboid,stone10,0.1,0.1,5,0,1,1,1,0.95,0.5,22.5,815,1611,0,0,0,0;
custom,cuboid,stone10,0.1,0.1,5,0,1,1,1,0.95,0.5,72.5,815,1611,0,0,0,0;
custom,cuboid,stone10,5,0.1,0.1,0,1,1,1,0.95,0.5,47.5,835,1636,0,0,0,0;
custom,cuboid,stone10,5,0.1,0.1,0,1,1,1,0.95,0.5,47.5,835,1586,0,0,0,0;
custom,cuboid,stone10,0.1,0.1,5,0,1,1,1,0.95,0.5,22.5,835,1611,0,0,0,0;
custom,cuboid,stone10,0.1,0.1,5,0,1,1,1,0.95,0.5,72.5,835,1611,0,0,0,0;
misc,region,8,10,10,10,47.5,825,1611,0,0,0,1;
1=9;
racing,checkpointCuboid,1,1,1,-47.5,910,-482,0,0,0,0;
custom,cuboid,stone10,990,1,990,0,1,1,1,100.0,100.0,-47.5,896,-482.5,0,0,0,0;
custom,cuboid,stone10,990,1,990,0,1,1,1,100.0,100.0,-47.5,954,-482.5,0,0,0,0;
racing,killCuboid,990,0.5,990,-47.5,896,-482.5,0,0,0,0;
racing,killCuboid,990,0.5,990,-47.5,954,-482.5,0,0,0,0;
custom,cuboid,stone10,1,5,50,0,1,1,1,5.0,0.5,0,925,-290,0,0,0,0;
custom,cuboid,stone10,1,5,50,0,1,1,1,5.0,0.5,-95,925,-290,0,0,0,0;
custom,cuboid,stone10,9.5,5,1,0,1,1,1,0.95,0.5,-47.5,925,-540,0,0,0,0;
custom,cuboid,stone10,1,5,50,0,1,1,1,5.0,0.5,-167.5,925,140.5,0,0.35,0,-0.9;
custom,cuboid,stone10,1,5,50,0,1,1,1,5.0,0.5,-262.5,925,140.5,0,0.35,0,-0.9;
custom,cuboid,stone10,1,5,50,0,1,1,1,5.0,0.5,-335,925,570.5,0,0,0,0;
custom,cuboid,stone10,1,5,50,0,1,1,1,5.0,0.5,-430,925,570.5,0,0,0,0;
custom,cuboid,stone10,1,5,50,0,1,1,1,5.0,0.5,-167.5,925,1001,0,0.35,0,0.9;
custom,cuboid,stone10,1,5,50,0,1,1,1,5.0,0.5,-262.5,925,1001,0,0.35,0,0.9;
custom,cuboid,stone10,1,5,50,0,1,1,1,5.0,0.5,0,925,1431.5,0,0,0,0;
custom,cuboid,stone10,1,5,50,0,1,1,1,5.0,0.5,-95,925,1431.5,0,0,0,0;
custom,cuboid,stone10,1,5,50,0,1,1,1,5.0,0.5,190,925,-290,0,0,0,0;
custom,cuboid,stone10,1,5,50,0,1,1,1,5.0,0.5,95,925,-290,0,0,0,0;
custom,cuboid,stone10,1,5,50,0,1,1,1,5.0,0.5,262.5,925,140.5,0,0.35,0,0.9;
custom,cuboid,stone10,1,5,50,0,1,1,1,5.0,0.5,357.5,925,140.5,0,0.35,0,0.9;
custom,cuboid,stone10,1,5,50,0,1,1,1,5.0,0.5,430,925,570.5,0,0,0,0;
custom,cuboid,stone10,1,5,50,0,1,1,1,5.0,0.5,525,925,570.5,0,0,0,0;
custom,cuboid,stone10,1,5,50,0,1,1,1,5.0,0.5,262.5,925,1001,0,0.35,0,-0.9;
custom,cuboid,stone10,1,5,50,0,1,1,1,5.0,0.5,357.5,925,1001,0,0.35,0,-0.9;
custom,cuboid,stone10,1,5,50,0,1,1,1,5.0,0.5,190,925,1431.5,0,0,0,0;
custom,cuboid,stone10,1,5,50,0,1,1,1,5.0,0.5,95,925,1431.5,0,0,0,0;
custom,arc180,stone10,20,10,20,0,1,1,1,1.0,1.0,53,925,1700,0,0.5,0,0.5;
custom,startCuboid,default,9.5,5,1,0,1,1,1,0.95,0.5,47.5,925,1676,0,0,0,0;
custom,endCuboid,default,9.5,5,1,0,1,1,1,0.95,0.5,47.5,925,1676,0,0,0,0;
racing,checkpointCuboid,9.5,5,1,-47.5,925,1500,0,0,0,0;
racing,checkpointCuboid,9.5,5,1,47.5,925,-300,0,0,0,0;
custom,cuboid,stone10,28.5,5,1,0,1,1,1,0.95,0.5,47.5,925,-700,0,0,0,0;
racing,killCuboid,1,5,16,190,925,-620,0,0,0,0;
racing,killCuboid,1,5,16,-95,925,-620,0,0,0,0;
custom,endCuboid,default,1,5,16,0,1,1,1,5.0,0.5,190,925,-620,0,0,0,0;
custom,endCuboid,default,1,5,16,0,1,1,1,5.0,0.5,-95,925,-620,0,0,0,0;
kill=9;
custom,killCuboid,default,3,5,1,0,1,1,1,5.0,0.5,475,925,350,0,0,0,0;
custom,killCuboid,default,3,5,1,0,1,1,1,5.0,0.5,505,925,400,0,0,0,0;
custom,killCuboid,default,3,5,1,0,1,1,1,5.0,0.5,450,925,450,0,0,0,0;
custom,killCuboid,default,1,5,1,0,1,1,1,5.0,0.5,500,925,500,0,0,0,0;
custom,killCuboid,default,1,5,1,0,1,1,1,5.0,0.5,495,925,510,0,0,0,0;
custom,killCuboid,default,1,5,1,0,1,1,1,5.0,0.5,490,925,520,0,0,0,0;
custom,killCuboid,default,1,5,1,0,1,1,1,5.0,0.5,485,925,530,0,0,0,0;
custom,killCuboid,default,1,5,1,0,1,1,1,5.0,0.5,480,925,540,0,0,0,0;
custom,killCuboid,default,1,5,1,0,1,1,1,5.0,0.5,475,925,550,0,0,0,0;
custom,killCuboid,default,1,5,1,0,1,1,1,5.0,0.5,470,925,560,0,0,0,0;
custom,killCuboid,default,1,5,1,0,1,1,1,5.0,0.5,465,925,570,0,0,0,0;
racing,killPlane,3,5,5,505,925,350,0.5,0,0,-0.5;
racing,killPlane,3,5,5,445,925,350,0.5,0,0,-0.5;
racing,killPlane,6,5,5,460,925,400,0.5,0,0,-0.5;
racing,killPlane,6,5,5,495,925,450,0.5,0,0,-0.5;
racing,killPlane,2,5,5,515,925,500,0.5,0,0,-0.5;
racing,killPlane,6,5,5,465,925,500,0.5,0,0,-0.5;
racing,killPlane,2.5,5,5,512.5,925,510,0.5,0,0,-0.5;
racing,killPlane,5.5,5,5,462.5,925,510,0.5,0,0,-0.5;
racing,killPlane,3,5,5,510,925,520,0.5,0,0,-0.5;
racing,killPlane,5,5,5,460,925,520,0.5,0,0,-0.5;
racing,killPlane,3.5,5,5,507.5,925,530,0.5,0,0,-0.5;
racing,killPlane,4.5,5,5,457.5,925,530,0.5,0,0,-0.5;
racing,killPlane,4,5,5,505,925,540,0.5,0,0,-0.5;
racing,killPlane,4,5,5,455,925,540,0.5,0,0,-0.5;
racing,killPlane,4.5,5,5,502.5,925,550,0.5,0,0,-0.5;
racing,killPlane,3.5,5,5,452.5,925,550,0.5,0,0,-0.5;
racing,killPlane,5,5,5,500,925,560,0.5,0,0,-0.5;
racing,killPlane,3,5,5,450,925,560,0.5,0,0,-0.5;
racing,killPlane,5.5,5,5,497.5,925,570,0.5,0,0,-0.5;
racing,killPlane,2.5,5,5,447.5,925,570,0.5,0,0,-0.5;
custom,endPlane,default,3,5,5,0,1,1,1,5.0,0.5,505,925,350,0.5,0,0,-0.5;
custom,endPlane,default,3,5,5,0,1,1,1,5.0,0.5,445,925,350,0.5,0,0,-0.5;
custom,endPlane,default,6,5,5,0,1,1,1,5.0,0.5,460,925,400,0.5,0,0,-0.5;
custom,endPlane,default,6,5,5,0,1,1,1,5.0,0.5,495,925,450,0.5,0,0,-0.5;
custom,endPlane,default,2,5,5,0,1,1,1,5.0,0.5,515,925,500,0.5,0,0,-0.5;
custom,endPlane,default,6,5,5,0,1,1,1,5.0,0.5,465,925,500,0.5,0,0,-0.5;
custom,endPlane,default,2.5,5,5,0,1,1,1,5.0,0.5,512.5,925,510,0.5,0,0,-0.5;
custom,endPlane,default,5.5,5,5,0,1,1,1,5.0,0.5,462.5,925,510,0.5,0,0,-0.5;
custom,endPlane,default,3,5,5,0,1,1,1,5.0,0.5,510,925,520,0.5,0,0,-0.5;
custom,endPlane,default,5,5,5,0,1,1,1,5.0,0.5,460,925,520,0.5,0,0,-0.5;
custom,endPlane,default,3.5,5,5,0,1,1,1,5.0,0.5,507.5,925,530,0.5,0,0,-0.5;
custom,endPlane,default,4.5,5,5,0,1,1,1,5.0,0.5,457.5,925,530,0.5,0,0,-0.5;
custom,endPlane,default,4,5,5,0,1,1,1,5.0,0.5,505,925,540,0.5,0,0,-0.5;
custom,endPlane,default,4,5,5,0,1,1,1,5.0,0.5,455,925,540,0.5,0,0,-0.5;
custom,endPlane,default,4.5,5,5,0,1,1,1,5.0,0.5,502.5,925,550,0.5,0,0,-0.5;
custom,endPlane,default,3.5,5,5,0,1,1,1,5.0,0.5,452.5,925,550,0.5,0,0,-0.5;
custom,endPlane,default,5,5,5,0,1,1,1,5.0,0.5,500,925,560,0.5,0,0,-0.5;
custom,endPlane,default,3,5,5,0,1,1,1,5.0,0.5,450,925,560,0.5,0,0,-0.5;
custom,endPlane,default,5.5,5,5,0,1,1,1,5.0,0.5,497.5,925,570,0.5,0,0,-0.5;
custom,endPlane,default,2.5,5,5,0,1,1,1,5.0,0.5,447.5,925,570,0.5,0,0,-0.5;
custom,killCuboid,default,3,5,1,0,1,1,1,5.0,0.5,-380,925,350,0,0,0,0;
custom,killCuboid,default,3,5,1,0,1,1,1,5.0,0.5,-410,925,400,0,0,0,0;
custom,killCuboid,default,3,5,1,0,1,1,1,5.0,0.5,-355,925,450,0,0,0,0;
custom,killCuboid,default,1,5,1,0,1,1,1,5.0,0.5,-405,925,500,0,0,0,0;
custom,killCuboid,default,1,5,1,0,1,1,1,5.0,0.5,-400,925,510,0,0,0,0;
custom,killCuboid,default,1,5,1,0,1,1,1,5.0,0.5,-395,925,520,0,0,0,0;
custom,killCuboid,default,1,5,1,0,1,1,1,5.0,0.5,-390,925,530,0,0,0,0;
custom,killCuboid,default,1,5,1,0,1,1,1,5.0,0.5,-385,925,540,0,0,0,0;
custom,killCuboid,default,1,5,1,0,1,1,1,5.0,0.5,-380,925,550,0,0,0,0;
custom,killCuboid,default,1,5,1,0,1,1,1,5.0,0.5,-375,925,560,0,0,0,0;
custom,killCuboid,default,1,5,1,0,1,1,1,5.0,0.5,-370,925,570,0,0,0,0;
racing,killPlane,3,5,5,-410,925,350,0.5,0,0,0.5;
racing,killPlane,3,5,5,-350,925,350,0.5,0,0,0.5;
racing,killPlane,6,5,5,-365,925,400,0.5,0,0,0.5;
racing,killPlane,6,5,5,-400,925,450,0.5,0,0,0.5;
racing,killPlane,2,5,5,-420,925,500,0.5,0,0,0.5;
racing,killPlane,6,5,5,-370,925,500,0.5,0,0,0.5;
racing,killPlane,2.5,5,5,-417.5,925,510,0.5,0,0,0.5;
racing,killPlane,5.5,5,5,-367.5,925,510,0.5,0,0,0.5;
racing,killPlane,3,5,5,-415,925,520,0.5,0,0,0.5;
racing,killPlane,5,5,5,-365,925,520,0.5,0,0,0.5;
racing,killPlane,3.5,5,5,-412.5,925,530,0.5,0,0,0.5;
racing,killPlane,4.5,5,5,-362.5,925,530,0.5,0,0,0.5;
racing,killPlane,4,5,5,-410,925,540,0.5,0,0,0.5;
racing,killPlane,4,5,5,-360,925,540,0.5,0,0,0.5;
racing,killPlane,4.5,5,5,-407.5,925,550,0.5,0,0,0.5;
racing,killPlane,3.5,5,5,-357.5,925,550,0.5,0,0,0.5;
racing,killPlane,5,5,5,-405,925,560,0.5,0,0,0.5;
racing,killPlane,3,5,5,-355,925,560,0.5,0,0,0.5;
racing,killPlane,5.5,5,5,-402.5,925,570,0.5,0,0,0.5;
racing,killPlane,2.5,5,5,-352.5,925,570,0.5,0,0,0.5;
custom,endPlane,default,3,5,5,0,1,1,1,5.0,0.5,-410,925,350,0.5,0,0,0.5;
custom,endPlane,default,3,5,5,0,1,1,1,5.0,0.5,-350,925,350,0.5,0,0,0.5;
custom,endPlane,default,6,5,5,0,1,1,1,5.0,0.5,-365,925,400,0.5,0,0,0.5;
custom,endPlane,default,6,5,5,0,1,1,1,5.0,0.5,-400,925,450,0.5,0,0,0.5;
custom,endPlane,default,2,5,5,0,1,1,1,5.0,0.5,-420,925,500,0.5,0,0,0.5;
custom,endPlane,default,6,5,5,0,1,1,1,5.0,0.5,-370,925,500,0.5,0,0,0.5;
custom,endPlane,default,2.5,5,5,0,1,1,1,5.0,0.5,-417.5,925,510,0.5,0,0,0.5;
custom,endPlane,default,5.5,5,5,0,1,1,1,5.0,0.5,-367.5,925,510,0.5,0,0,0.5;
custom,endPlane,default,3,5,5,0,1,1,1,5.0,0.5,-415,925,520,0.5,0,0,0.5;
custom,endPlane,default,5,5,5,0,1,1,1,5.0,0.5,-365,925,520,0.5,0,0,0.5;
custom,endPlane,default,3.5,5,5,0,1,1,1,5.0,0.5,-412.5,925,530,0.5,0,0,0.5;
custom,endPlane,default,4.5,5,5,0,1,1,1,5.0,0.5,-362.5,925,530,0.5,0,0,0.5;
custom,endPlane,default,4,5,5,0,1,1,1,5.0,0.5,-410,925,540,0.5,0,0,0.5;
custom,endPlane,default,4,5,5,0,1,1,1,5.0,0.5,-360,925,540,0.5,0,0,0.5;
custom,endPlane,default,4.5,5,5,0,1,1,1,5.0,0.5,-407.5,925,550,0.5,0,0,0.5;
custom,endPlane,default,3.5,5,5,0,1,1,1,5.0,0.5,-357.5,925,550,0.5,0,0,0.5;
custom,endPlane,default,5,5,5,0,1,1,1,5.0,0.5,-405,925,560,0.5,0,0,0.5;
custom,endPlane,default,3,5,5,0,1,1,1,5.0,0.5,-355,925,560,0.5,0,0,0.5;
custom,endPlane,default,5.5,5,5,0,1,1,1,5.0,0.5,-402.5,925,570,0.5,0,0,0.5;
custom,endPlane,default,2.5,5,5,0,1,1,1,5.0,0.5,-352.5,925,570,0.5,0,0,0.5;
custom,killCuboid,default,3,5,1,0,1,1,1,5.0,0.5,-300,925,350,0,0,0,0;
custom,killCuboid,default,3,5,1,0,1,1,1,5.0,0.5,395,925,350,0,0,0,0;
custom,killCuboid,default,3,5,1,0,1,1,1,5.0,0.5,47.5,925,400,0,0,0,0;
custom,killCuboid,default,3,5,1,0,1,1,1,5.0,0.5,-200,925,450,0,0,0,0;
custom,killCuboid,default,3,5,1,0,1,1,1,5.0,0.5,295,925,450,0,0,0,0;
custom,killCuboid,default,3,5,1,0,1,1,1,5.0,0.5,47.5,925,500,0,0,0,0;
custom,killCuboid,default,3,5,1,0,1,1,1,5.0,0.5,-100,925,550,0,0,0,0;
custom,killCuboid,default,3,5,1,0,1,1,1,5.0,0.5,195,925,550,0,0,0,0;
custom,killCuboid,default,3,5,1,0,1,1,1,5.0,0.5,47.5,925,600,0,0,0,0;
custom,killCuboid,default,3,5,1,0,1,1,1,5.0,0.5,-100,925,650,0,0,0,0;
custom,killCuboid,default,3,5,1,0,1,1,1,5.0,0.5,195,925,650,0,0,0,0;
custom,killCuboid,default,3,5,1,0,1,1,1,5.0,0.5,47.5,925,700,0,0,0,0;
custom,killCuboid,default,3,5,1,0,1,1,1,5.0,0.5,-200,925,750,0,0,0,0;
custom,killCuboid,default,3,5,1,0,1,1,1,5.0,0.5,295,925,750,0,0,0,0;
custom,killCuboid,default,3,5,1,0,1,1,1,5.0,0.5,47.5,925,800,0,0,0,0;
custom,killCuboid,default,3,5,1,0,1,1,1,5.0,0.5,-300,925,850,0,0,0,0;
custom,killCuboid,default,3,5,1,0,1,1,1,5.0,0.5,395,925,850,0,0,0,0;
racing,killPlane,2,5,5,-325,925,350,0.5,0,0,0.5;
racing,killPlane,2,5,5,420,925,350,0.5,0,0,0.5;
racing,killPlane,66.5,5,5,47.5,925,350,0.5,0,0,0.5;
racing,killPlane,12,5,5,-275,925,450,0.5,0,0,0.5;
racing,killPlane,12,5,5,370,925,450,0.5,0,0,0.5;
racing,killPlane,46.5,5,5,47.5,925,450,0.5,0,0,0.5;
racing,killPlane,22,5,5,-225,925,550,0.5,0,0,0.5;
racing,killPlane,22,5,5,320,925,550,0.5,0,0,0.5;
racing,killPlane,26.5,5,5,47.5,925,550,0.5,0,0,0.5;
racing,killPlane,22,5,5,-225,925,650,0.5,0,0,0.5;
racing,killPlane,22,5,5,320,925,650,0.5,0,0,0.5;
racing,killPlane,26.5,5,5,47.5,925,650,0.5,0,0,0.5;
racing,killPlane,12,5,5,-275,925,750,0.5,0,0,0.5;
racing,killPlane,12,5,5,370,925,750,0.5,0,0,0.5;
racing,killPlane,46.5,5,5,47.5,925,750,0.5,0,0,0.5;
racing,killPlane,66.5,5,5,47.5,925,850,0.5,0,0,0.5;
custom,endPlane,default,2,5,5,0,1,1,1,5.0,0.5,-325,925,350,0.5,0,0,0.5;
custom,endPlane,default,2,5,5,0,1,1,1,5.0,0.5,420,925,350,0.5,0,0,0.5;
custom,endPlane,default,66.5,5,5,0,1,1,1,5.0,0.5,47.5,925,350,0.5,0,0,0.5;
custom,endPlane,default,12,5,5,0,1,1,1,5.0,0.5,-275,925,450,0.5,0,0,0.5;
custom,endPlane,default,12,5,5,0,1,1,1,5.0,0.5,370,925,450,0.5,0,0,0.5;
custom,endPlane,default,46.5,5,5,0,1,1,1,5.0,0.5,47.5,925,450,0.5,0,0,0.5;
custom,endPlane,default,22,5,5,0,1,1,1,5.0,0.5,-225,925,550,0.5,0,0,0.5;
custom,endPlane,default,22,5,5,0,1,1,1,5.0,0.5,320,925,550,0.5,0,0,0.5;
custom,endPlane,default,26.5,5,5,0,1,1,1,5.0,0.5,47.5,925,550,0.5,0,0,0.5;
custom,endPlane,default,22,5,5,0,1,1,1,5.0,0.5,-225,925,650,0.5,0,0,0.5;
custom,endPlane,default,22,5,5,0,1,1,1,5.0,0.5,320,925,650,0.5,0,0,0.5;
custom,endPlane,default,26.5,5,5,0,1,1,1,5.0,0.5,47.5,925,650,0.5,0,0,0.5;
custom,endPlane,default,12,5,5,0,1,1,1,5.0,0.5,-275,925,750,0.5,0,0,0.5;
custom,endPlane,default,12,5,5,0,1,1,1,5.0,0.5,370,925,750,0.5,0,0,0.5;
custom,endPlane,default,46.5,5,5,0,1,1,1,5.0,0.5,47.5,925,750,0.5,0,0,0.5;
custom,endPlane,default,66.5,5,5,0,1,1,1,5.0,0.5,47.5,925,850,0.5,0,0,0.5;
racing,killPlane,36.5,5,5,-150,925,400,0.5,0,0,0.5;
racing,killPlane,36.5,5,5,245,925,400,0.5,0,0,0.5;
racing,killPlane,36.5,5,5,-150,925,500,0.5,0,0,0.5;
racing,killPlane,36.5,5,5,245,925,500,0.5,0,0,0.5;
racing,killPlane,36.5,5,5,-150,925,600,0.5,0,0,0.5;
racing,killPlane,36.5,5,5,245,925,600,0.5,0,0,0.5;
racing,killPlane,36.5,5,5,-150,925,700,0.5,0,0,0.5;
racing,killPlane,36.5,5,5,245,925,700,0.5,0,0,0.5;
racing,killPlane,36.5,5,5,-150,925,800,0.5,0,0,0.5;
racing,killPlane,36.5,5,5,245,925,800,0.5,0,0,0.5;
custom,endPlane,default,36.5,5,5,0,1,1,1,5.0,0.5,-150,925,400,0.5,0,0,0.5;
custom,endPlane,default,36.5,5,5,0,1,1,1,5.0,0.5,245,925,400,0.5,0,0,0.5;
custom,endPlane,default,36.5,5,5,0,1,1,1,5.0,0.5,-150,925,500,0.5,0,0,0.5;
custom,endPlane,default,36.5,5,5,0,1,1,1,5.0,0.5,245,925,500,0.5,0,0,0.5;
custom,endPlane,default,36.5,5,5,0,1,1,1,5.0,0.5,-150,925,600,0.5,0,0,0.5;
custom,endPlane,default,36.5,5,5,0,1,1,1,5.0,0.5,245,925,600,0.5,0,0,0.5;
custom,endPlane,default,36.5,5,5,0,1,1,1,5.0,0.5,-150,925,700,0.5,0,0,0.5;
custom,endPlane,default,36.5,5,5,0,1,1,1,5.0,0.5,245,925,700,0.5,0,0,0.5;
custom,endPlane,default,36.5,5,5,0,1,1,1,5.0,0.5,-150,925,800,0.5,0,0,0.5;
custom,endPlane,default,36.5,5,5,0,1,1,1,5.0,0.5,245,925,800,0.5,0,0,0.5;
Titan=9;
custom,cuboid,stone10,5,0.1,0.1,0,1,1,1,0.95,0.5,47.5,915,1636,0,0,0,0;
custom,cuboid,stone10,5,0.1,0.1,0,1,1,1,0.95,0.5,47.5,915,1586,0,0,0,0;
custom,cuboid,stone10,0.1,0.1,5,0,1,1,1,0.95,0.5,22.5,915,1611,0,0,0,0;
custom,cuboid,stone10,0.1,0.1,5,0,1,1,1,0.95,0.5,72.5,915,1611,0,0,0,0;
custom,cuboid,stone10,5,0.1,0.1,0,1,1,1,0.95,0.5,47.5,935,1636,0,0,0,0;
custom,cuboid,stone10,5,0.1,0.1,0,1,1,1,0.95,0.5,47.5,935,1586,0,0,0,0;
custom,cuboid,stone10,0.1,0.1,5,0,1,1,1,0.95,0.5,22.5,935,1611,0,0,0,0;
custom,cuboid,stone10,0.1,0.1,5,0,1,1,1,0.95,0.5,72.5,935,1611,0,0,0,0;
misc,region,9,10,10,10,47.5,925,1611,0,0,0,1;
1=10;
racing,checkpointCuboid,1,1,1,-47.5,1010,-482,0,0,0,0;
custom,cuboid,stone10,990,1,990,0,1,1,1,100.0,100.0,-47.5,996,-482.5,0,0,0,0;
custom,cuboid,stone10,990,1,990,0,1,1,1,100.0,100.0,-47.5,1054,-482.5,0,0,0,0;
racing,killCuboid,990,0.5,990,-47.5,996,-482.5,0,0,0,0;
racing,killCuboid,990,0.5,990,-47.5,1054,-482.5,0,0,0,0;
custom,cuboid,stone10,1,5,50,0,1,1,1,5.0,0.5,0,1025,-290,0,0,0,0;
custom,cuboid,stone10,1,5,50,0,1,1,1,5.0,0.5,-95,1025,-290,0,0,0,0;
custom,cuboid,stone10,9.5,5,1,0,1,1,1,0.95,0.5,-47.5,1025,-540,0,0,0,0;
custom,cuboid,stone10,1,5,50,0,1,1,1,5.0,0.5,-167.5,1025,140.5,0,0.35,0,-0.9;
custom,cuboid,stone10,1,5,50,0,1,1,1,5.0,0.5,-262.5,1025,140.5,0,0.35,0,-0.9;
custom,cuboid,stone10,1,5,50,0,1,1,1,5.0,0.5,-335,1025,570.5,0,0,0,0;
custom,cuboid,stone10,1,5,50,0,1,1,1,5.0,0.5,-430,1025,570.5,0,0,0,0;
custom,cuboid,stone10,1,5,50,0,1,1,1,5.0,0.5,-167.5,1025,1001,0,0.35,0,0.9;
custom,cuboid,stone10,1,5,50,0,1,1,1,5.0,0.5,-262.5,1025,1001,0,0.35,0,0.9;
custom,cuboid,stone10,1,5,50,0,1,1,1,5.0,0.5,0,1025,1431.5,0,0,0,0;
custom,cuboid,stone10,1,5,50,0,1,1,1,5.0,0.5,-95,1025,1431.5,0,0,0,0;
custom,cuboid,stone10,1,5,50,0,1,1,1,5.0,0.5,190,1025,-290,0,0,0,0;
custom,cuboid,stone10,1,5,50,0,1,1,1,5.0,0.5,95,1025,-290,0,0,0,0;
custom,cuboid,stone10,1,5,50,0,1,1,1,5.0,0.5,262.5,1025,140.5,0,0.35,0,0.9;
custom,cuboid,stone10,1,5,50,0,1,1,1,5.0,0.5,357.5,1025,140.5,0,0.35,0,0.9;
custom,cuboid,stone10,1,5,50,0,1,1,1,5.0,0.5,430,1025,570.5,0,0,0,0;
custom,cuboid,stone10,1,5,50,0,1,1,1,5.0,0.5,525,1025,570.5,0,0,0,0;
custom,cuboid,stone10,1,5,50,0,1,1,1,5.0,0.5,262.5,1025,1001,0,0.35,0,-0.9;
custom,cuboid,stone10,1,5,50,0,1,1,1,5.0,0.5,357.5,1025,1001,0,0.35,0,-0.9;
custom,cuboid,stone10,1,5,50,0,1,1,1,5.0,0.5,190,1025,1431.5,0,0,0,0;
custom,cuboid,stone10,1,5,50,0,1,1,1,5.0,0.5,95,1025,1431.5,0,0,0,0;
custom,arc180,stone10,20,10,20,0,1,1,1,1.0,1.0,53,1025,1700,0,0.5,0,0.5;
custom,startCuboid,default,9.5,5,1,0,1,1,1,0.95,0.5,47.5,1025,1676,0,0,0,0;
custom,endCuboid,default,9.5,5,1,0,1,1,1,0.95,0.5,47.5,1025,1676,0,0,0,0;
racing,checkpointCuboid,9.5,5,1,-47.5,1025,1500,0,0,0,0;
racing,checkpointCuboid,9.5,5,1,47.5,1025,-300,0,0,0,0;
custom,cuboid,stone10,28.5,5,1,0,1,1,1,0.95,0.5,47.5,1025,-700,0,0,0,0;
racing,killCuboid,1,5,16,190,1025,-620,0,0,0,0;
racing,killCuboid,1,5,16,-95,1025,-620,0,0,0,0;
custom,endCuboid,default,1,5,16,0,1,1,1,5.0,0.5,190,1025,-620,0,0,0,0;
custom,endCuboid,default,1,5,16,0,1,1,1,5.0,0.5,-95,1025,-620,0,0,0,0;
kill=10;
Titan=10;
custom,cuboid,stone10,5,0.1,0.1,0,1,1,1,0.95,0.5,47.5,1015,1636,0,0,0,0;
custom,cuboid,stone10,5,0.1,0.1,0,1,1,1,0.95,0.5,47.5,1015,1586,0,0,0,0;
custom,cuboid,stone10,0.1,0.1,5,0,1,1,1,0.95,0.5,22.5,1015,1611,0,0,0,0;
custom,cuboid,stone10,0.1,0.1,5,0,1,1,1,0.95,0.5,72.5,1015,1611,0,0,0,0;
custom,cuboid,stone10,5,0.1,0.1,0,1,1,1,0.95,0.5,47.5,1035,1636,0,0,0,0;
custom,cuboid,stone10,5,0.1,0.1,0,1,1,1,0.95,0.5,47.5,1035,1586,0,0,0,0;
custom,cuboid,stone10,0.1,0.1,5,0,1,1,1,0.95,0.5,22.5,1035,1611,0,0,0,0;
custom,cuboid,stone10,0.1,0.1,5,0,1,1,1,0.95,0.5,72.5,1035,1611,0,0,0,0;
misc,region,10,10,10,10,47.5,1025,1611,0,0,0,1;
M1;
custom,cuboid,default,41,1,41,0,1,1,1,1.0,1.0,3000,3000,0,0,0,0,0;
racing,checkpointCuboid,1,1,1,3000,3010,0,0,0,0,0;
custom,cuboid,default,1,5,11,0,1,1,1,1.0,1.0,2950,3025,0,0,0,0,0;
custom,cuboid,default,1,5,9,0,1,1,1,1.0,1.0,3050,3025,-10,0,0,0,0;
custom,cuboid,default,11,5,1,0,1,1,1,1.0,1.0,3000,3025,-50,0,0,0,0;
custom,cuboid,default,11,5,1,0,1,1,1,1.0,1.0,3000,3025,50,0,0,0,0;
custom,cuboid,default,1,5,19,0,1,1,1,1.0,1.0,2900,3025,-10,0,0,0,0;
custom,cuboid,default,1,5,21,0,1,1,1,1.0,1.0,3100,3025,0,0,0,0,0;
custom,cuboid,default,21,5,1,0,1,1,1,1.0,1.0,3000,3025,-100,0,0,0,0;
custom,cuboid,default,21,5,1,0,1,1,1,1.0,1.0,3000,3025,100,0,0,0,0;
custom,cuboid,default,1,5,31,0,1,1,1,1.0,1.0,2850,3025,0,0,0,0,0;
custom,cuboid,default,1,5,31,0,1,1,1,1.0,1.0,3150,3025,0,0,0,0,0;
custom,cuboid,default,29,5,1,0,1,1,1,1.0,1.0,2990,3025,-150,0,0,0,0;
custom,cuboid,default,31,5,1,0,1,1,1,1.0,1.0,3000,3025,150,0,0,0,0;
custom,cuboid,default,1,5,41,0,1,1,1,1.0,1.0,2800,3025,0,0,0,0,0;
custom,cuboid,default,1,5,41,0,1,1,1,1.0,1.0,3200,3025,0,0,0,0,0;
custom,cuboid,default,41,5,1,0,1,1,1,1.0,1.0,3000,3025,-200,0,0,0,0;
custom,cuboid,default,41,5,1,0,1,1,1,1.0,1.0,3000,3025,200,0,0,0,0;
custom,cuboid,default,41,1,41,0,1,1,1,1.0,1.0,3000,3050,0,0,0,0,0;
misc,region,M1,1,1,1,2825,3025,-175,0,0,0,1;
T1;
custom,tube,stone4,15,100,15,0,1,1,1,1.0,1.0,5500,340,0,0,0,0,0;
custom,tube,stone4,15,100,15,0,1,1,1,1.0,1.0,5500,938.5,208,0.24,0,0,0.75;
custom,tube,stone4,15,500,15,0,1,1,1,1.0,1.0,5500,1218,2070,0.5,0,0,0.5;
custom,cuboid,stone4,15,1,15,0,1,1,1,1.0,1.0,5500,0,0,0,0,0,0;
racing,checkpointCuboid,1,1,1,5500,10,0,0,0,0,0;
racing,killCuboid,15,15,1,5500,1222,3960,0,0,0,-0;
custom,cuboid,stone4,15,0.1,0.1,0,1,1,1,1.0,1.0,5500,1210,3955,0,0,0,0;
custom,cuboid,stone4,15,0.1,0.1,0,1,1,1,1.0,1.0,5500,1180,3955,0,0,0,0;
custom,cuboid,stone4,15,0.1,0.1,0,1,1,1,1.0,1.0,5500,1210,3555,0,0,0,0;
custom,cuboid,stone4,15,0.1,0.1,0,1,1,1,1.0,1.0,5500,1180,3555,0,0,0,0;
misc,region,T1,1,1,1,5500,1205,3775,0,0,0,0;