map,disablebounds;
spawnpoint,playerC,0,140,0,0,1,0,0;
custom,cuboid,stone4,150,5,150,1,0.6,0.6,0.1,75,75,0,100,0,0,1,0,0;

racing,killCuboid,150,5,150,0,102.5,0,0,1,0,0;

custom,cuboid,stone4,8,1,6,1,0.6,0.6,0.6,3,1.5,0,130,0,0,1,0,0;

custom,prism,stone4,4,1,25,1,0.6,0.6,0.6,2,2,0,124.9,120,0,1,0.02618592157,0;

custom,cuboid,stone4,1,5,1,1,0.6,0.6,0.6,1,1,-35,150,-25,0,1,0,0;
custom,cuboid,stone4,1,5,1,1,0.6,0.6,0.6,1,1,-35,150,25,0,1,0,0;
custom,cuboid,stone4,1,5,1,1,0.6,0.6,0.6,1,1,35,150,-25,0,1,0,0;
custom,cuboid,stone4,1,5,1,1,0.6,0.6,0.6,1,1,35,150,25,0,1,0,0;

custom,cuboid,stone4,8,1,1,1,0.6,0.6,0.6,1,1,0,175,-25,0,1,0,0;
custom,cuboid,stone4,8,1,1,1,0.6,0.6,0.6,1,1,0,175,25,0,1,0,0;
custom,cuboid,stone4,1,1,6,1,0.6,0.6,0.6,1,1,-35,175,0,0,1,0,0;
custom,cuboid,stone4,1,1,6,1,0.6,0.6,0.6,1,1,35,175,0,0,1,0,0;

racing,killCuboid,0.5,5,5,-35,150,0,0,1,0,0;
racing,killCuboid,0.5,5,5,35,150,0,0,1,0,0;
racing,killCuboid,7,5,0.5,0,150,-25,0,1,0,0;
racing,killCuboid,7,0.5,5,0,175,0,0,1,0,0;

racing,startCuboid,2,2.5,0.5,0,137.5,25,0,1,0,0;
racing,killCuboid,7,2.5,0.5,0,162.5,25,0,1,0,0;
racing,killCuboid,2,5,0.5,-20,150,25,0,1,0,0;
racing,killCuboid,2,5,0.5,20,150,25,0,1,0,0;

custom,cuboid,stone4,2.350307407,1,1,1,1,1,1,1,1,-50,125,150,0,1,0,1;
custom,cuboid,stone4,2.350307407,1,1,1,1,1,1,1,1,-43.30127019,125,175,0,1,0,0.5773502692;
custom,cuboid,stone4,2.350307407,1,1,1,1,1,1,1,1,-25,125,193.3012702,0,1,0,0.2679491924;
custom,cuboid,stone4,2.350307407,1,1,1,1,1,1,1,1,0,125,200,0,1,0,0;
custom,cuboid,stone4,2.350307407,1,1,1,1,1,1,1,1,25,125,193.3012702,0,1,0,-0.2679491924;
custom,cuboid,stone4,2.350307407,1,1,1,1,1,1,1,1,43.30127019,125,175,0,1,0,-0.5773502692;
custom,cuboid,stone4,2.350307407,1,1,1,1,1,1,1,1,50,125,150,0,1,0,-1;
custom,cuboid,stone4,2.350307407,1,1,1,1,1,1,1,1,43.30127019,125,125,0,1,0,-1.732050808;
custom,cuboid,stone4,2.350307407,1,1,1,1,1,1,1,1,25,125,106.6987298,0,1,0,-3.732050808;



racing,killCuboid,2.450307407,1.1,1.1,-50,125,150,0,1,0,1;
racing,killCuboid,2.450307407,1.1,1.1,-43.30127019,125,175,0,1,0,0.5773502692;
racing,killCuboid,2.450307407,1.1,1.1,-25,125,193.3012702,0,1,0,0.2679491924;
racing,killCuboid,2.450307407,1.1,1.1,0,125,200,0,1,0,0;
racing,killCuboid,2.450307407,1.1,1.1,25,125,193.3012702,0,1,0,-0.2679491924;
racing,killCuboid,2.450307407,1.1,1.1,43.30127019,125,175,0,1,0,-0.5773502692;
racing,killCuboid,2.450307407,1.1,1.1,50,125,150,0,1,0,-1;
racing,killCuboid,2.450307407,1.1,1.1,43.30127019,125,125,0,1,0,-1.732050808;
racing,killCuboid,2.450307407,1.1,1.1,25,125,106.6987298,0,1,0,-3.732050808;

racing,killCuboid,1,5.5,13,-35,152.5,95,0,1,0,0;

custom,cuboid,stone4,7,1,10,1,1,1,1,1,1,-70,125,50,0,1,0,0;
racing,checkpointCuboid,1,1,1,-70,135,50,0,1,0,0;

custom,cuboid,stone4,3.504517778,1,0.25,1,1,1,1,1,1,-108.2531755,125,87.5,0,1,0,1.732050808;
custom,cuboid,stone4,3.504517778,1,0.25,1,1,1,1,1,1,-120.7407283,125,117.6476194,0,1,0,1.303225373;
custom,cuboid,stone4,3.504517778,1,0.25,1,1,1,1,1,1,-125,125,150,0,1,0,1;
custom,cuboid,stone4,3.504517778,1,0.25,1,1,1,1,1,1,-120.7407283,125,182.3523806,0,1,0,0.767326988;
custom,cuboid,stone4,3.504517778,1,0.25,1,1,1,1,1,1,-108.2531755,125,212.5,0,1,0,0.5773502692;
custom,cuboid,stone4,3.504517778,1,0.25,1,1,1,1,1,1,-88.38834765,125,238.3883476,0,1,0,0.4142135624;
custom,cuboid,stone4,3.504517778,1,0.25,1,1,1,1,1,1,-62.5,125,258.2531755,0,1,0,0.2679491924;
custom,cuboid,stone4,3.504517778,1,0.25,1,1,1,1,1,1,-32.35238064,125,270.7407283,0,1,0,0.1316524976;
custom,cuboid,stone4,3.504517778,1,0.25,1,1,1,1,1,1,0,125,275,0,1,0,0;
custom,cuboid,stone4,3.504517778,1,0.25,1,1,1,1,1,1,32.35238064,125,270.7407283,0,1,0,-0.1316524976;
custom,cuboid,stone4,3.504517778,1,0.25,1,1,1,1,1,1,62.5,125,258.2531755,0,1,0,-0.2679491924;
custom,cuboid,stone4,3.504517778,1,0.25,1,1,1,1,1,1,88.38834765,125,238.3883476,0,1,0,-0.4142135624;
custom,cuboid,stone4,3.504517778,1,0.25,1,1,1,1,1,1,108.2531755,125,212.5,0,1,0,-0.5773502692;
custom,cuboid,stone4,3.504517778,1,0.25,1,1,1,1,1,1,120.7407283,125,182.3523806,0,1,0,-0.767326988;
custom,cuboid,stone4,2.628388333,1,0.25,1,1,1,1,1,1,125,125,152.5,0,1,0,-1;



racing,killCuboid,3.554517778,1.05,0.3,-108.2531755,125,87.5,0,1,0,1.732050808;
racing,killCuboid,3.554517778,1.05,0.3,-120.7407283,125,117.6476194,0,1,0,1.303225373;
racing,killCuboid,3.554517778,1.05,0.3,-125,125,150,0,1,0,1;
racing,killCuboid,3.554517778,1.05,0.3,-120.7407283,125,182.3523806,0,1,0,0.767326988;
racing,killCuboid,3.554517778,1.05,0.3,-108.2531755,125,212.5,0,1,0,0.5773502692;
racing,killCuboid,3.554517778,1.05,0.3,-88.38834765,125,238.3883476,0,1,0,0.4142135624;
racing,killCuboid,3.554517778,1.05,0.3,-62.5,125,258.2531755,0,1,0,0.2679491924;
racing,killCuboid,3.554517778,1.05,0.3,-32.35238064,125,270.7407283,0,1,0,0.1316524976;
racing,killCuboid,3.554517778,1.05,0.3,0,125,275,0,1,0,0;
racing,killCuboid,3.554517778,1.05,0.3,32.35238064,125,270.7407283,0,1,0,-0.1316524976;
racing,killCuboid,3.554517778,1.05,0.3,62.5,125,258.2531755,0,1,0,-0.2679491924;
racing,killCuboid,3.554517778,1.05,0.3,88.38834765,125,238.3883476,0,1,0,-0.4142135624;
racing,killCuboid,3.554517778,1.05,0.3,108.2531755,125,212.5,0,1,0,-0.5773502692;
racing,killCuboid,3.554517778,1.05,0.3,120.7407283,125,182.3523806,0,1,0,-0.767326988;
racing,killCuboid,2.678388333,1.05,0.3,125,125,152.5,0,1,0,-1;

custom,tube,stone4,3,1.25,3,1,1,1,1,1,1,125,125,125,0,1,0,0;
racing,killTube,3.05,1.3,3.05,125,125,125,0,1,0,0;

racing,killCuboid,0.75,2,0.75,125,125,110,0,1,0,0;

custom,tube,stone4,3,1.25,3,1,1,1,1,1,1,125,125,95,0,1,0,0;
racing,killTube,3.05,1.3,3.05,125,125,95,0,1,0,0;

custom,tube,stone4,3,1.25,3,1,1,1,1,1,1,125,125,65,0,1,0,0;
racing,killTube,3.05,1.3,3.05,125,125,65,0,1,0,0;

racing,checkpointCuboid,0.3,0.5,0.3,125,133,51,0,1,0,0;
custom,cuboid,stone4,0.5,1,3,1,1,1,1,1,1,125,125,65,0,1,0,0;
racing,killCuboid,0.55,1.05,3.05,125,125,65,0,1,0,0;

custom,cuboid,stone4,3.504517778,1,0.25,1,1,1,1,1,1,-35.04517778,125,275,0,1,0,0;
racing,killCuboid,3.554517778,1.05,0.3,-35.04517778,125,275,0,1,0,0;
racing,killCuboid,1.8849,2,0.05,-26.31577403,125,273.9306077,0,1,0,0.06554346282;

custom,cuboid,stone4,1.752258889,1,0.5,1,1,1,1,1,1,-61.32906111,125,275,0,1,0,0;
custom,cuboid,stone4,1.752258889,1,0.75,1,1,1,1,1,1,-78.85165,125,275,0,1,0,0;
custom,cuboid,stone4,1.752258889,1,1,1,1,1,1,1,1,-96.37423889,125,275,0,1,0,0;