spawnpoint,playerC,-3667,6482.8,-17889,0,0,0,0;
custom,cylinder,metal1,0.5,0.1,0.5,1,1,1,1,0.1,0.1,-3667,6081.2,-17889,0,0,0,1;
([2]);
racing,checkpointsphere,0.024,0.024,0.024,-3667,6084,-17889,0,3,0,1;
([1]);
custom,cuboid,stone4,4,1.6,1,1,1,1,1,1,0.5,-3731,6090,-17897,0,0,0,1;
custom,cuboid,stone4,4,1.6,1,1,1,1,1,1,0.5,-3641,6089.5,-17880,0,0,0,1;
custom,cuboid,stone4,4,1.6,1,1,1,1,1,1,0.5,-3641,6089.5,-17899,0,0,0,1;
custom,cuboid,stone4,5,1.6,0.5,1,1,1,1.2,1,0.6,-3685,6089.5,-17887,0,0.2,0,1;
([2]);
custom,cylinder,metal1,0.5,0.1,0.5,1,1,1,1,0.1,0.1,-3685,6081,-17927,0,0,0,1;
([2]);
racing,checkpointsphere,0.03,0.03,0.03,-3685,6082.8,-17927,0,0.3,0,1;
([1]);
custom,endprism,default,0.7,0.001,0.7,1,1,1,1,1,1,-3685,6077,-17907,-1,0,0,1;
([2]);
base,aot_supply,default,0.001,0.001,0.001,0,1,1,1,1,1,-3685.5,5711.3,-17886.2,0,0,0,0;
custom,cylinder,metal1,0.5,0.1,0.5,1,1,1,1,0.1,0.1,-3636,6082.5,-17889,0,0,0,1;
([2]);
racing,checkpointcylinder,0.1,0.1,0.1,-3636,6084.3,-17889,0,0,0,1;
([1]);
custom,tube,stone4,5,51,5,0,0,0,0,10,7,-3685,5890,-17887,0,0,0,1;
racing,killtube,5,57,5,-3685,5882,-17887,0,0,0,1;
custom,killtube,stone4,5.1,51,5.1,0,0,0,0,10,7,-3685,5890,-17887,0,0,0,1;
custom,killtube,stone4,4.9,51,4.9,0,0,0,0,10,7,-3685,5890,-17887,0,0,0,1;
custom,killtube,stone4,11.3,40,10.3,0,0,0,0,10,7,-3685,5932,-17887,0,0,0,1;
racing,killtube,11.4,40,10.4,-3685,5932,-17887,0,0,0,1;
custom,cuboid,stone4,10,0.3,1.5,0,0,0,0,3,0.25,-3685,6053,-17887,0,0.9,0,1;
custom,cuboid,stone4,10,0.3,1.5,0,0,0,0,3,0.25,-3685,6056,-17887,0,0.8,0,1;
custom,cuboid,stone4,10,0.3,1.5,0,0,0,0,3,0.25,-3685,6059,-17887,0,0.7,0,1;
custom,cuboid,stone4,10,0.3,1.5,0,0,0,0,3,0.25,-3685,6062,-17887,0,0.6,0,1;
custom,cuboid,stone4,10,0.3,1.5,0,0,0,0,3,0.25,-3685,6065,-17887,0,0.5,0,1;
custom,cuboid,stone4,10,0.3,1.5,0,0,0,0,3,0.25,-3685,6068,-17887,0,0.4,0,1;
custom,cuboid,stone4,10,0.3,1.5,0,0,0,0,3,0.25,-3685,6071,-17887,0,0.3,0,1;
custom,cuboid,stone4,10,0.3,1.5,0,0,0,0,3,0.25,-3685,6074,-17887,0,0.2,0,1;
custom,cuboid,stone4,10,0.3,1.5,0,0,0,0,3,0.25,-3685,6077,-17887,0,0.1,0,1;
custom,cuboid,stone4,10,0.3,1.5,0,0,0,0,3,0.25,-3685,6080,-17887,0,0,0,1;
custom,cuboid,stone4,12,0.3,1.5,0,0,0,0,3,0.25,-3685,6023,-17887,0,-0.1,0,1;
custom,cuboid,stone4,12,0.3,1.5,0,0,0,0,3,0.25,-3685,6026,-17887,0,-0.2,0,1;
custom,cuboid,stone4,12,0.3,1.5,0,0,0,0,3,0.25,-3685,6029,-17887,0,-0.3,0,1;
custom,cuboid,stone4,12,0.3,1.5,0,0,0,0,3,0.25,-3685,6032,-17887,0,-0.4,0,1;
custom,cuboid,stone4,12,0.3,1.5,0,0,0,0,3,0.25,-3685,6035,-17887,0,-0.5,0,1;
custom,cuboid,stone4,12,0.3,1.5,0,0,0,0,3,0.25,-3685,6038,-17887,0,-0.6,0,1;
custom,cuboid,stone4,10,0.3,1.5,0,0,0,0,3,0.25,-3685,6041,-17887,0,-0.7,0,1;
custom,cuboid,stone4,10,0.3,1.5,0,0,0,0,3,0.25,-3685,6044,-17887,0,-0.8,0,1;
custom,cuboid,stone4,10,0.3,1.5,0,0,0,0,3,0.25,-3685,6047,-17887,0,-0.9,0,1;
custom,cuboid,stone4,10,0.3,1.5,0,0,0,0,3,0.25,-3685,6050,-17887,0,-1,0,1;
custom,cuboid,stone4,12,0.3,1.5,0,0,0,0,3,0.25,-3685,5963,-17887,0,-0.1,0,1;
custom,cuboid,stone4,12,0.3,1.5,0,0,0,0,3,0.25,-3685,5966,-17887,0,-0.2,0,1;
custom,cuboid,stone4,12,0.3,1.5,0,0,0,0,3,0.25,-3685,5969,-17887,0,-0.3,0,1;
custom,cuboid,stone4,12,0.3,1.5,0,0,0,0,3,0.25,-3685,5972,-17887,0,-0.4,0,1;
custom,cuboid,stone4,12,0.3,1.5,0,0,0,0,3,0.25,-3685,5975,-17887,0,-0.5,0,1;
custom,cuboid,stone4,12,0.3,1.5,0,0,0,0,3,0.25,-3685,5978,-17887,0,-0.6,0,1;
custom,cuboid,stone4,10,0.3,1.5,0,0,0,0,3,0.25,-3685,5981,-17887,0,-0.7,0,1;
custom,cuboid,stone4,10,0.3,1.5,0,0,0,0,3,0.25,-3685,5984,-17887,0,-0.8,0,1;
custom,cuboid,stone4,10,0.3,1.5,0,0,0,0,3,0.25,-3685,5987,-17887,0,-0.9,0,1;
custom,cuboid,stone4,10,0.3,1.5,0,0,0,0,3,0.25,-3685,5990,-17887,0,-1,0,1;
custom,cuboid,stone4,10,0.3,1.5,0,0,0,0,3,0.25,-3685,5993,-17887,0,0.9,0,1;
custom,cuboid,stone4,10,0.3,1.5,0,0,0,0,3,0.25,-3685,5996,-17887,0,0.8,0,1;
custom,cuboid,stone4,10,0.3,1.5,0,0,0,0,3,0.25,-3685,5999,-17887,0,0.7,0,1;
custom,cuboid,stone4,10,0.3,1.5,0,0,0,0,3,0.25,-3685,6002,-17887,0,0.6,0,1;
custom,cuboid,stone4,10,0.3,1.5,0,0,0,0,3,0.25,-3685,6005,-17887,0,0.5,0,1;
custom,cuboid,stone4,10,0.3,1.5,0,0,0,0,3,0.25,-3685,6008,-17887,0,0.4,0,1;
custom,cuboid,stone4,10,0.3,1.5,0,0,0,0,3,0.25,-3685,6011,-17887,0,0.3,0,1;
custom,cuboid,stone4,10,0.3,1.5,0,0,0,0,3,0.25,-3685,6014,-17887,0,0.2,0,1;
custom,cuboid,stone4,10,0.3,1.5,0,0,0,0,3,0.25,-3685,6017,-17887,0,0.1,0,1;
custom,cuboid,stone4,10,0.3,1.5,0,0,0,0,3,0.25,-3685,6020,-17887,0,0,0,1;
custom,cuboid,stone4,12,0.3,1.5,0,0,0,0,3,0.25,-3685,5903,-17887,0,-0.1,0,1;
custom,cuboid,stone4,12,0.3,1.5,0,0,0,0,3,0.25,-3685,5906,-17887,0,-0.2,0,1;
custom,cuboid,stone4,12,0.3,1.5,0,0,0,0,3,0.25,-3685,5909,-17887,0,-0.3,0,1;
custom,cuboid,stone4,12,0.3,1.5,0,0,0,0,3,0.25,-3685,5912,-17887,0,-0.4,0,1;
custom,cuboid,stone4,12,0.3,1.5,0,0,0,0,3,0.25,-3685,5915,-17887,0,-0.5,0,1;
custom,cuboid,stone4,12,0.3,1.5,0,0,0,0,3,0.25,-3685,5918,-17887,0,-0.6,0,1;
custom,cuboid,stone4,10,0.3,1.5,0,0,0,0,3,0.25,-3685,5921,-17887,0,-0.7,0,1;
custom,cuboid,stone4,10,0.3,1.5,0,0,0,0,3,0.25,-3685,5924,-17887,0,-0.8,0,1;
custom,cuboid,stone4,10,0.3,1.5,0,0,0,0,3,0.25,-3685,5927,-17887,0,-0.9,0,1;
custom,cuboid,stone4,10,0.3,1.5,0,0,0,0,3,0.25,-3685,5930,-17887,0,-1,0,1;
custom,cuboid,stone4,10,0.3,1.5,0,0,0,0,3,0.25,-3685,5933,-17887,0,0.9,0,1;
custom,cuboid,stone4,10,0.3,1.5,0,0,0,0,3,0.25,-3685,5936,-17887,0,0.8,0,1;
custom,cuboid,stone4,10,0.3,1.5,0,0,0,0,3,0.25,-3685,5939,-17887,0,0.7,0,1;
custom,cuboid,stone4,10,0.3,1.5,0,0,0,0,3,0.25,-3685,5942,-17887,0,0.6,0,1;
custom,cuboid,stone4,10,0.3,1.5,0,0,0,0,3,0.25,-3685,5945,-17887,0,0.5,0,1;
custom,cuboid,stone4,10,0.3,1.5,0,0,0,0,3,0.25,-3685,5948,-17887,0,0.4,0,1;
custom,cuboid,stone4,10,0.3,1.5,0,0,0,0,3,0.25,-3685,5951,-17887,0,0.3,0,1;
custom,cuboid,stone4,10,0.3,1.5,0,0,0,0,3,0.25,-3685,5954,-17887,0,0.2,0,1;
custom,cuboid,stone4,10,0.3,1.5,0,0,0,0,3,0.25,-3685,5957,-17887,0,0.1,0,1;
custom,cuboid,stone4,10,0.3,1.5,0,0,0,0,3,0.25,-3685,5960,-17887,0,0,0,1;
custom,cuboid,stone4,12,0.3,1.5,0,0,0,0,3,0.25,-3685,5840,-17887,0,0,0,1;
custom,cuboid,stone4,12,0.3,1.5,0,0,0,0,3,0.25,-3685,5843,-17887,0,-0.1,0,1;
custom,cuboid,stone4,12,0.3,1.5,0,0,0,0,3,0.25,-3685,5846,-17887,0,-0.2,0,1;
custom,cuboid,stone4,12,0.3,1.5,0,0,0,0,3,0.25,-3685,5849,-17887,0,-0.3,0,1;
custom,cuboid,stone4,12,0.3,1.5,0,0,0,0,3,0.25,-3685,5852,-17887,0,-0.4,0,1;
custom,cuboid,stone4,12,0.3,1.5,0,0,0,0,3,0.25,-3685,5855,-17887,0,-0.5,0,1;
custom,cuboid,stone4,12,0.3,1.5,0,0,0,0,3,0.25,-3685,5858,-17887,0,-0.6,0,1;
custom,cuboid,stone4,10,0.3,1.5,0,0,0,0,3,0.25,-3685,5861,-17887,0,-0.7,0,1;
custom,cuboid,stone4,10,0.3,1.5,0,0,0,0,3,0.25,-3685,5864,-17887,0,-0.8,0,1;
custom,cuboid,stone4,10,0.3,1.5,0,0,0,0,3,0.25,-3685,5867,-17887,0,-0.9,0,1;
custom,cuboid,stone4,10,0.3,1.5,0,0,0,0,3,0.25,-3685,5870,-17887,0,-1,0,1;
custom,cuboid,stone4,10,0.3,1.5,0,0,0,0,3,0.25,-3685,5873,-17887,0,0.9,0,1;
custom,cuboid,stone4,10,0.3,1.5,0,0,0,0,3,0.25,-3685,5876,-17887,0,0.8,0,1;
custom,cuboid,stone4,10,0.3,1.5,0,0,0,0,3,0.25,-3685,5879,-17887,0,0.7,0,1;
custom,cuboid,stone4,10,0.3,1.5,0,0,0,0,3,0.25,-3685,5882,-17887,0,0.6,0,1;
custom,cuboid,stone4,10,0.3,1.5,0,0,0,0,3,0.25,-3685,5885,-17887,0,0.5,0,1;
custom,cuboid,stone4,10,0.3,1.5,0,0,0,0,3,0.25,-3685,5888,-17887,0,0.4,0,1;
custom,cuboid,stone4,10,0.3,1.5,0,0,0,0,3,0.25,-3685,5891,-17887,0,0.3,0,1;
custom,cuboid,stone4,10,0.3,1.5,0,0,0,0,3,0.25,-3685,5894,-17887,0,0.2,0,1;
custom,cuboid,stone4,10,0.3,1.5,0,0,0,0,3,0.25,-3685,5897,-17887,0,0.1,0,1;
custom,cuboid,stone4,10,0.3,1.5,0,0,0,0,3,0.25,-3685,5900,-17887,0,0,0,1;
custom,cuboid,stone4,16,0.3,1.5,0,0,0,0,3,0.25,-3685,5720,-17887,0,0,0,1;
custom,cuboid,stone4,16,0.3,1.5,0,0,0,0,3,0.25,-3685,5723,-17887,0,-0.1,0,1;
custom,cuboid,stone4,16,0.3,1.5,0,0,0,0,3,0.25,-3685,5726,-17887,0,-0.2,0,1;
custom,cuboid,stone4,16,0.3,1.5,0,0,0,0,3,0.25,-3685,5729,-17887,0,-0.3,0,1;
custom,cuboid,stone4,16,0.3,1.5,0,0,0,0,3,0.25,-3685,5732,-17887,0,-0.4,0,1;
custom,cuboid,stone4,16,0.3,1.5,0,0,0,0,3,0.25,-3685,5735,-17887,0,-0.5,0,1;
custom,cuboid,stone4,16,0.3,1.5,0,0,0,0,3,0.25,-3685,5738,-17887,0,-0.6,0,1;
custom,cuboid,stone4,16,0.3,1.5,0,0,0,0,3,0.25,-3685,5741,-17887,0,-0.7,0,1;
custom,cuboid,stone4,16,0.3,1.5,0,0,0,0,3,0.25,-3685,5744,-17887,0,-0.8,0,1;
custom,cuboid,stone4,16,0.3,1.5,0,0,0,0,3,0.25,-3685,5747,-17887,0,-0.9,0,1;
custom,cuboid,stone4,16,0.3,1.5,0,0,0,0,3,0.25,-3685,5750,-17887,0,-1,0,1;
custom,cuboid,stone4,14,0.3,1.5,0,0,0,0,3,0.25,-3685,5753,-17887,0,0.9,0,1;
custom,cuboid,stone4,14,0.3,1.5,0,0,0,0,3,0.25,-3685,5756,-17887,0,0.8,0,1;
custom,cuboid,stone4,14,0.3,1.5,0,0,0,0,3,0.25,-3685,5759,-17887,0,0.7,0,1;
custom,cuboid,stone4,14,0.3,1.5,0,0,0,0,3,0.25,-3685,5762,-17887,0,0.6,0,1;
custom,cuboid,stone4,14,0.3,1.5,0,0,0,0,3,0.25,-3685,5765,-17887,0,0.5,0,1;
custom,cuboid,stone4,14,0.3,1.5,0,0,0,0,3,0.25,-3685,5768,-17887,0,0.4,0,1;
custom,cuboid,stone4,12,0.3,1.5,0,0,0,0,3,0.25,-3685,5771,-17887,0,0.3,0,1;
custom,cuboid,stone4,12,0.3,1.5,0,0,0,0,3,0.25,-3685,5774,-17887,0,0.2,0,1;
custom,cuboid,stone4,12,0.3,1.5,0,0,0,0,3,0.25,-3685,5777,-17887,0,0.1,0,1;
custom,cuboid,stone4,12,0.3,1.5,0,0,0,0,3,0.25,-3685,5780,-17887,0,0,0,1;
custom,cuboid,stone4,12,0.3,1.5,0,0,0,0,3,0.25,-3685,5783,-17887,0,-0.1,0,1;
custom,cuboid,stone4,12,0.3,1.5,0,0,0,0,3,0.25,-3685,5786,-17887,0,-0.2,0,1;
custom,cuboid,stone4,12,0.3,1.5,0,0,0,0,3,0.25,-3685,5789,-17887,0,-0.3,0,1;
custom,cuboid,stone4,12,0.3,1.5,0,0,0,0,3,0.25,-3685,5792,-17887,0,-0.4,0,1;
custom,cuboid,stone4,12,0.3,1.5,0,0,0,0,3,0.25,-3685,5795,-17887,0,-0.5,0,1;
custom,cuboid,stone4,12,0.3,1.5,0,0,0,0,3,0.25,-3685,5798,-17887,0,-0.6,0,1;
custom,cuboid,stone4,10,0.3,1.5,0,0,0,0,3,0.25,-3685,5801,-17887,0,-0.7,0,1;
custom,cuboid,stone4,10,0.3,1.5,0,0,0,0,3,0.25,-3685,5804,-17887,0,-0.8,0,1;
custom,cuboid,stone4,10,0.3,1.5,0,0,0,0,3,0.25,-3685,5807,-17887,0,-0.9,0,1;
custom,cuboid,stone4,10,0.3,1.5,0,0,0,0,3,0.25,-3685,5810,-17887,0,-1,0,1;
custom,cuboid,stone4,10,0.3,1.5,0,0,0,0,3,0.25,-3685,5813,-17887,0,0.9,0,1;
custom,cuboid,stone4,10,0.3,1.5,0,0,0,0,3,0.25,-3685,5816,-17887,0,0.8,0,1;
custom,cuboid,stone4,10,0.3,1.5,0,0,0,0,3,0.25,-3685,5819,-17887,0,0.7,0,1;
custom,cuboid,stone4,10,0.3,1.5,0,0,0,0,3,0.25,-3685,5822,-17887,0,0.6,0,1;
custom,cuboid,stone4,10,0.3,1.5,0,0,0,0,3,0.25,-3685,5825,-17887,0,0.5,0,1;
custom,cuboid,stone4,10,0.3,1.5,0,0,0,0,3,0.25,-3685,5828,-17887,0,0.4,0,1;
custom,cuboid,stone4,10,0.3,1.5,0,0,0,0,3,0.25,-3685,5831,-17887,0,0.3,0,1;
custom,cuboid,stone4,10,0.3,1.5,0,0,0,0,3,0.25,-3685,5834,-17887,0,0.2,0,1;
custom,cuboid,stone4,10,0.3,1.5,0,0,0,0,3,0.25,-3685,5837,-17887,0,0.1,0,1;
custom,cuboid,stone4,10,0.3,1.5,0,0,0,0,3,0.25,-3685,5840,-17887,0,0,0,1;
(STAGE2);
racing,endcuboid,1,1,1,3005,6540,3150,0,0,0,0;
racing,checkpointSphere,0.03,0.03,0.03,-3085,5507,-19309,1,0,0,1;
(2);
racing,killSphere,0.01,0.028,0.005,-3085,5507,-19309,0,0,0,1;
custom,pillar1,default,0.7,0.1,0.7,0,0,0,0,1,1,-3085,5494.5,-19309,0,0,0,0;
(2-2)Chateaud’Utgard;
(Body);
custom,wall4,stone4,2,2,1,0,0,0,0,0.2,0.2,-4000,5567,-18500,0,0,0,0;
custom,wall4,stone4,2,2,1,0,0,0,0,0.2,0.2,-3689,5567,-18201,0,-1,0,1;
custom,wall4,stone4,2,2,1,0,0,0,0,0.2,0.2,-3988,5567,-17890,0,9999999,0,1;
custom,wall4,stone4,2.31,2,1,0,0,0,0,0.231,0.2,-3940,5567,-18600,0,999999,0,0;
custom,wall4,stone4,2.63,2,1,0,0,0,0,0.263,0.2,-3591,5567,-18187,0,1,0,1;
custom,wall4,stone4,2.31,2,1,0,0,0,0,0.231,0.2,-3955,5567,-17790,0,0,0,1;
custom,wall4,stone4,2.03,2,1,0,0,0,0,0.2,0.2,-3789,5567,-18201,0,-1,0,1;
custom,tower1,stone4,2.7,2.5,2.7,0,0,0,0,10,10,-3594,5567,-17800,0,0,0,0;
custom,tower1,stone4,2.7,2.5,2.7,0,0,0,0,10,10,-3594,5567,-18602,0,0,0,0;
custom,tower1,stone4,2.7,2.5,2.7,0,0,0,0,10,10,-3685,5567,-18509,0,0,0,0;
custom,tower1,stone4,2.7,2.5,2.7,0,0,0,0,10,10,-3685,5567,-17892,0,0,0,0;
custom,tower1,stone4,2.7,2.5,2.7,0,0,0,0,10,10,-4290,5567,-18509,0,0,0,0;
custom,tower1,stone4,2.7,2.5,2.7,0,0,0,0,10,10,-4290,5567,-17893,0,0,0,0;
custom,tower1,stone4,2.7,2.5,2.7,0,0,0,0,10,10,-4290,5567,-17800,0,0,0,0;
custom,tower1,stone4,2.7,2.5,2.7,0,0,0,0,10,10,-4290,5567,-18602,0,0,0,0;
custom,cuboid,stone4,20,21,1.5,0.5,1,1,1,4,4,-4380,5587,-18550,0,0.25,0,1;
custom,cuboid,stone4,15,11,1.5,0.5,1,1,1,3,2,-4360,5547,-18470,0,0.25,0,1;
custom,cuboid,stone4,20,21,1.5,0.5,1,1,1,4,4,-4380,5587,-17840,0,-0.25,0,1;
custom,cuboid,stone4,15,11,1.5,0.5,1,1,1,3,2,-4360,5547,-17920,0,-0.25,0,1;
custom,prism,stone4,40.4,3,60,0.5,1,1,1,5,7.5,-3800,5487,-18135,0,0,1,1;
custom,cuboid,stone4,2.8,0.5,55.2,0.5,1,1,1,0.4,12,-3800,5590.5,-18150,-0.1876,0,0,1;
(floor);
custom,cuboid,stone4,62,1,9,0,0,0,0,11,1.5,-3994,5557,-18550,0,0,0,0;
(1F);
custom,cuboid,stone4,9,1,80,0,0,0,0,1.5,16,-3639,5557,-18201,0,0,0,1;
custom,cuboid,stone4,62,1,9,0,0,0,0,11,1.5,-3994,5557,-17840,0,0,0,1;
custom,cuboid,stone4,62,1,9,0,0,0,0,11,1.5,-3994,5617,-18550,0,0,0,0;
(2F);
custom,cuboid,stone4,9,1,80,0,0,0,0,1.5,16,-3639,5617,-18201,0,0,0,1;
custom,cuboid,stone4,62,1,9,0,0,0,0,11,1.5,-3994,5617,-17840,0,0,0,1;
custom,cuboid,stone4,62,1,9,0,0,0,0,11,1.5,-3994,5677,-18550,0,0,0,0;
(3F);
custom,cuboid,stone4,9,1,80,0,0,0,0,1.5,16,-3639,5677,-18201,0,0,0,1;
custom,cuboid,stone4,62,1,9,0,0,0,0,11,1.5,-3994,5677,-17840,0,0,0,1;
custom,cuboid,stone4,10,1,61.8,0,0,0,0,1.5,16,-3739,5688,-18201,0,0,0,1;
(Tour1);
custom,cylinder,stone4,17,0.5,17,0,0,0,0,3,3,-3685,5687,-17892,0,0,0,1;
custom,arc180,stone4,9,10,9,0,0,0,0,3,3,-3737,5704,-17878,0,0.1,0,1;
custom,arc180,stone4,9,10,9,0,0,0,0,3,3,-3635,5704,-17892,0,999999,0,1;
custom,tube,stone4,15,5,14,0,0,0,0,2,6,-3685,5747,-17887,0,0,0,1;
custom,tube,stone4,13,5,12,0,0,0,0,2,6,-3685,5782,-17887,0,0,0,1;
custom,tube,stone4,11.5,40,10.5,0,0,0,0,10,7,-3685,5932,-17887,0,0,0,1;
custom,cuboid,stone4,0.5,1,2,0,0,0,0,0.2,0.4,-3681,5725,-17972,0,0,1,1;
custom,arc180,stone4,1.6,2,1.6,0,0,0,0,3,3,-3695,5725,-17972,-1,1,-1,1;
custom,arc180,stone4,2.2,2,2,0,0,0,0,3,3,-3695,5727,-17972,-1,1,-1,1;
custom,tower1,stone4,2,0.5,4,0,0,0,0,12,2,-3714,5707,-17978,0,0,0,0;
custom,tower1,stone4,2,0.5,4,0,0,0,0,12,2,-3676.3,5707,-17978,0,0,0,0;
custom,cylinder,metal1,1,0.1,1,1,1,1,1,0.1,0.1,-3685,6100,-17889,0,0,0,1;
([2]);
racing,checkpointcylinder,0.1,0.1,0.1,-3685,6101.8,-17889,0,0,0,1;
([Tour1つなぎ]);
custom,killarc180,stone4,5,4,10,0,0,0,0,3,3,-3536,6058,-17889,-1,1,-1,1;
(つなぎ下);
custom,killcuboid,stone4,19,1,2,0,0,0,0,4,0.5,-3536,6078,-17889.5,0,0,0,0;
racing,killcuboid,19,1,1.8,-3536,6078.1,-17889.5,0,0,0,0;
custom,killcuboid,stone4,19,1.5,0.6,0,0,0,0,4,0.5,-3536,6090.5,-17882.5,0,0,0,0;
custom,killcuboid,stone4,19,1.5,0.6,0,0,0,0,4,0.5,-3536,6090.5,-17896.5,0,0,0,0;
racing,killcuboid,18.8,1.5,0.5,-3536,6090.5,-17882.5,0,0,0,0;
racing,killcuboid,18.8,1.5,0.5,-3536,6090.5,-17896.5,0,0,0,0;
racing,killcuboid,1,0.8,0.8,-3606,6087,-17889.5,0,0,0,0;
racing,killcuboid,1,0.8,0.8,-3576,6094,-17889.5,0,0,0,0;
racing,killcuboid,1,0.8,0.8,-3546,6087,-17889.5,0,0,0,0;
racing,killcuboid,1,0.8,0.8,-3516,6094,-17889.5,0,0,0,0;
racing,killcuboid,1,0.8,0.8,-3486,6087,-17889.5,0,0,0,0;
custom,log2,default,0.1,0.1,0.1,0,0,0,0,0.1,0.1,-3536,6096,-17889.5,0,0,0,0;
custom,log2,default,0.1,0.1,0.1,0,0,0,0,0.1,0.1,-3586,6096,-17889.5,0,0,0,0;
custom,log2,default,0.1,0.1,0.1,0,0,0,0,0.1,0.1,-3486,6096,-17889.5,0,0,0,0;
custom,killcuboid,stone4,19,0.2,1.9,0,0,0,0,4,0.5,-3536,6098,-17889.5,0,0,0,0;
misc,barrier,19,0.2,1.9,-3536,6098,-17889.5,0,0,0,0;
custom,cylinder,metal1,0.5,0.1,0.5,1,1,1,1,0.1,0.1,-3456,6084,-17889,0,0,0,1;
([2]);
racing,checkpointcylinder,0.1,0.1,0.1,-3456,6085.8,-17889,0,0,0,1;
racing,checkpointcylinder,0.1,0.1,0.1,-3636,6083.8,-17889,0,0,0,1;
([1]);
racing,killcuboid,1,0.8,0.9,-3596,6103,-17889.5,0,0,0,0;
(つなぎ上);
racing,killcuboid,1,0.8,0.9,-3566,6107,-17889.5,0,0,0,0;
racing,killcuboid,1,0.8,0.9,-3536,6103,-17889.5,0,0,0,0;
racing,killcuboid,1,0.8,0.9,-3506,6107,-17889.5,0,0,0,0;
racing,killcuboid,1,0.8,0.9,-3476,6103,-17889.5,0,0,0,0;
custom,killcuboid,stone4,19,1.5,0.6,0,0,0,0,4,0.5,-3536,6110.5,-17882.5,0,0,0,0;
custom,killcuboid,stone4,19,1.5,0.6,0,0,0,0,4,0.5,-3536,6110.5,-17896.5,0,0,0,0;
custom,cylinder,stone4,0.6,1.7,0.6,0,0,0,0,0.5,1,-3441,6100.5,-17896.5,0,0,0,0;
custom,cylinder,stone4,0.6,1.7,0.6,0,0,0,0,0.5,1,-3441,6100.5,-17882.5,0,0,0,0;
racing,killcuboid,19,2,0.5,-3536,6105.5,-17882.5,0,0,0,0;
racing,killcuboid,19,2,0.5,-3536,6105.5,-17896.5,0,0,0,0;
custom,killcuboid,stone4,19,0.2,1.9,0,0,0,0,4,0.5,-3536,6117.5,-17889.5,0,0,0,0;
misc,barrier,19,0.2,1.9,-3536,6117.5,-17889.5,0,0,0,0;
custom,cylinder,metal1,1,0.1,1,1,1,1,1,0.1,0.1,-3419,6100,-17889,0,0,0,1;
([2]);
racing,checkpointcylinder,0.1,0.1,0.1,-3419,6101.8,-17889,0,0,0,1;
racing,killcylinder,5,0.1,5,-3419,6099,-17889,0,0,0,1;
([2]);
custom,arc180,stone4,5.95,7.05,6.85,0,0,0,0,3,3,-3684.5,6100,-17856,0,1,0,1;
(中階);
custom,arc180,stone4,5.95,7.05,6.82,0,0,0,0,3,3,-3687.5,6100,-17923,0,-1,0,1;
custom,cylinder,stone4,13.6,0.1,12.3,0,0,0,0,3,3,-3686,6098.5,-17889,0,0,0,1;
(tour2);
custom,killtube,stone4,9,70,9,0,0,0,0,14,6,-3399,5820,-17887,0,0,0,1;
(tour下部);
custom,killtube,stone4,10,5,10,0,0,0,0,2,6,-3399,5565,-17887,0,0,0,1;
custom,killtube,stone4,11,5,11,0,0,0,0,2,6,-3399,5530,-17887,0,0,0,1;
custom,killtube,stone4,12,5,12,0,0,0,0,2,6,-3399,5495,-17887,0,0,0,1;
custom,tube,stone4,9.5,70,9.5,0,0,0,0,14,6,-3399,5820,-17887,0,0,0,1;
custom,tube,stone4,10.5,5,10.5,0,0,0,0,2,6,-3399,5565,-17887,0,0,0,1;
custom,tube,stone4,11.5,5,11.5,0,0,0,0,2,6,-3399,5530,-17887,0,0,0,1;
custom,tube,stone4,12.5,5,12.5,0,0,0,0,2,6,-3399,5495,-17887,0,0,0,1;
racing,killtube,9.1,70,9.1,-3399,5820,-17887,0,0,0,1;
racing,killtube,10.1,5,10.1,-3399,5565,-17887,0,0,0,1;
racing,killtube,11.1,5,11.1,-3399,5530,-17887,0,0,0,1;
racing,killtube,12.1,5,12.1,-3399,5495,-17887,0,0,0,1;
racing,killcylinder,12,0.1,12,-3399,5495,-17887,0,0,0,1;
custom,cylinder,metal1,1,0.1,1,1,1,1,1,0.1,0.1,-3369,5496,-17889,0,0,0,1;
([2]);
racing,checkpointcylinder,0.1,0.1,0.1,-3369,5497.8,-17889,0,0,0,1;
custom,killcuboid,stone4,10,1,1,0,0,0,0,2.5,0.25,-3399,6010,-17887,0,-0.1,0,1;
custom,killcuboid,stone4,10,1,1,0,0,0,0,2.5,0.25,-3399,6020,-17887,0,-0.2,0,1;
custom,killcuboid,stone4,10,1,1,0,0,0,0,2.5,0.25,-3399,6030,-17887,0,-0.3,0,1;
custom,killcuboid,stone4,10,1,1,0,0,0,0,2.5,0.25,-3399,6040,-17887,0,-0.4,0,1;
custom,killcuboid,stone4,10,1,1,0,0,0,0,2.5,0.25,-3399,6050,-17887,0,-0.5,0,1;
custom,killcuboid,stone4,10,1,1,0,0,0,0,2.5,0.25,-3399,6060,-17887,0,-0.6,0,1;
custom,killcuboid,stone4,10,1,1,0,0,0,0,2.5,0.25,-3399,6070,-17887,0,-0.7,0,1;
custom,killcuboid,stone4,10,1,1,0,0,0,0,2.5,0.25,-3399,6080,-17887,0,-0.8,0,1;
custom,killcuboid,stone4,10,1,1,0,0,0,0,2.5,0.25,-3399,6090,-17887,0,-0.9,0,1;
custom,killcuboid,stone4,10,1,1,0,0,0,0,2.5,0.25,-3399,6000,-17887,0,0,0,1;
custom,killcuboid,stone4,10,1,1,0,0,0,0,2.5,0.25,-3399,5990,-17887,0,0.1,0,1;
custom,killcuboid,stone4,10,1,1,0,0,0,0,2.5,0.25,-3399,5980,-17887,0,0.2,0,1;
custom,killcuboid,stone4,10,1,1,0,0,0,0,2.5,0.25,-3399,5970,-17887,0,0.3,0,1;
custom,killcuboid,stone4,10,1,1,0,0,0,0,2.5,0.25,-3399,5960,-17887,0,0.4,0,1;
custom,killcuboid,stone4,10,1,1,0,0,0,0,2.5,0.25,-3399,5950,-17887,0,0.5,0,1;
custom,killcuboid,stone4,10,1,1,0,0,0,0,2.5,0.25,-3399,5940,-17887,0,0.6,0,1;
custom,killcuboid,stone4,10,1,1,0,0,0,0,2.5,0.25,-3399,5930,-17887,0,0.7,0,1;
custom,killcuboid,stone4,10,1,1,0,0,0,0,2.5,0.25,-3399,5920,-17887,0,0.8,0,1;
custom,killcuboid,stone4,10,1,1,0,0,0,0,2.5,0.25,-3399,5910,-17887,0,0.9,0,1;
custom,killcuboid,stone4,10,1,1,0,0,0,0,2.5,0.25,-3399,5900,-17887,0,1,0,1;
custom,killcuboid,stone4,10,1,1,0,0,0,0,2.5,0.25,-3399,5810,-17887,0,-0.1,0,1;
custom,killcuboid,stone4,10,1,1,0,0,0,0,2.5,0.25,-3399,5820,-17887,0,-0.2,0,1;
custom,killcuboid,stone4,10,1,1,0,0,0,0,2.5,0.25,-3399,5830,-17887,0,-0.3,0,1;
custom,killcuboid,stone4,10,1,1,0,0,0,0,2.5,0.25,-3399,5840,-17887,0,-0.4,0,1;
custom,killcuboid,stone4,10,1,1,0,0,0,0,2.5,0.25,-3399,5850,-17887,0,-0.5,0,1;
custom,killcuboid,stone4,10,1,1,0,0,0,0,2.5,0.25,-3399,5860,-17887,0,-0.6,0,1;
custom,killcuboid,stone4,10,1,1,0,0,0,0,2.5,0.25,-3399,5870,-17887,0,-0.7,0,1;
custom,killcuboid,stone4,10,1,1,0,0,0,0,2.5,0.25,-3399,5880,-17887,0,-0.8,0,1;
custom,killcuboid,stone4,10,1,1,0,0,0,0,2.5,0.25,-3399,5890,-17887,0,-0.9,0,1;
custom,killcuboid,stone4,10,1,1,0,0,0,0,2.5,0.25,-3399,5800,-17887,0,0,0,1;
custom,killcuboid,stone4,10,1,1,0,0,0,0,2.5,0.25,-3399,5790,-17887,0,0.1,0,1;
custom,killcuboid,stone4,10,1,1,0,0,0,0,2.5,0.25,-3399,5780,-17887,0,0.2,0,1;
custom,killcuboid,stone4,10,1,1,0,0,0,0,2.5,0.25,-3399,5770,-17887,0,0.3,0,1;
custom,killcuboid,stone4,10,1,1,0,0,0,0,2.5,0.25,-3399,5760,-17887,0,0.4,0,1;
custom,killcuboid,stone4,10,1,1,0,0,0,0,2.5,0.25,-3399,5750,-17887,0,0.5,0,1;
custom,killcuboid,stone4,10,1,1,0,0,0,0,2.5,0.25,-3399,5740,-17887,0,0.6,0,1;
custom,killcuboid,stone4,10,1,1,0,0,0,0,2.5,0.25,-3399,5730,-17887,0,0.7,0,1;
custom,killcuboid,stone4,10,1,1,0,0,0,0,2.5,0.25,-3399,5720,-17887,0,0.8,0,1;
custom,killcuboid,stone4,10,1,1,0,0,0,0,2.5,0.25,-3399,5710,-17887,0,0.9,0,1;
custom,killcuboid,stone4,10,1,1,0,0,0,0,2.5,0.25,-3399,5700,-17887,0,1,0,1;
custom,killcuboid,stone4,10,1,1,0,0,0,0,2.5,0.25,-3399,5610,-17887,0,-0.1,0,1;
custom,killcuboid,stone4,10,1,1,0,0,0,0,2.5,0.25,-3399,5620,-17887,0,-0.2,0,1;
custom,killcuboid,stone4,10,1,1,0,0,0,0,2.5,0.25,-3399,5630,-17887,0,-0.3,0,1;
custom,killcuboid,stone4,10,1,1,0,0,0,0,2.5,0.25,-3399,5640,-17887,0,-0.4,0,1;
custom,killcuboid,stone4,10,1,1,0,0,0,0,2.5,0.25,-3399,5650,-17887,0,-0.5,0,1;
custom,killcuboid,stone4,10,1,1,0,0,0,0,2.5,0.25,-3399,5660,-17887,0,-0.6,0,1;
custom,killcuboid,stone4,10,1,1,0,0,0,0,2.5,0.25,-3399,5670,-17887,0,-0.7,0,1;
custom,killcuboid,stone4,10,1,1,0,0,0,0,2.5,0.25,-3399,5680,-17887,0,-0.8,0,1;
custom,killcuboid,stone4,10,1,1,0,0,0,0,2.5,0.25,-3399,5690,-17887,0,-0.9,0,1;
custom,killcuboid,stone4,10,1,1,0,0,0,0,2.5,0.25,-3399,5600,-17887,0,0,0,1;
custom,killcuboid,stone4,10,1,1,0,0,0,0,2.5,0.25,-3399,5590,-17887,0,0.1,0,1;
custom,killcuboid,stone4,10,1,1,0,0,0,0,2.5,0.25,-3399,5580,-17887,0,0.2,0,1;
custom,killcuboid,stone4,10,1,1,0,0,0,0,2.5,0.25,-3399,5570,-17887,0,0.3,0,1;
custom,killcuboid,stone4,10,1,1,0,0,0,0,2.5,0.25,-3399,5560,-17887,0,0.4,0,1;
custom,killcuboid,stone4,10,1,1,0,0,0,0,2.5,0.25,-3399,5550,-17887,0,0.5,0,1;
custom,killcuboid,stone4,10,1,1,0,0,0,0,2.5,0.25,-3399,5540,-17887,0,0.6,0,1;
custom,killcuboid,stone4,10,1,1,0,0,0,0,2.5,0.25,-3399,5530,-17887,0,0.7,0,1;
custom,killcuboid,stone4,10,1,1,0,0,0,0,2.5,0.25,-3399,5520,-17887,0,0.8,0,1;
custom,killcuboid,stone4,10,1,1,0,0,0,0,2.5,0.25,-3399,5510,-17887,0,0.9,0,1;
racing,killcuboid,10,0.9,0.9,-3399,6010,-17887,0,-0.1,0,1;
racing,killcuboid,10,0.9,0.9,-3399,6020,-17887,0,-0.2,0,1;
racing,killcuboid,10,0.9,0.9,-3399,6030,-17887,0,-0.3,0,1;
racing,killcuboid,10,0.9,0.9,-3399,6040,-17887,0,-0.4,0,1;
racing,killcuboid,10,0.9,0.9,-3399,6050,-17887,0,-0.5,0,1;
racing,killcuboid,10,0.9,0.9,-3399,6060,-17887,0,-0.6,0,1;
racing,killcuboid,10,0.9,0.9,-3399,6070,-17887,0,-0.7,0,1;
racing,killcuboid,10,0.9,0.9,-3399,6080,-17887,0,-0.8,0,1;
racing,killcuboid,10,0.9,0.9,-3399,6090,-17887,0,-0.9,0,1;
racing,killcuboid,10,0.9,0.9,-3399,6000,-17887,0,0,0,1;
racing,killcuboid,10,0.9,0.9,-3399,5990,-17887,0,0.1,0,1;
racing,killcuboid,10,0.9,0.9,-3399,5980,-17887,0,0.2,0,1;
racing,killcuboid,10,0.9,0.9,-3399,5970,-17887,0,0.3,0,1;
racing,killcuboid,10,0.9,0.9,-3399,5960,-17887,0,0.4,0,1;
racing,killcuboid,10,0.9,0.9,-3399,5950,-17887,0,0.5,0,1;
racing,killcuboid,10,0.9,0.9,-3399,5940,-17887,0,0.6,0,1;
racing,killcuboid,10,0.9,0.9,-3399,5930,-17887,0,0.7,0,1;
racing,killcuboid,10,0.9,0.9,-3399,5920,-17887,0,0.8,0,1;
racing,killcuboid,10,0.9,0.9,-3399,5910,-17887,0,0.9,0,1;
racing,killcuboid,10,0.9,0.9,-3399,5900,-17887,0,1,0,1;
racing,killcuboid,10,0.9,0.9,-3399,5810,-17887,0,-0.1,0,1;
racing,killcuboid,10,0.9,0.9,-3399,5820,-17887,0,-0.2,0,1;
racing,killcuboid,10,0.9,0.9,-3399,5830,-17887,0,-0.3,0,1;
racing,killcuboid,10,0.9,0.9,-3399,5840,-17887,0,-0.4,0,1;
racing,killcuboid,10,0.9,0.9,-3399,5850,-17887,0,-0.5,0,1;
racing,killcuboid,10,0.9,0.9,-3399,5860,-17887,0,-0.6,0,1;
racing,killcuboid,10,0.9,0.9,-3399,5870,-17887,0,-0.7,0,1;
racing,killcuboid,10,0.9,0.9,-3399,5880,-17887,0,-0.8,0,1;
racing,killcuboid,10,0.9,0.9,-3399,5890,-17887,0,-0.9,0,1;
racing,killcuboid,10,0.9,0.9,-3399,5800,-17887,0,0,0,1;
racing,killcuboid,10,0.9,0.9,-3399,5790,-17887,0,0.1,0,1;
racing,killcuboid,10,0.9,0.9,-3399,5780,-17887,0,0.2,0,1;
racing,killcuboid,10,0.9,0.9,-3399,5770,-17887,0,0.3,0,1;
racing,killcuboid,10,0.9,0.9,-3399,5760,-17887,0,0.4,0,1;
racing,killcuboid,10,0.9,0.9,-3399,5750,-17887,0,0.5,0,1;
racing,killcuboid,10,0.9,0.9,-3399,5740,-17887,0,0.6,0,1;
racing,killcuboid,10,0.9,0.9,-3399,5730,-17887,0,0.7,0,1;
racing,killcuboid,10,0.9,0.9,-3399,5720,-17887,0,0.8,0,1;
racing,killcuboid,10,0.9,0.9,-3399,5710,-17887,0,0.9,0,1;
racing,killcuboid,10,0.9,0.9,-3399,5700,-17887,0,1,0,1;
racing,killcuboid,10,0.9,0.9,-3399,5610,-17887,0,-0.1,0,1;
racing,killcuboid,10,0.9,0.9,-3399,5620,-17887,0,-0.2,0,1;
racing,killcuboid,10,0.9,0.9,-3399,5630,-17887,0,-0.3,0,1;
racing,killcuboid,10,0.9,0.9,-3399,5640,-17887,0,-0.4,0,1;
racing,killcuboid,10,0.9,0.9,-3399,5650,-17887,0,-0.5,0,1;
racing,killcuboid,10,0.9,0.9,-3399,5660,-17887,0,-0.6,0,1;
racing,killcuboid,10,0.9,0.9,-3399,5670,-17887,0,-0.7,0,1;
racing,killcuboid,10,0.9,0.9,-3399,5680,-17887,0,-0.8,0,1;
racing,killcuboid,10,0.9,0.9,-3399,5690,-17887,0,-0.9,0,1;
racing,killcuboid,10,0.9,0.9,-3399,5600,-17887,0,0,0,1;
racing,killcuboid,10,0.9,0.9,-3399,5590,-17887,0,0.1,0,1;
racing,killcuboid,10,0.9,0.9,-3399,5580,-17887,0,0.2,0,1;
racing,killcuboid,10,0.9,0.9,-3399,5570,-17887,0,0.3,0,1;
racing,killcuboid,10,0.9,0.9,-3399,5560,-17887,0,0.4,0,1;
racing,killcuboid,10,0.9,0.9,-3399,5550,-17887,0,0.5,0,1;
racing,killcuboid,10,0.9,0.9,-3399,5540,-17887,0,0.6,0,1;
racing,killcuboid,10,0.9,0.9,-3399,5530,-17887,0,0.7,0,1;
racing,killcuboid,10,0.9,0.9,-3399,5520,-17887,0,0.8,0,1;
racing,killcuboid,10,0.9,0.9,-3399,5510,-17887,0,0.9,0,1;
racing,killcuboid,8,0.9,3.6,-3399,6080,-17869,0,0,0,1;
racing,killcuboid,8,0.9,3.6,-3399,6080,-17909,0,0,0,1;
racing,killcuboid,3.6,0.9,8,-3419,6030,-17889,0,0,0,1;
racing,killcuboid,3.6,0.9,8,-3379,6030,-17889,0,0,0,1;
racing,killcuboid,8,0.9,3.6,-3399,5980,-17869,0,0,0,1;
racing,killcuboid,8,0.9,3.6,-3399,5980,-17909,0,0,0,1;
racing,killcuboid,3.6,0.9,8,-3419,5930,-17889,0,0,0,1;
racing,killcuboid,3.6,0.9,8,-3379,5930,-17889,0,0,0,1;
racing,killcuboid,8,0.9,3.6,-3399,5880,-17869,0,0,0,1;
racing,killcuboid,8,0.9,3.6,-3399,5880,-17909,0,0,0,1;
racing,killcuboid,3.6,0.9,8,-3419,5830,-17889,0,0,0,1;
racing,killcuboid,3.6,0.9,8,-3379,5830,-17889,0,0,0,1;
racing,killcuboid,8,0.9,3.6,-3399,5780,-17869,0,0,0,1;
racing,killcuboid,8,0.9,3.6,-3399,5780,-17909,0,0,0,1;
racing,killcuboid,3.6,0.9,8,-3419,5730,-17889,0,0,0,1;
racing,killcuboid,3.6,0.9,8,-3379,5730,-17889,0,0,0,1;
racing,killcuboid,8,0.9,3.6,-3399,5680,-17869,0,0,0,1;
racing,killcuboid,8,0.9,3.6,-3399,5680,-17909,0,0,0,1;
racing,killcuboid,3.6,0.9,8,-3419,5630,-17889,0,0,0,1;
racing,killcuboid,3.6,0.9,8,-3379,5630,-17889,0,0,0,1;
racing,killcuboid,8,0.9,3.6,-3399,5580,-17869,0,0,0,1;
racing,killcuboid,8,0.9,3.6,-3399,5580,-17909,0,0,0,1;
racing,killcuboid,4.6,0.9,10,-3424,5530,-17889,0,0,0,1;
racing,killcuboid,4.6,0.9,10,-3374,5530,-17889,0,0,0,1;
custom,arc180,stone4,4.7,7.05,5.50,0,0,0,0,1,3,-3399,6100,-17856,0,1,0,1;
(tour中階);
custom,arc180,stone4,4.7,7.05,5.47,0,0,0,0,1,3,-3402,6100,-17923,0,-1,0,1;
custom,cuboid,stone4,3,0.2,10,0,0,0,0,1,3,-3412,6098.3,-17889,0,0,0,1;
custom,cuboid,stone4,3,0.2,8,0,0,0,0,1,3,-3424,6098.2,-17889,0,0,0,1;
custom,cuboid,stone4,3,0.2,6,0,0,0,0,1,3,-3434,6098.1,-17889,0,0,0,1;
custom,cylinder,metal1,1,0.1,1,1,1,1,1,0.1,0.1,-3379,6100,-17889,0,0,0,1;
([2]);
racing,checkpointcylinder,0.1,0.1,0.1,-3379,6101.8,-17889,0,0,0,1;
custom,cuboid,stone4,10,1,1,0,0,0,0,2.5,0.25,-3399,6100,-17887,0,1,0,1;
(2-3);
racing,checkpointsphere,0.56,0.56,0.56,3000,5541,2360,0,0.415,0,1;
racing,killsphere,0.3,0.3,0.3,3000,5541,2360,0,0.415,0,1;
custom,pillar1,default,0.7,0.1,0.7,0,0,0,0,1,1,3000,5527,2360,0,0,0,0;
custom,pillar1,default,0.7,0.0001,0.7,0,0,0,0,1,1,3000,5527,2360,99999,0,0,1;
custom,statue2,default,3,3,3,0,0,0,0,1,1,3000,5495,2350,0,99999,0,1;
custom,killcone,bombexplosiontex,0.5,0.5,0.0001,1,1,1,0,9999,9999,3000,5510,2300,0.8,0,0,1;
custom,killcone,bombexplosiontex,0.4,0.4,0.0001,1,1,1,0,9999,9999,2845,5506,3040,-1,0,0,1;
custom,cylinder,metal3,20,500,20,0,0,0,0,2,50,3000,10490,3000,0,0,0,0;
racing,killcylinder,29,500,28.3,3000,10490,2996,0,0,0,0;
custom,killtube,metal3,42.2,1500,41.9,1,1,1,1,75,4.2,3005,10490,3005,0,0,0,0;
racing,killtube,42.3,1500,42,3005,10490,3005,0,0,0,0;
racing,killarc180,18,2,18,2910,5500,3000,0.1,0,0,1;
racing,killarc180,18,2,18,3090,5565,2993.5,-100,99999,-9999,1;
racing,killarc180,18,2,18,2910,5630,3000,0.1,0,0,1;
racing,killarc180,18,2,18,3090,5695,2993.5,-100,99999,-9999,1;
racing,killarc180,18,2,18,2910,5760,3000,0.1,0,0,1;
racing,killarc180,18,2,18,3090,5825,2993.5,-100,99999,-9999,1;
racing,killarc180,18,2,18,2910,5890,3000,0.1,0,0,1;
racing,killarc180,18,2,18,3090,5955,2993.5,-100,99999,-9999,1;
racing,killarc180,18,2,18,2910,6020,3000,0.1,0,0,1;
racing,killarc180,18,2,18,3090,6085,2993.5,-100,99999,-9999,1;
racing,killarc180,18,2,18,2910,6150,3000,0.1,0,0,1;
racing,killarc180,18,2,18,3090,6215,2993.5,-100,99999,-9999,1;
racing,killarc180,18,2,18,2910,6280,3000,0.1,0,0,1;
racing,killarc180,18,2,18,3090,6345,2993.5,-100,99999,-9999,1;
racing,killarc180,18,2,18,2910,6410,3000,0.1,0,0,1;
racing,killarc180,18,2,18,3090,6475,2993.5,-100,99999,-9999,1;
(custom,killcylinder,bombexplosiontex,29.1,500,28.8,1,0,1,1,50,1,3000,10495,3000,0,0,0,0);
(custom,killcylinder,bombexplosiontex,35,5000,34.6,1,0,1,1,50,1,3000,55495,2997,0,0,0,0);
custom,killcylinder,bombexplosiontex,29.1,500,28.8,1,0,1,1,1,1000,3000,10495,2997,0,0,0,0;
custom,killcylinder,bombexplosiontex,35,5000,34.6,1,0,1,1,1,10000,3000,55495,2997,0,0,0,0;
custom,cylinder,metal3,35,0.5,34.6,0,0,1,1,3,3,3000,5500,2997,0,0,0,0;
racing,checkpointcuboid,1,1,1,3005,6280,2840,0,0,0,0;
racing,checkpointcuboid,1,1,1,3005,5890,2840,0,0,0,0;
custom,cylinder,stone5,29,500,28.3,1,1,1,1,1,1,3000,10490,2996,0,0,0,0;
custom,arc180,stone5,18,2,18,0,0,0,0,1,1,2910,5540,3000,0.1,0,0,1;
custom,arc180,stone5,18,2,18,0,0,0,0,1,1,3090,5605,2993.5,-100,99999,-9999,1;
custom,tube,metal3,42.3,1500,42,1,1,1,1,1,1,3005,10490,3005,0,0,0,0;
(BODY);
custom,cuboid,ice1,1000,1,6000,1,0,0,0,100,600,0,5490,0,0,0,0,0;
custom,cuboid,ice1,1000,1,6000,1,0,0,0,100,600,0,15000,0,0,0,0,0;
custom,cuboid,default,1000,2000,1,1,0,0,0,1,1,0,15000,30000,0,0,0,0;
custom,cuboid,default,1000,2000,1,1,0,0,0,1,1,0,15000,-30000,0,0,0,0;
custom,cuboid,default,1,2000,6000,1,0,0,0,1,1,5000,15000,0,0,0,0,0;
custom,cuboid,default,1,2000,6000,1,0,0,0,1,1,-5000,15000,0,0,0,0,0;
misc,barrier,1000,2000,3,0,15000,-19935,0,0,0,1;
misc,barrier,1000,10,6000,0,5440,54400,0,0,0,1;
(barrier);
custom,cylinder,stone3,1,10,1,0,0,0,0,1,10,-150,100,150,0,0,0,0;
custom,cylinder,stone3,1,10,1,0,0,0,0,1,10,-150,100,-150,0,0,0,0;
custom,cylinder,stone3,1,10,1,0,0,0,0,1,10,150,100,-150,0,0,0,0;
custom,cylinder,stone3,1,10,1,0,0,0,0,1,10,150,100,150,0,0,0,0;
custom,pillar1,default,0.9,0.1,0.9,0,0,0,0,1,1,0,200,0,0,0,0,0;
custom,pillar1,default,0.9,0.0001,0.9,0,0,0,0,1,1,0,200,0,999999,0,0,1;