custom,cuboid,default,0.2,3,30,0,1,1,1,1.0,1.0,3.809977,6.841945,-143.0168,0,0.9999944,0,0.003359366;
custom,cylinder,bark,1,3,1,0,1,1,1,1.0,1.0,-10.55044,-8.441092,-50.18145,0,0.9997036,0,0.02434498;
racing,killCuboid,3,1,30,-7.929765,-2.825491,-172.222,0,0.9999809,0,0.006189167;
racing,killCuboid,0.2,3,30,3.847594,5.809945,-171.3902,0,0.9999948,0,0.003240364;
custom,cylinder,bark,1,3,1,0,1,1,1,1.0,1.0,-18.69797,-8.080661,-27.78219,0,0.9998785,0,0.01558856;
custom,cuboid,default,3,3,3,0,1,1,1,1.0,1.0,-11.33688,6.634971,20.87687,0,0.7161587,0,-0.6979375;
racing,startCuboid,3,3,0.2,-10.40059,6.678814,-22.55548,0,0.9998382,0,0.01798889;
custom,cuboid,default,3,1,30,0,1,1,1,1.0,1.0,-9.126307,-3.92434,-141.6527,0,0.9999804,0,0.006266521;
custom,cuboid,default,0.2,3,30,0,1,1,1,1.0,1.0,-21.47653,6.561019,-142.2717,0,0.9999631,0,0.008590399;
racing,killCylinder,1,3,1,-10.55044,-8.401092,-50.18145,0,0.9997036,0,0.02434498;
custom,cylinder,bark,1,3,1,0,1,1,1,1.0,1.0,-1.80065,-7.961168,-27.36969,0,0.9998883,0,-0.01494547;
custom,cuboid,default,0.2,3,30,0,1,1,1,1.0,1.0,3.809977,6.841945,-143.0168,0,0.9999944,0,0.003359366;
custom,cylinder,bark,1,3,1,0,1,1,1,1.0,1.0,-10.55044,-8.441092,-50.18145,0,0.9997036,0,0.02434498;
racing,killCuboid,3,1,30,-7.929765,18.77452,-172.222,0,0.9999809,0,0.006189167;
racing,killCuboid,0.2,3,30,-21.31747,6.609944,-142.2303,0,0.999967,0,0.008127208;
custom,cylinder,bark,1,3,1,0,1,1,1,1.0,1.0,-18.69797,-8.080661,-27.78219,0,0.9998785,0,0.01558856;
custom,cuboid,default,3,3,3,0,1,1,1,1.0,1.0,-11.33688,6.634971,20.87687,0,0.7161587,0,-0.6979375;
racing,startCuboid,3,3,0.2,-10.40059,6.678814,-22.55548,0,0.9998382,0,0.01798889;
custom,cuboid,default,3,1,30,0,1,1,1,1.0,1.0,-9.126307,-3.92434,-141.6527,0,0.9999804,0,0.006266521;
custom,cuboid,default,0.2,3,30,0,1,1,1,1.0,1.0,-21.47653,6.561019,-142.2717,0,0.9999631,0,0.008590399;
racing,killCylinder,1,3,1,-10.55044,-8.401092,-50.18145,0,0.9997036,0,0.02434498;
custom,cylinder,bark,1,3,1,0,1,1,1,1.0,1.0,-1.80065,-7.961168,-27.36969,0,0.9998883,0,-0.01494547;
racing,killCuboid,4,4,4,-13.21617,38.80487,-12.20173,0,0.9999359,0,0.01132603;
racing,killCylinder,1,1,1,-19.52223,6.770202,-85.73948,0,0.9998402,0,0.01787909;
custom,cylinder,bark,1,1,1,0,1,1,1,1.0,1.0,-19.52223,6.770202,-85.73948,0,0.9998402,0,0.01787909;
custom,cylinder,bark,1,1,1,0,1,1,1,1.0,1.0,-1.642206,8.356482,-84.73907,0,0.9994502,0,0.03315612;
racing,killCylinder,1,1,1,-1.642206,8.356482,-84.73907,0,0.9994502,0,0.03315612;
racing,killCylinder,1,1,1,-9.962444,4.320699,-104.9796,0,0.9994498,0,0.03316756;
custom,cylinder,bark,1,1,1,0,1,1,1,1.0,1.0,-9.962444,4.320699,-104.9796,0,0.9994498,0,0.03316756;
custom,cylinder,bark,1,1,1,0,1,1,1,1.0,1.0,-18.02115,5.893823,-135.7983,0,0.9983658,0,0.05714742;
racing,killCylinder,1,1,1,-18.02115,5.893823,-135.7983,0,0.9983658,0,0.05714742;
custom,cylinder,bark,1,1,1,0,1,1,1,1.0,1.0,1.574454,7.16424,-137.4692,0,0.9992109,0,0.03971922;
racing,killCylinder,1,1,1,1.574454,7.16424,-137.4692,0,0.9992109,0,0.03971922;
custom,cylinder,bark,1,1,1,0,1,1,1,1.0,1.0,-7.215365,7.958103,-177.6888,0,0.998826,0,0.04844267;
racing,killCylinder,1,1,1,-7.215365,7.958103,-177.6888,0,0.998826,0,0.04844267;
custom,cuboid,bark,4,4,4,0,1,1,1,1.0,1.0,5.193969,7.367377,-246.8367,0,0.9999079,0,0.01357769;
racing,killCuboid,4,4,4,4.787007,7.607377,-246.7048,0,0.999903,0,0.01392672;
racing,killCuboid,0.2,3,30,-145.0893,5.75742,-319.4064,0,0.7024794,0,-0.7117041;
custom,cuboid,default,0.2,3,30,0,1,1,1,1.0,1.0,3.809977,6.841945,-143.0168,0,0.9999944,0,0.003359366;
custom,cylinder,bark,1,3,1,0,1,1,1,1.0,1.0,-10.55044,-8.441092,-50.18145,0,0.9997036,0,0.02434498;
racing,killCuboid,3,1,30,-7.929765,-2.825491,-172.222,0,0.9999809,0,0.006189167;
racing,killCuboid,0.2,3,30,3.847594,5.809945,-171.3902,0,0.9999948,0,0.003240364;
custom,cylinder,bark,1,3,1,0,1,1,1,1.0,1.0,-18.69797,-8.080661,-27.78219,0,0.9998785,0,0.01558856;
custom,cuboid,default,3,3,3,0,1,1,1,1.0,1.0,-11.33688,6.634971,20.87687,0,0.7161587,0,-0.6979375;
racing,startCuboid,3,3,0.2,-10.40059,6.678814,-22.55548,0,0.9998382,0,0.01798889;
custom,cuboid,default,3,1,30,0,1,1,1,1.0,1.0,-9.126307,-3.92434,-141.6527,0,0.9999804,0,0.006266521;
custom,cuboid,default,0.2,3,30,0,1,1,1,1.0,1.0,-21.47653,6.561019,-142.2717,0,0.9999631,0,0.008590399;
racing,killCylinder,1,3,1,-10.55044,-8.401092,-50.18145,0,0.9997036,0,0.02434498;
custom,cylinder,bark,1,3,1,0,1,1,1,1.0,1.0,-1.80065,-7.961168,-27.36969,0,0.9998883,0,-0.01494547;
custom,cuboid,default,0.2,3,30,0,1,1,1,1.0,1.0,3.809977,6.841945,-143.0168,0,0.9999944,0,0.003359366;
custom,cylinder,bark,1,3,1,0,1,1,1,1.0,1.0,-10.55044,-8.441092,-50.18145,0,0.9997036,0,0.02434498;
racing,killCuboid,3,1,30,-7.929765,18.77452,-172.222,0,0.9999809,0,0.006189167;
racing,killCuboid,0.2,3,30,-21.31747,6.609944,-142.2303,0,0.999967,0,0.008127208;
custom,cylinder,bark,1,3,1,0,1,1,1,1.0,1.0,-18.69797,-8.080661,-27.78219,0,0.9998785,0,0.01558856;
custom,cuboid,default,3,3,3,0,1,1,1,1.0,1.0,-11.33688,6.634971,20.87687,0,0.7161587,0,-0.6979375;
racing,startCuboid,3,3,0.2,-10.40059,6.678814,-22.55548,0,0.9998382,0,0.01798889;
custom,cuboid,default,3,1,30,0,1,1,1,1.0,1.0,-9.126307,-3.92434,-141.6527,0,0.9999804,0,0.006266521;
custom,cuboid,default,0.2,3,30,0,1,1,1,1.0,1.0,-21.47653,6.561019,-142.2717,0,0.9999631,0,0.008590399;
racing,killCylinder,1,3,1,-10.55044,-8.401092,-50.18145,0,0.9997036,0,0.02434498;
custom,cylinder,bark,1,3,1,0,1,1,1,1.0,1.0,-1.80065,-7.961168,-27.36969,0,0.9998883,0,-0.01494547;
racing,killCuboid,4,4,4,-13.21617,38.80487,-12.20173,0,0.9999359,0,0.01132603;
racing,killCylinder,1,1,1,-19.52223,6.770202,-85.73948,0,0.9998402,0,0.01787909;
custom,cylinder,bark,1,1,1,0,1,1,1,1.0,1.0,-19.52223,6.770202,-85.73948,0,0.9998402,0,0.01787909;
custom,cylinder,bark,1,1,1,0,1,1,1,1.0,1.0,-1.642206,8.356482,-84.73907,0,0.9994502,0,0.03315612;
racing,killCylinder,1,1,1,-1.642206,8.356482,-84.73907,0,0.9994502,0,0.03315612;
racing,killCylinder,1,1,1,-9.962444,4.320699,-104.9796,0,0.9994498,0,0.03316756;
custom,cylinder,bark,1,1,1,0,1,1,1,1.0,1.0,-9.962444,4.320699,-104.9796,0,0.9994498,0,0.03316756;
custom,cylinder,bark,1,1,1,0,1,1,1,1.0,1.0,-18.02115,5.893823,-135.7983,0,0.9983658,0,0.05714742;
racing,killCylinder,1,1,1,-18.02115,5.893823,-135.7983,0,0.9983658,0,0.05714742;
custom,cylinder,bark,1,1,1,0,1,1,1,1.0,1.0,1.574454,7.16424,-137.4692,0,0.9992109,0,0.03971922;
racing,killCylinder,1,1,1,1.574454,7.16424,-137.4692,0,0.9992109,0,0.03971922;
custom,cylinder,bark,1,1,1,0,1,1,1,1.0,1.0,-7.215365,7.958103,-177.6888,0,0.998826,0,0.04844267;
racing,killCylinder,1,1,1,-7.215365,7.958103,-177.6888,0,0.998826,0,0.04844267;
custom,cuboid,bark,4,4,4,0,1,1,1,1.0,1.0,5.193969,7.367377,-246.8367,0,0.9999079,0,0.01357769;
racing,killCuboid,4,4,4,4.787007,7.607377,-246.7048,0,0.999903,0,0.01392672;
racing,killCuboid,0.2,3,30,-167.9715,6.957419,-289.5908,0,0.7024794,0,-0.7117041;
racing,killCuboid,5,1,30,-162.9555,-3.041611,-307.5163,0,0.7059145,0,-0.7082971;
racing,killCuboid,5,1,30,-160.727,26.40098,-306.9523,0,0.7150279,0,0.6990959;
custom,cylinder,default,1,5,1,0,1,1,1,1.0,1.0,-15.46782,-11.20787,-294.0767,0,0.575285,0,0.8179531;
racing,killCylinder,1,5,1,-15.02398,-12.62615,-293.7846,0,0.5207251,0,-0.8537244;
racing,killCylinder,1,5,1,-15.34535,-12.37921,-294.1938,0,0.1155073,0,-0.9933066;
custom,sphere,default,1,1,1,0,1,1,1,1.0,1.0,-44.69672,21.60152,-302.2956,0,0.704146,0,-0.7100553;
custom,sphere,default,1,1,1,0,1,1,1,1.0,1.0,-84.6264,23.15004,-301.2992,0,0.7072388,0,-0.7069747;
custom,sphere,default,1,1,1,0,1,1,1,1.0,1.0,-133.2707,23.15004,-301.3173,0,0.7072388,0,-0.7069747;
custom,sphere,default,1,1,1,0,1,1,1,1.0,1.0,-213.4173,23.55004,-302.9472,0,0.7072388,0,-0.7069747;
custom,sphere,default,1,1,1,0,1,1,1,1.0,1.0,-274.8825,23.15004,-308.5082,0,0.7072388,0,-0.7069747;
custom,cuboid,default,2,2,2,0,1,1,1,1.0,1.0,-26.36837,-6.462328,-306.8799,0,0.6853284,0,-0.7282341;
custom,cylinder,default,1,1,1,0,1,1,1,1.0,1.0,-16.87703,4.714229,-313.5007,0,0.9998835,0,-0.01526456;
custom,cuboid,default,0.2,4,3,0,1,1,1,1.0,1.0,-309.2273,2.292331,-313.7365,0,0.04776976,0,0.9988584;
custom,cuboid,default,0.2,4,3,0,1,1,1,1.0,1.0,-305.136,2.398276,-325.1287,0,0.7252303,0,0.6885064;
custom,cuboid,default,0.2,4,3,0,1,1,1,1.0,1.0,-307.3347,8.906065,-297.8532,0,0.9985013,0,-0.05472785;
racing,checkpointCuboid,1,1,10,-355.8443,12.92722,-296.9485,0,0.7512763,0,0.659988;
custom,cuboid,default,0.2,3,10,0,1,1,1,1.0,1.0,-358.7094,9.526181,-307.1494,0,0.7714598,0,0.6362782;
custom,cuboid,default,0.2,3,10,0,1,1,1,1.0,1.0,-392.1725,9.310469,-251.2283,0,0.1624675,0,0.9867139;
custom,cuboid,default,0.2,3,10,0,1,1,1,1.0,1.0,-346.981,14.7026,-251.8451,0,0.6928995,0,0.7210342;
racing,killCuboid,0.2,3,10,-346.981,14.3026,-251.8451,0,0.6928995,0,0.7210342;
custom,cuboid,default,0.2,3,10,0,1,1,1,1.0,1.0,-255.6654,11.58547,-248.1149,0,0.6928995,0,0.7210342;
racing,killCuboid,0.2,3,10,-255.6654,11.58547,-248.1149,0,0.6928995,0,0.7210342;
racing,killCuboid,5,1,30,-234.7925,-7.732028,-292.2818,0,0.7531047,0,0.6579007;
racing,killCuboid,5,1,30,-226.3897,-4.426428,-260.129,0,0.7093862,0,0.70482;
custom,cuboid,bark3,5,1,5,0,1,1,1,1.0,1.0,-338.3101,-2.82511,-303.5685,0,0.7742264,0,0.6329088;
custom,cuboid,bark3,5,1,5,0,1,1,1,1.0,1.0,-378.3746,-2.958997,-293.6478,0,0.7891907,0,0.6141482;
custom,cuboid,bark3,5,1,5,0,1,1,1,1.0,1.0,-389.8977,-0.7589942,-257.3996,0,0.7891907,0,0.6141482;
racing,killCuboid,0.2,5,30,-370.5929,1.297802,-205.266,0,0.7389632,0,0.6737459;
racing,killCuboid,0.2,5,30,-327.4915,0.2494677,-181.3651,0,0.6994438,0,-0.7146876;
spawnpoint,playerC,-11.61925,14.09204,-9.28935,0,0.9997119,0,0.02400473;
misc,barrier,5,1,20,-304.3372,26.92476,-271.6532,0,0.7132633,0,-0.7008962;
misc,barrier,5,1,10,-356.3415,26.98184,-310.831,0,0.7401958,0,0.6723915;
custom,cuboid,bark3,0.3,5,10,0,1,1,1,1.0,1.0,-181.517,0.1823983,-233.2983,0,0.01304653,0,0.9999149;
custom,cuboid,bark3,0.3,5,10,0,1,1,1,1.0,1.0,-228.8583,0.1194867,-222.1692,0,0.6772403,0,-0.7357619;
racing,killCuboid,999,5,999,-4312.623,-24.30582,-34.4993,0,0.7099404,0,-0.7042618;
custom,sphere,bark3,1,1,1,0,1,1,1,1.0,1.0,-449.9506,23.58467,-190.15,0,0.7312577,0,0.6821012;
custom,sphere,bark3,1,1,1,0,1,1,1,1.0,1.0,-507.9161,26.9444,-153.6098,0,0.9902478,0,0.1393173;
custom,cuboid,bark3,0.2,5,30,0,1,1,1,1.0,1.0,-380.8285,-2.543064,-142.6048,0,0.7039029,0,0.7102963;
racing,killCuboid,0.2,5,30,-380.023,-2.503062,-143.3571,0,0.7039029,0,0.7102963;
racing,killCuboid,0.2,5,5,-516.3412,0.2557031,-165.547,0,0.9998037,0,0.01981339;
misc,barrier,9,1,30,-393.2339,26.53351,-182.2535,0,0.6850496,0,0.7284964;
misc,barrier,9,1,30,-259.4751,27.91475,-212.8703,0,0.6786595,0,0.7344531;
custom,cuboid,bark3,0.2,5,30,0,1,1,1,1.0,1.0,-178.7028,0.333027,-36.50433,0,0.9999708,0,-0.007647943;
racing,killCuboid,0.2,5,30,-179.0851,0.1696543,-36.42701,0,0.9999667,0,-0.00815688;
custom,cuboid,bark3,0.2,5,30,0,1,1,1,1.0,1.0,-202.2151,-1.63845,10.30885,0,0.9995404,0,-0.03031354;
racing,killCuboid,0.2,5,30,-201.3428,-1.838456,8.625957,0,0.9995404,0,-0.03031354;
custom,cuboid,bark3,4,5,4,0,1,1,1,1.0,1.0,-229.1897,-2.792559,-124.0397,0,0.701076,0,-0.7130867;
misc,barrier,5,1,30,-189.2546,26.81433,10.01444,0,0.9998871,0,-0.01502593;
misc,barrier,5,1,30,-324.1729,28.88739,-156.105,0,0.7330158,0,-0.6802117;
racing,killCuboid,0.1,5,5,-170.9576,-1.104235,143.9556,0,0.7164952,0,-0.6975921;
racing,killCuboid,0.1,5,30,-159.019,1.176091,17.92393,0,0.02674212,0,0.9996424;
racing,killCuboid,5,1,30,-183.4089,28.24887,3.429159,0,0.9996657,0,-0.02585366;
custom,cuboid,metal4,0.2,4,30,0,1,1,1,1.0,1.0,-129.4372,10.77877,-4.641134,0,0.008616353,0,0.9999629;
custom,cuboid,metal4,0.2,4,5,0,1,1,1,1.0,1.0,-157.0231,5.53798,-147.2374,0,0.7193897,0,-0.6946067;
custom,sphere,default,1,1,1,0,1,1,1,1.0,1.0,-324.7361,25.66097,-197.8849,0,0.8492156,0,-0.5280464;
custom,sphere,default,1,1,1,0,1,1,1,1.0,1.0,-237.5441,21.59596,-190.2,0,0.7358226,0,-0.6771744;
racing,killCuboid,0.2,4,30,-129.4372,10.97877,-4.641134,0,0.008616359,0,0.9999629;
custom,cuboid,metal4,1,1,1,0,1,1,1,1.0,1.0,-139.6644,-1.937646,150.2098,0,0.9994603,0,0.03285135;
racing,checkpointCuboid,0.1,0.1,0.1,-139.981,3.225801,151.0417,0,0.9991354,0,0.04157592;
racing,checkpointCuboid,0.1,0.1,0.1,-23.22364,3.346471,-303.6476,0,0.6509979,0,0.7590795;
custom,cuboid,metal4,0.2,5,30,0,1,1,1,1.0,1.0,-115.4384,9.916645,19.83537,0,0.999886,0,-0.01509804;
racing,killCuboid,0.2,5,30,-115.7308,12.47309,18.7872,0,0.999882,0,-0.01535983;
racing,killCuboid,0.2,5,30,-113.0127,12.35091,18.64499,0,0.02075936,0,0.9997845;
custom,cuboid,metal4,5,5,5,0,1,1,1,1.0,1.0,-136.1074,17.85519,180.1442,0,0.7010507,0,-0.7131115;
custom,cuboid,metal4,9,1,30,0,1,1,1,1.0,1.0,-139.524,32.50863,-7.115968,0,0.9998516,0,-0.01722911;
custom,cuboid,metal4,4,1,4,0,1,1,1,1.0,1.0,-131.7658,25.34671,154.4444,0,0.6964358,0,-0.7176192;
custom,cuboid,metal4,4,4,0.2,0,1,1,1,1.0,1.0,-120.1262,8.439543,-153.6049,0,0.9995751,0,0.02914878;
custom,cuboid,metal4,4,4,0.2,0,1,1,1,1.0,1.0,-106.935,9.923993,-147.0211,0,0.7031404,0,0.711051;
custom,cuboid,metal4,4,4,4,0,1,1,1,1.0,1.0,-111.7116,-17.62187,-150.8791,0,0.7067496,0,-0.7074639;
custom,tube,metal4,0.1,30,0.1,0,1,1,1,1.0,1.0,-109.839,8.978298,-31.30781,0.7025583,0.03562186,0.001234537,0.710733;
custom,cuboid,metal4,3,3,3,0,1,1,1,1.0,1.0,-104.8563,-7.788591,-117.1627,0,0.01265861,0,0.9999199;
custom,cuboid,metal4,3,3,3,0,1,1,1,1.0,1.0,-98.46856,6.455596,-118.3228,0,0.02154812,0,0.9997678;
custom,cuboid,default,0.2,3,30,0,1,1,1,1.0,1.0,3.809977,6.841945,-143.0168,0,0.9999944,0,0.003359366;
custom,cylinder,bark,1,3,1,0,1,1,1,1.0,1.0,-10.55044,-8.441092,-50.18145,0,0.9997036,0,0.02434498;
racing,killCuboid,3,1,30,-7.929765,-2.825491,-172.222,0,0.9999809,0,0.006189167;
racing,killCuboid,0.2,3,30,3.847594,5.809945,-171.3902,0,0.9999948,0,0.003240364;
custom,cylinder,bark,1,3,1,0,1,1,1,1.0,1.0,-18.69797,-8.080661,-27.78219,0,0.9998785,0,0.01558856;
custom,cuboid,default,3,3,3,0,1,1,1,1.0,1.0,-11.33688,6.634971,20.87687,0,0.7161587,0,-0.6979375;
racing,startCuboid,3,3,0.2,-10.40059,6.678814,-22.55548,0,0.9998382,0,0.01798889;
custom,cuboid,default,3,1,30,0,1,1,1,1.0,1.0,-9.126307,-3.92434,-141.6527,0,0.9999804,0,0.006266521;
custom,cuboid,default,0.2,3,30,0,1,1,1,1.0,1.0,-21.47653,6.561019,-142.2717,0,0.9999631,0,0.008590399;
racing,killCylinder,1,3,1,-10.55044,-8.401092,-50.18145,0,0.9997036,0,0.02434498;
custom,cylinder,bark,1,3,1,0,1,1,1,1.0,1.0,-1.80065,-7.961168,-27.36969,0,0.9998883,0,-0.01494547;
custom,cuboid,default,0.2,3,30,0,1,1,1,1.0,1.0,3.809977,6.841945,-143.0168,0,0.9999944,0,0.003359366;
custom,cylinder,bark,1,3,1,0,1,1,1,1.0,1.0,-10.55044,-8.441092,-50.18145,0,0.9997036,0,0.02434498;
racing,killCuboid,3,1,30,-7.929765,18.77452,-172.222,0,0.9999809,0,0.006189167;
racing,killCuboid,0.2,3,30,-21.31747,6.609944,-142.2303,0,0.999967,0,0.008127208;
custom,cylinder,bark,1,3,1,0,1,1,1,1.0,1.0,-18.69797,-8.080661,-27.78219,0,0.9998785,0,0.01558856;
custom,cuboid,default,3,3,3,0,1,1,1,1.0,1.0,-11.33688,6.634971,20.87687,0,0.7161587,0,-0.6979375;
racing,startCuboid,3,3,0.2,-10.40059,6.678814,-22.55548,0,0.9998382,0,0.01798889;
custom,cuboid,default,3,1,30,0,1,1,1,1.0,1.0,-9.126307,-3.92434,-141.6527,0,0.9999804,0,0.006266521;
custom,cuboid,default,0.2,3,30,0,1,1,1,1.0,1.0,-21.47653,6.561019,-142.2717,0,0.9999631,0,0.008590399;
racing,killCylinder,1,3,1,-10.55044,-8.401092,-50.18145,0,0.9997036,0,0.02434498;
custom,cylinder,bark,1,3,1,0,1,1,1,1.0,1.0,-1.80065,-7.961168,-27.36969,0,0.9998883,0,-0.01494547;
racing,killCuboid,4,4,4,-13.21617,38.80487,-12.20173,0,0.9999359,0,0.01132603;
racing,killCylinder,1,1,1,-19.52223,6.770202,-85.73948,0,0.9998402,0,0.01787909;
custom,cylinder,bark,1,1,1,0,1,1,1,1.0,1.0,-19.52223,6.770202,-85.73948,0,0.9998402,0,0.01787909;
custom,cylinder,bark,1,1,1,0,1,1,1,1.0,1.0,-1.642206,8.356482,-84.73907,0,0.9994502,0,0.03315612;
racing,killCylinder,1,1,1,-1.642206,8.356482,-84.73907,0,0.9994502,0,0.03315612;
racing,killCylinder,1,1,1,-9.962444,4.320699,-104.9796,0,0.9994498,0,0.03316756;
custom,cylinder,bark,1,1,1,0,1,1,1,1.0,1.0,-9.962444,4.320699,-104.9796,0,0.9994498,0,0.03316756;
custom,cylinder,bark,1,1,1,0,1,1,1,1.0,1.0,-18.02115,5.893823,-135.7983,0,0.9983658,0,0.05714742;
racing,killCylinder,1,1,1,-18.02115,5.893823,-135.7983,0,0.9983658,0,0.05714742;
custom,cylinder,bark,1,1,1,0,1,1,1,1.0,1.0,1.574454,7.16424,-137.4692,0,0.9992109,0,0.03971922;
racing,killCylinder,1,1,1,1.574454,7.16424,-137.4692,0,0.9992109,0,0.03971922;
custom,cylinder,bark,1,1,1,0,1,1,1,1.0,1.0,-7.215365,7.958103,-177.6888,0,0.998826,0,0.04844267;
racing,killCylinder,1,1,1,-7.215365,7.958103,-177.6888,0,0.998826,0,0.04844267;
custom,cuboid,bark,4,4,4,0,1,1,1,1.0,1.0,5.193969,7.367377,-246.8367,0,0.9999079,0,0.01357769;
racing,killCuboid,4,4,4,4.787007,7.607377,-246.7048,0,0.999903,0,0.01392672;
racing,killCuboid,0.2,3,30,-145.0893,5.75742,-319.4064,0,0.7024794,0,-0.7117041;
custom,cuboid,default,0.2,3,30,0,1,1,1,1.0,1.0,3.809977,6.841945,-143.0168,0,0.9999944,0,0.003359366;
custom,cylinder,bark,1,3,1,0,1,1,1,1.0,1.0,-10.55044,-8.441092,-50.18145,0,0.9997036,0,0.02434498;
racing,killCuboid,3,1,30,-7.929765,-2.825491,-172.222,0,0.9999809,0,0.006189167;
racing,killCuboid,0.2,3,30,3.847594,5.809945,-171.3902,0,0.9999948,0,0.003240364;
custom,cylinder,bark,1,3,1,0,1,1,1,1.0,1.0,-18.69797,-8.080661,-27.78219,0,0.9998785,0,0.01558856;
custom,cuboid,default,3,3,3,0,1,1,1,1.0,1.0,-11.33688,6.634971,20.87687,0,0.7161587,0,-0.6979375;
racing,startCuboid,3,3,0.2,-10.40059,6.678814,-22.55548,0,0.9998382,0,0.01798889;
custom,cuboid,default,3,1,30,0,1,1,1,1.0,1.0,-9.126307,-3.92434,-141.6527,0,0.9999804,0,0.006266521;
custom,cuboid,default,0.2,3,30,0,1,1,1,1.0,1.0,-21.47653,6.561019,-142.2717,0,0.9999631,0,0.008590399;
racing,killCylinder,1,3,1,-10.55044,-8.401092,-50.18145,0,0.9997036,0,0.02434498;
custom,cylinder,bark,1,3,1,0,1,1,1,1.0,1.0,-1.80065,-7.961168,-27.36969,0,0.9998883,0,-0.01494547;
custom,cuboid,default,0.2,3,30,0,1,1,1,1.0,1.0,3.809977,6.841945,-143.0168,0,0.9999944,0,0.003359366;
custom,cylinder,bark,1,3,1,0,1,1,1,1.0,1.0,-10.55044,-8.441092,-50.18145,0,0.9997036,0,0.02434498;
racing,killCuboid,3,1,30,-7.929765,18.77452,-172.222,0,0.9999809,0,0.006189167;
racing,killCuboid,0.2,3,30,-21.31747,6.609944,-142.2303,0,0.999967,0,0.008127208;
custom,cylinder,bark,1,3,1,0,1,1,1,1.0,1.0,-18.69797,-8.080661,-27.78219,0,0.9998785,0,0.01558856;
custom,cuboid,default,3,3,3,0,1,1,1,1.0,1.0,-11.33688,6.634971,20.87687,0,0.7161587,0,-0.6979375;
racing,startCuboid,3,3,0.2,-10.40059,6.678814,-22.55548,0,0.9998382,0,0.01798889;
custom,cuboid,default,3,1,30,0,1,1,1,1.0,1.0,-9.126307,-3.92434,-141.6527,0,0.9999804,0,0.006266521;
custom,cuboid,default,0.2,3,30,0,1,1,1,1.0,1.0,-21.47653,6.561019,-142.2717,0,0.9999631,0,0.008590399;
racing,killCylinder,1,3,1,-10.55044,-8.401092,-50.18145,0,0.9997036,0,0.02434498;
custom,cylinder,bark,1,3,1,0,1,1,1,1.0,1.0,-1.80065,-7.961168,-27.36969,0,0.9998883,0,-0.01494547;
racing,killCuboid,4,4,4,-13.21617,38.80487,-12.20173,0,0.9999359,0,0.01132603;
racing,killCylinder,1,1,1,-19.52223,6.770202,-85.73948,0,0.9998402,0,0.01787909;
custom,cylinder,bark,1,1,1,0,1,1,1,1.0,1.0,-19.52223,6.770202,-85.73948,0,0.9998402,0,0.01787909;
custom,cylinder,bark,1,1,1,0,1,1,1,1.0,1.0,-1.642206,8.356482,-84.73907,0,0.9994502,0,0.03315612;
racing,killCylinder,1,1,1,-1.642206,8.356482,-84.73907,0,0.9994502,0,0.03315612;
racing,killCylinder,1,1,1,-9.962444,4.320699,-104.9796,0,0.9994498,0,0.03316756;
custom,cylinder,bark,1,1,1,0,1,1,1,1.0,1.0,-9.962444,4.320699,-104.9796,0,0.9994498,0,0.03316756;
custom,cylinder,bark,1,1,1,0,1,1,1,1.0,1.0,-18.02115,5.893823,-135.7983,0,0.9983658,0,0.05714742;
racing,killCylinder,1,1,1,-18.02115,5.893823,-135.7983,0,0.9983658,0,0.05714742;
custom,cylinder,bark,1,1,1,0,1,1,1,1.0,1.0,1.574454,7.16424,-137.4692,0,0.9992109,0,0.03971922;
racing,killCylinder,1,1,1,1.574454,7.16424,-137.4692,0,0.9992109,0,0.03971922;
custom,cylinder,bark,1,1,1,0,1,1,1,1.0,1.0,-7.215365,7.958103,-177.6888,0,0.998826,0,0.04844267;
racing,killCylinder,1,1,1,-7.215365,7.958103,-177.6888,0,0.998826,0,0.04844267;
custom,cuboid,bark,4,4,4,0,1,1,1,1.0,1.0,5.193969,7.367377,-246.8367,0,0.9999079,0,0.01357769;
racing,killCuboid,4,4,4,4.787007,7.607377,-246.7048,0,0.999903,0,0.01392672;
racing,killCuboid,0.2,3,30,-167.9715,6.957419,-289.5908,0,0.7024794,0,-0.7117041;
racing,killCuboid,5,1,30,-162.9555,-3.041611,-307.5163,0,0.7059145,0,-0.7082971;
racing,killCuboid,5,1,30,-160.727,26.40098,-306.9523,0,0.7150279,0,0.6990959;
custom,cylinder,default,1,5,1,0,1,1,1,1.0,1.0,-15.46782,-11.20787,-294.0767,0,0.575285,0,0.8179531;
racing,killCylinder,1,5,1,-15.02398,-12.62615,-293.7846,0,0.5207251,0,-0.8537244;
racing,killCylinder,1,5,1,-15.34535,-12.37921,-294.1938,0,0.1155073,0,-0.9933066;
custom,sphere,default,1,1,1,0,1,1,1,1.0,1.0,-44.69672,21.60152,-302.2956,0,0.704146,0,-0.7100553;
custom,sphere,default,1,1,1,0,1,1,1,1.0,1.0,-84.6264,23.15004,-301.2992,0,0.7072388,0,-0.7069747;
custom,sphere,default,1,1,1,0,1,1,1,1.0,1.0,-133.2707,23.15004,-301.3173,0,0.7072388,0,-0.7069747;
custom,sphere,default,1,1,1,0,1,1,1,1.0,1.0,-213.4173,23.55004,-302.9472,0,0.7072388,0,-0.7069747;
custom,sphere,default,1,1,1,0,1,1,1,1.0,1.0,-274.8825,23.15004,-308.5082,0,0.7072388,0,-0.7069747;
custom,cuboid,default,2,2,2,0,1,1,1,1.0,1.0,-26.36837,-6.462328,-306.8799,0,0.6853284,0,-0.7282341;
custom,cylinder,default,1,1,1,0,1,1,1,1.0,1.0,-16.87703,4.714229,-313.5007,0,0.9998835,0,-0.01526456;
custom,cuboid,default,0.2,4,3,0,1,1,1,1.0,1.0,-309.2273,2.292331,-313.7365,0,0.04776976,0,0.9988584;
custom,cuboid,default,0.2,4,3,0,1,1,1,1.0,1.0,-305.136,2.398276,-325.1287,0,0.7252303,0,0.6885064;
custom,cuboid,default,0.2,4,3,0,1,1,1,1.0,1.0,-307.3347,8.906065,-297.8532,0,0.9985013,0,-0.05472785;
racing,checkpointCuboid,1,1,10,-355.8443,12.92722,-296.9485,0,0.7512763,0,0.659988;
custom,cuboid,default,0.2,3,10,0,1,1,1,1.0,1.0,-358.7094,9.526181,-307.1494,0,0.7714598,0,0.6362782;
custom,cuboid,default,0.2,3,10,0,1,1,1,1.0,1.0,-392.1725,9.310469,-251.2283,0,0.1624675,0,0.9867139;
custom,cuboid,default,0.2,3,10,0,1,1,1,1.0,1.0,-346.981,14.7026,-251.8451,0,0.6928995,0,0.7210342;
racing,killCuboid,0.2,3,10,-346.981,14.3026,-251.8451,0,0.6928995,0,0.7210342;
custom,cuboid,default,0.2,3,10,0,1,1,1,1.0,1.0,-255.6654,11.58547,-248.1149,0,0.6928995,0,0.7210342;
racing,killCuboid,0.2,3,10,-255.6654,11.58547,-248.1149,0,0.6928995,0,0.7210342;
racing,killCuboid,5,1,30,-234.7925,-7.732028,-292.2818,0,0.7531047,0,0.6579007;
racing,killCuboid,5,1,30,-226.3897,-4.426428,-260.129,0,0.7093862,0,0.70482;
custom,cuboid,bark3,5,1,5,0,1,1,1,1.0,1.0,-338.3101,-2.82511,-303.5685,0,0.7742264,0,0.6329088;
custom,cuboid,bark3,5,1,5,0,1,1,1,1.0,1.0,-378.3746,-2.958997,-293.6478,0,0.7891907,0,0.6141482;
custom,cuboid,bark3,5,1,5,0,1,1,1,1.0,1.0,-389.8977,-0.7589942,-257.3996,0,0.7891907,0,0.6141482;
racing,killCuboid,0.2,5,30,-370.5929,1.297802,-205.266,0,0.7389632,0,0.6737459;
racing,killCuboid,0.2,5,30,-327.4915,0.2494677,-181.3651,0,0.6994438,0,-0.7146876;
spawnpoint,playerC,-11.61925,14.09204,-9.28935,0,0.9997119,0,0.02400473;
misc,barrier,5,1,20,-304.3372,26.92476,-271.6532,0,0.7132633,0,-0.7008962;
misc,barrier,5,1,10,-356.3415,26.98184,-310.831,0,0.7401958,0,0.6723915;
custom,cuboid,bark3,0.3,5,10,0,1,1,1,1.0,1.0,-181.517,0.1823983,-233.2983,0,0.01304653,0,0.9999149;
custom,cuboid,bark3,0.3,5,10,0,1,1,1,1.0,1.0,-228.8583,0.1194867,-222.1692,0,0.6772403,0,-0.7357619;
racing,killCuboid,999,5,999,-4312.623,-24.30582,-34.4993,0,0.7099404,0,-0.7042618;
custom,sphere,bark3,1,1,1,0,1,1,1,1.0,1.0,-449.9506,23.58467,-190.15,0,0.7312577,0,0.6821012;
custom,sphere,bark3,1,1,1,0,1,1,1,1.0,1.0,-507.9161,26.9444,-153.6098,0,0.9902478,0,0.1393173;
custom,cuboid,bark3,0.2,5,30,0,1,1,1,1.0,1.0,-380.8285,-2.543064,-142.6048,0,0.7039029,0,0.7102963;
racing,killCuboid,0.2,5,30,-380.023,-2.503062,-143.3571,0,0.7039029,0,0.7102963;
racing,killCuboid,0.2,5,5,-516.3412,0.2557031,-165.547,0,0.9998037,0,0.01981339;
misc,barrier,9,1,30,-393.2339,26.53351,-182.2535,0,0.6850496,0,0.7284964;
misc,barrier,9,1,30,-259.4751,27.91475,-212.8703,0,0.6786595,0,0.7344531;
custom,cuboid,bark3,0.2,5,30,0,1,1,1,1.0,1.0,-178.7028,0.333027,-36.50433,0,0.9999708,0,-0.007647943;
racing,killCuboid,0.2,5,30,-179.0851,0.1696543,-36.42701,0,0.9999667,0,-0.00815688;
custom,cuboid,bark3,0.2,5,30,0,1,1,1,1.0,1.0,-202.2151,-1.63845,10.30885,0,0.9995404,0,-0.03031354;
racing,killCuboid,0.2,5,30,-201.3428,-1.838456,8.625957,0,0.9995404,0,-0.03031354;
custom,cuboid,bark3,4,5,4,0,1,1,1,1.0,1.0,-229.1897,-2.792559,-124.0397,0,0.701076,0,-0.7130867;
misc,barrier,5,1,30,-189.2546,26.81433,10.01444,0,0.9998871,0,-0.01502593;
misc,barrier,5,1,30,-324.1729,28.88739,-156.105,0,0.7330158,0,-0.6802117;
racing,killCuboid,0.1,5,5,-170.9576,-1.104235,143.9556,0,0.7164952,0,-0.6975921;
racing,killCuboid,0.1,5,30,-159.019,1.176091,17.92393,0,0.02674212,0,0.9996424;
racing,killCuboid,5,1,30,-183.4089,28.24887,3.429159,0,0.9996657,0,-0.02585366;
custom,cuboid,metal4,0.2,4,30,0,1,1,1,1.0,1.0,-129.4372,10.77877,-4.641134,0,0.008616353,0,0.9999629;
custom,cuboid,metal4,0.2,4,5,0,1,1,1,1.0,1.0,-157.0231,5.53798,-147.2374,0,0.7193897,0,-0.6946067;
custom,sphere,default,1,1,1,0,1,1,1,1.0,1.0,-324.7361,25.66097,-197.8849,0,0.8492156,0,-0.5280464;
custom,sphere,default,1,1,1,0,1,1,1,1.0,1.0,-237.5441,21.59596,-190.2,0,0.7358226,0,-0.6771744;
racing,killCuboid,0.2,4,30,-129.4372,10.97877,-4.641134,0,0.008616359,0,0.9999629;
custom,cuboid,metal4,1,1,1,0,1,1,1,1.0,1.0,-139.6644,-1.937646,150.2098,0,0.9994603,0,0.03285135;
racing,checkpointCuboid,0.1,0.1,0.1,-139.981,3.225801,151.0417,0,0.9991354,0,0.04157592;
racing,checkpointCuboid,0.1,0.1,0.1,-23.22364,3.346471,-303.6476,0,0.6509979,0,0.7590795;
custom,cuboid,metal4,0.2,5,30,0,1,1,1,1.0,1.0,-115.4384,9.916645,19.83537,0,0.999886,0,-0.01509804;
racing,killCuboid,0.2,5,30,-115.7308,12.47309,18.7872,0,0.999882,0,-0.01535983;
racing,killCuboid,0.2,5,30,-113.0127,12.35091,18.64499,0,0.02075936,0,0.9997845;
custom,cuboid,metal4,5,5,5,0,1,1,1,1.0,1.0,-136.1074,17.85519,180.1442,0,0.7010507,0,-0.7131115;
custom,cuboid,metal4,9,1,30,0,1,1,1,1.0,1.0,-139.524,32.50863,-7.115968,0,0.9998516,0,-0.01722911;
custom,cuboid,metal4,4,1,4,0,1,1,1,1.0,1.0,-131.7658,25.34671,154.4444,0,0.6964358,0,-0.7176192;
custom,cuboid,metal4,4,4,0.2,0,1,1,1,1.0,1.0,-120.1262,8.439543,-153.6049,0,0.9995751,0,0.02914878;
custom,cuboid,metal4,4,4,0.2,0,1,1,1,1.0,1.0,-106.935,9.923993,-147.0211,0,0.7031404,0,0.711051;
custom,cuboid,metal4,4,4,4,0,1,1,1,1.0,1.0,-111.7116,-17.62187,-150.8791,0,0.7067496,0,-0.7074639;
custom,tube,metal4,0.1,30,0.1,0,1,1,1,1.0,1.0,-99.4277,11.65829,183.9133,0.7025583,0.03562186,0.001234537,0.7107331;
custom,cuboid,metal4,3,3,3,0,1,1,1,1.0,1.0,-104.8563,-7.788591,-117.1627,0,0.01265861,0,0.9999199;
custom,cuboid,metal4,3,3,3,0,1,1,1,1.0,1.0,-98.46856,6.455596,-118.3228,0,0.02154812,0,0.9997678;
custom,tube,metal4,0.1,50,0.1,0,1,1,1,1.0,1.0,77.20098,13.632,288.0213,0.4850503,0.5146101,-0.5128164,0.4867464;
custom,cuboid,metal4,0.2,0.2,0.2,0,1,1,1,1.0,1.0,-94.07337,11.73304,297.3623,0,0.9998716,0,-0.01602879;
custom,cuboid,metal4,0.2,0.2,0.2,0,1,1,1,1.0,1.0,-95.36495,13.04757,297.3193,0,0.9999928,0,-0.003808295;
custom,cuboid,metal4,0.2,0.2,0.2,0,1,1,1,1.0,1.0,-94.00914,13.21805,298.8865,0,0.7369009,0,0.6760008;
custom,cuboid,metal4,0.2,0.2,0.2,0,1,1,1,1.0,1.0,-93.97535,14.50045,297.8337,0,0.08051162,0,0.9967537;
custom,tube,metal4,0.1,50,0.1,0,1,1,1,1.0,1.0,311.916,14.84361,275.5706,0.4860455,0.5138487,-0.5070775,0.4925359;
custom,sphere,metal4,1,1,1,0,1,1,1,1.0,1.0,519.0714,24.82462,267.4617,0,0.6712397,0,-0.7412403;
custom,sphere,metal4,1,1,1,0,1,1,1,1.0,1.0,637.0127,21.09055,260.9327,0,0.6888386,0,-0.7249147;
custom,sphere,metal4,1,1,1,0,1,1,1,1.0,1.0,555.1464,27.61583,268.725,0,0.01895322,0,0.9998204;
custom,sphere,metal4,1,1,1,0,1,1,1,1.0,1.0,698.1603,18.45643,258.9332,0,0.749418,0,-0.6620972;
custom,cuboid,metal4,5,5,5,0,1,1,1,1.0,1.0,695.8641,-15.49653,256.2229,0,0.6690051,0,-0.7432578;
custom,cuboid,metal4,2,5,0.2,0,1,1,1,1.0,1.0,722.2805,21.15737,267.7127,0,0.6712781,0,-0.7412056;
custom,cuboid,metal4,2,5,0.2,0,1,1,1,1.0,1.0,720.0849,20.11494,245.6708,0,0.6687078,0,-0.7435254;
custom,tube,metal4,0.2,30,0.2,0,1,1,1,1.0,1.0,722.2286,-104.0316,256.6578,0,0.7372639,0,0.6756049;
custom,cuboid,metal4,2,4,0.2,0,1,1,1,1.0,1.0,723.9873,9.35746,256.3393,0,0.7425534,0,0.6697869;
custom,prism,metal4,0.1,0.1,0.1,1,1,0,0,1.0,1.0,723.2815,10.86854,256.6388,-0.4539675,0.5343585,0.515411,0.4926725;
custom,cylinder,metal4,0.1,0.1,0.1,1,1,0,0,1.0,1.0,723.3453,12.02493,256.6305,0,0.7277599,0,0.685832;
custom,cuboid,default,1,1,1,0,1,1,1,1.0,1.0,723.5123,-7190.758,257.6773,0,0.7880181,0,-0.6156521;
racing,endCuboid,0.1,0.1,0.1,722.1113,-7185.422,256.6154,0,0.7475207,0,-0.6642385;
custom,cuboid,metal4,3,3,3,0,1,1,1,1.0,1.0,719.4995,-231.6456,255.6126,0,0.9928126,0,-0.1196798;
custom,cuboid,metal4,3,3,3,0,1,1,1,1.0,1.0,742.9386,-205.9036,248.6577,0,0.6276476,0,-0.7784976;
custom,cuboid,metal4,3,3,3,0,1,1,1,1.0,1.0,712.0772,-206.7868,233.0194,0,0.1408675,0,0.9900285;
custom,cuboid,metal4,3,3,3,0,1,1,1,1.0,1.0,695.0094,-206.0226,260.268,0,0.757541,0,0.6527877;
custom,cuboid,metal4,3,3,3,0,1,1,1,1.0,1.0,723.6766,-204.6332,276.3454,0,0.9951904,0,-0.09795921;
custom,cuboid,metal4,3,3,3,0,1,1,1,1.0,1.0,705.7347,-177.8941,255.6932,0,0.9942977,0,-0.1066396;
custom,cuboid,metal4,3,3,3,0,1,1,1,1.0,1.0,736.5693,-178.5701,246.9814,0,0.9981384,0,-0.06099017;
custom,cuboid,metal4,3,3,3,0,1,1,1,1.0,1.0,723.3137,-172.2591,271.682,0,0.9993932,0,-0.03483203;
custom,cuboid,metal4,3,3,3,0,1,1,1,1.0,1.0,709.1733,-178.292,244.9664,0,0.8265498,0,0.5628636;