spawnpoint,playerC,3704.127,9863.894,-380.8834,0,0,0,1;
racing,startCuboid,5,4,1,3704.107,9872.776,-400.8639,0,0,0,1;
racing,startCuboid,5,4,1,3704.107,9872.776,-360.9349,0,0,0,1;
racing,startCuboid,3,4,1,3684.127,9872.776,-380.9345,0,0.7071068,0,0.7071068;
racing,startCuboid,3,4,1,3724.067,9872.776,-380.9355,0,0.7071068,0,0.7071068;
racing,startCuboid,5,1,5,3704.127,9897.753,-380.8834,0,0,0,1;
custom,cuboid,stone3,3,1,3,1,1,1,1,1,1,-10495.91,9008.434,-380.9036,0,0,0,1;
base,aot_supply,default,0.01,0.01,1,1,1,1,1,1,1,-10495.91,9011.934,-380.9036,0.7071068,0,0,0.7071068;
racing,checkpointCuboid,0.25,0.25,0.25,-10495.91,9014.934,-380.9036,0,0,0,1;
custom,cuboid,grass3,200,10,500,1,1,1,1,1,1,-9595.912,8953.434,-380.9036,0,0,0,1;
custom,cylinder,stone2,11,0.3,11,1,1,1,1,1,1,-9495.912,9003.434,-380.9036,0,0,0,1;
custom,cylinder,stone2,15,0.4,15,1,1,1,1,1,1,-9495.912,9133.434,-380.9036,0,0,0,1;
custom,tube,stone2,14,18,14,1,1,1,1,1,1,-9495.912,9073.434,-380.9036,0,0,0,1;
custom,windmill1,default,5.2,5.2,5.2,1,1,1,1,1,1,-9550.912,9005.434,-335.9036,0,0.9999995,0,0.0009999995;
photon,spawnTitan,0,0,-9495.912,9008.434,-380.9036,0,0,0,1;
custom,cuboid,stone3,3,1,3,1,1,1,1,1,1,-6595.914,9858.434,-380.9036,0,0,0,1;
base,aot_supply,default,0.01,0.01,1,1,1,1,1,1,1,-6595.914,9861.934,-380.9036,0.7071068,0,0,0.7071068;
racing,checkpointCuboid,0.25,0.25,0.25,-6595.914,9864.934,-380.9036,0,0,0,1;
custom,cuboid,grass3,224.5,10,500,1,1,1,1,1,1,-7595.914,9388.434,-380.9036,0,0,0.1961161,0.9805807;
custom,cuboid,grass3,220,10,500,1,1,1,1,1,1,-5595.914,9388.434,-380.9036,0,0,-0.1961161,0.9805807;
custom,sphere,grass2,5,5,5,1,1,1,1,1,1,-6595.914,10058.43,-380.9036,0,0,0,1;
custom,sphere,grass2,5,5,5,1,1,1,1,1,1,-6295.914,10558.43,-380.9036,0,0,0,1;
custom,sphere,grass2,5,5,5,1,1,1,1,1,1,-5995.914,11058.43,-380.9036,0,0,0,1;
custom,cylinder,stone2,11,0.3,11,1,1,1,1,1,1,-5795.914,12003.43,-380.9036,0,0,0,1;
custom,cylinder,stone2,15,0.4,15,1,1,1,1,1,1,-5795.914,12133.43,-380.9036,0,0,0,1;
custom,tube,stone2,14,18,14,1,1,1,1,1,1,-5795.914,12073.43,-380.9036,0,0,0,1;
custom,windmill1,default,5.2,5.2,5.2,1,1,1,1,1,1,-5850.914,12005.43,-335.9036,0,0.9999995,0,0.0009999995;
photon,spawnTitan,0,0,-5795.914,12008.43,-380.9036,0,0,0,1;
custom,cuboid,stone3,3,1,3,1,1,1,1,1,1,-2565.913,9858.434,-380.9036,0,0,0,1;
base,aot_supply,default,0.01,0.01,1,1,1,1,1,1,1,-2565.913,9861.934,-380.9036,0.7071068,0,0,0.7071068;
racing,checkpointCuboid,0.25,0.25,0.25,-2565.913,9864.934,-380.9036,0,0,0,1;
custom,cuboid,grass3,224.5,10,500,1,1,1,1,1,1,-3595.913,9388.434,-380.9036,0,0,0.1961161,0.9805807;
custom,cuboid,grass3,220,10,500,1,1,1,1,1,1,-1595.913,9388.434,-380.9036,0,0,-0.1961161,0.9805807;
custom,cuboid,grass3,224.5,10,500,1,1,1,1,1,1,404.0867,9388.434,-380.9036,0,0,0.1961161,0.9805807;
custom,cuboid,grass3,224.5,10,500,1,1,1,1,1,1,2540.085,9813.434,-380.9036,0,0,0,1;
racing,killcuboid,410,100,500,-545.9133,9353.434,-380.9036,0,0,0,1;
custom,sphere,grass2,5,1,5,1,1,1,1,1,1,-2395.913,9848.434,-380.9036,0,0,0,1;
custom,sphere,grass2,5,1,5,1,1,1,1,1,1,-2245.913,9848.434,-380.9036,0,0,0,1;
custom,sphere,grass2,5,5,5,1,1,1,1,1,1,-2145.913,9958.434,-380.9036,0,0,0,1;
custom,sphere,grass2,5,5,5,1,1,1,1,1,1,-1695.913,10258.43,-380.9036,0,0,0,1;
custom,sphere,grass2,5,5,5,1,1,1,1,1,1,-695.9133,10758.43,-380.9036,0,0,0,1;
custom,sphere,grass2,20,1.2,20,1,1,1,1,1,1,304.0867,9848.434,-380.9036,0,0,0,1;
custom,cylinder,stone2,11,0.3,11,1,1,1,1,1,1,304.0867,9856.434,-380.9036,0,0,0,1;
custom,cylinder,stone2,15,0.4,15,1,1,1,1,1,1,304.0867,9986.434,-380.9036,0,0,0,1;
custom,tube,stone2,14,18,14,1,1,1,1,1,1,304.0867,9926.434,-380.9036,0,0,0,1;
custom,windmill1,default,5.2,5.2,5.2,1,1,1,1,1,1,249.0867,9858.434,-335.9036,0,0.9999995,0,0.0009999995;
photon,spawnTitan,0,0,304.0867,9858.434,-380.9036,0,0,0,1;
custom,cylinder,stone2,11,0.3,11,1,1,1,1,1,1,3204.086,9863.434,-380.9036,0,0,0,1;
custom,cylinder,stone2,15,0.4,15,1,1,1,1,1,1,3204.086,9993.434,-380.9036,0,0,0,1;
custom,tube,stone2,14,18,14,1,1,1,1,1,1,3204.086,9933.434,-380.9036,0,0,0,1;
custom,windmill1,default,5.2,5.2,5.2,1,1,1,1,1,1,3149.086,9865.434,-335.9036,0,0.9999995,0,0.0009999995;
photon,spawnTitan,0,0,3204.086,9868.434,-380.9036,0,0,0,1;
racing,killcuboid,246,10,500,4889.086,9812.434,-380.9036,0,0,0,1;
misc,barrier,3,500,150,3664.086,12308.43,-2130.9,0,0,0,1;
misc,barrier,3,500,225,3664.086,12308.43,1019.096,0,0,0,1;
custom,cuboid,stone3,3,1,3,1,1,1,1,1,1,3704.086,9858.434,-380.9036,0,0,0,1;
custom,cuboid,stone3,50.5,1,0.5,1,1,1,1,1,1,3954.086,9856.434,-380.9036,0,0,0,1;
custom,cuboid,stone3,0.5,1,49.5,1,1,1,1,1,1,4204.086,9856.434,-630.8997,0,0,0,1;
custom,cuboid,stone3,50.5,1,0.5,1,1,1,1,1,1,4454.086,9856.434,-880.8999,0,0,0,1;
custom,cuboid,stone3,0.5,1,99.5,1,1,1,1,1,1,4704.086,9856.434,-380.9036,0,0,0,1;
custom,cuboid,stone3,50.5,1,0.5,1,1,1,1,1,1,4954.086,9856.434,119.0964,0,0,0,1;
custom,cuboid,stone3,0.5,1,49.5,1,1,1,1,1,1,5204.086,9856.434,-130.9036,0,0,0,1;
custom,cuboid,stone3,50.5,1,0.5,1,1,1,1,1,1,5454.086,9856.434,-380.9036,0,0,0,1;
custom,cuboid,stone3,3,1,3,1,1,1,1,1,1,5704.086,9858.434,-380.9036,0,0,0,1;
misc,barrier,220,2,500,4704.086,9758.434,-380.9036,0,0,0,1;
misc,barrier,100,12,2,4004.086,9793.434,-380.9036,0,0.3713907,0,0.9284767;
misc,barrier,400,12,2,4804.086,9793.434,-380.9036,0,-0.3713907,0,0.9284767;
misc,barrier,100,12,2,4714.086,9793.434,-380.9036,0,-0.3713907,0,0.9284767;
misc,barrier,60,2,200,4504.086,9793.434,-630.8997,0,0,0.05989229,0.9982049;
misc,barrier,60,30,2,4934.086,9863.434,-171.9036,0,-0.3713907,0,0.9284767;
misc,barrier,60,30,2,4934.086,9863.434,-256.9036,0,-0.3713907,0,0.9284767;
misc,barrier,40,2,45,4904.086,9893.434,-230.9036,0,0,0.1961161,0.9805807;
misc,barrier,110,2,80,5624.086,9963.434,-130.9036,0,0,0,1;
misc,barrier,10,2,20,5131.986,9959.934,-40.90356,0,0,-0.09950373,0.9950372;
misc,barrier,60,10,2,5354.086,9963.434,-171.9036,0,0.3713907,0,0.9284767;
misc,barrier,60,10,2,5354.086,9963.434,-256.9036,0,0.3713907,0,0.9284767;
misc,barrier,50,0.1,200,4484.086,9828.434,-630.8997,0,0,0.05989229,0.9982049;
misc,barrier,40,0.1,45,4904.086,9933.434,-230.9036,0,0,0.1961161,0.9805807;
misc,barrier,110,0.1,80,5624.086,10003.43,-130.9036,0,0,0,1;
misc,barrier,60,5,2,5864.086,9983.434,-455.9035,0,0,0,1;
misc,barrier,60,5,2,5864.086,9983.434,-375.9036,0,0,0,1;
misc,barrier,10,500,500,4704.086,12373.43,-380.9036,0,0,0,1;
misc,barrier,58,500,250,5914.086,12313.43,-1700.9,0,0,0,1;
misc,barrier,58,500,250,5914.086,12313.43,909.0964,0,0,0,1;
misc,barrier,48,500,15,5924.086,12493.43,-400.9036,0,0,0,1;
misc,barrier,58,5,5,5914.086,9988.434,-355.9036,0,0,0,1;
custom,tower2,default,5,1.5,5,1,1,1,1,1,1,6184.088,9813.434,-530.8997,0,0,0,1;
custom,canal1,default,5,6,4,1,1,1,1,1,1,5924.086,9753.434,-380.9036,0,0,0,1;
custom,cuboid,brick4,1,3,500,1,1,1,1,1,1,6199.088,9868.434,-380.9036,0,0,0,1;
custom,cuboid,grass3,100,10,500,1,1,1,1,1,1,6604.089,9813.434,-380.9036,0,0,0,1;
custom,cuboid,stone3,3,1,3,1,1,1,1,1,1,6304.088,9863.434,-380.9036,0,0,0,1;
custom,bridge1,stone3,4,1,0.2,1,1,1,1,1,1,7184.091,9863.434,-380.9036,0,0,0,1;
custom,bridge1,stone3,2,1,0.17,1,1,1,1,1,1,6956.891,9848.533,-380.9036,0,0,0.09950373,0.9950372;
custom,bridge1,stone3,2,1,0.17,1,1,1,1,1,1,7411.291,9848.533,-380.9036,0,0,-0.09950373,0.9950372;
custom,cuboid,grass3,90,3,500,1,1,1,1,1,1,7754.091,9848.434,-380.9036,0,0,0,1;
custom,tube,lava1,100,1,100,1,1,1,1,1,1,8704.092,9828.434,-380.9036,0,0,0,1;
custom,cuboid,grass3,400,3,500,1,1,1,1,1,1,7784.091,9348.434,-380.9036,0,0,0,1;
custom,cuboid,grass3,140,1,500,1,1,1,1,1,1,7748.091,9589.934,-380.9036,0,0,-0.1961161,0.9805807;
racing,killcuboid,500,60,500,9504.092,9548.434,-380.9036,0,0,0,1;
custom,bridge1,stone3,2,1,1,1,1,1,1,1,1,8106.893,9848.533,-380.9036,0,0,0.09950373,0.9950372;
custom,cuboid,stone3,5,5,8,1,1,1,1,1,1,8202.092,9867.434,-380.9036,0,0,0,1;
custom,cuboid,stone3,10,5,10,1,1,1,1,1,1,8254.092,9867.934,-380.9036,0,0,0,1;
custom,cuboid,stone3,6,5,6,1,1,0,0,1,1,8254.092,9868.434,-380.9036,0,0,0,1;
base,aot_supply,default,0.01,0.01,1,1,1,1,1,1,1,8254.092,9891.934,-380.9036,0.7071068,0,0,0.7071068;
racing,checkpointCuboid,0.25,0.25,0.25,8254.092,9894.934,-380.9036,0,0,0,1;
custom,cuboid,default,0.3,6,0.3,1,1,1,1,1,1,8302.092,9918.434,-380.9036,0,0,0,1;
custom,cuboid,default,0.25,0.3,2,1,1,1,1,1,1,8302.092,9938.434,-380.9036,0,0,0,1;
custom,tube,default,2,0.3,2,1,1,1,1,1,1,8302.092,9938.434,-380.9036,0,0,0.7071068,0.7071068;
misc,barrier,2500,1000,30,1504.087,12008.43,-2880.9,0,0,0,1;
misc,barrier,2500,1000,30,1504.087,12008.43,2119.096,0,0,0,1;
misc,barrier,2500,30,500,1504.087,14808.43,-380.9036,0,0,0,1;
misc,barrier,2500,30,500,1504.087,7008.434,-380.9036,0,0,0,1;
misc,barrier,30,1000,500,-10695.91,12008.43,-380.9036,0,0,0,1;
misc,barrier,30,1000,500,9804.092,12008.43,-380.9036,0,0,0,1;
racing,endCuboid,1.5,1.5,1.5,6304.088,9875.743,-380.9036,0,0,0,1;