custom,cuboid,stone5,15,1,15,0,1,1,1,1.0,1.0,-9.538397,146.0047,-19.45181,0,0.9999951,0,-0.003140095;
custom,cuboid,stone5,1,15,15,0,1,1,1,1.0,1.0,-79.383,75.94584,-20.02735,0,0.9999993,0,-0.001236427;
spawnpoint,playerC,-5.049754,72.6177,5.409142,0,0.9999201,0,-0.01264447;
spawnpoint,playerM,-5.054966,72.64886,5.203217,0,0.9999201,0,-0.01264447;
racing,startCuboid,14,10,1,-8.486157,94.67888,49.78662,0,0.9999971,0,-0.002427354;
custom,cuboid,stone5,1,15,15,0,1,1,1,1.0,1.0,60.8909,75.89503,-20.29293,0,0.001434743,0,0.999999;
custom,cuboid,stone5,1,15,15,0,1,1,1,1.0,1.0,-9.453412,75.82491,-90.15647,0,0.708356,0,0.7058555;
custom,cuboid,stone5,15,1,15,0,1,1,1,1.0,1.0,-9.214401,54.72385,-20.00013,0,0.999999,0,-0.001415591;
custom,cuboid,stone5,15,1,15,0,1,1,1,1.0,1.0,-8.999901,54.69008,116.006,0,0.9999996,0,-0.0008493575;
custom,cuboid,stone5,15,1,15,0,1,1,1,1.0,1.0,-8.696634,54.6878,263.0947,0,0.9999986,0,-0.001690311;
custom,cuboid,stone5,1,15,15,0,1,1,1,1.0,1.0,61.19417,75.89068,126.8962,0,0.9999996,0,-0.0008889528;
custom,cuboid,stone5,1,15,15,0,1,1,1,1.0,1.0,61.62304,75.89651,262.8543,0,0.9999937,0,-0.003566631;
custom,cuboid,stone5,1,15,15,0,1,1,1,1.0,1.0,-78.99184,75.92192,122.6276,0,0.9999995,0,-0.001020188;
custom,cuboid,stone5,1,15,15,0,1,1,1,1.0,1.0,-79.02898,75.99217,178.897,0,0.9999998,0,-0.0006568165;
custom,cuboid,stone5,1,15,15,0,1,1,1,1.0,1.0,-8.52301,75.92145,332.8151,0,0.7091049,0,0.705103;
racing,killCuboid,1,15,5,-69.40972,75.80994,163.8438,0,1,0,6.396494E-05;
racing,killCuboid,5,15,1,-48.84055,75.52327,181.1275,0,0.702896,0,-0.7112926;
racing,killCuboid,5,15,1,-28.52503,75.73544,198.5817,0,0.7062468,0,-0.7079658;
racing,killCuboid,5,15,1,-8.486501,75.56185,198.741,0,0.7059951,0,-0.7082167;
racing,killCuboid,5,15,1,11.17275,75.54124,184.2705,0,0.7061321,0,-0.7080802;
racing,killCuboid,5,15,1,44.89233,75.88432,181.5287,0,0.9019206,0,-0.4319019;
custom,cuboid,stone5,15,1,15,0,1,1,1,1.0,1.0,-9.046816,146.014,121.8824,0,0.9999996,0,0.0008521834;
custom,cuboid,stone5,15,1,15,0,1,1,1,1.0,1.0,-8.46241,145.9279,262.6899,0,0.9999915,0,-0.004117571;
custom,cylinder,stone5,1,15,1,0,1,1,1,1.0,1.0,-6.596352,-1.604113,268.713,0,0.7080315,0,0.7061808;
custom,cuboid,stone5,15,1,15,0,1,1,1,1.0,1.0,-128.6881,54.67019,263.2339,0,0.7098038,0,0.7043995;
custom,cuboid,stone5,30,1,15,0,1,1,1,1.0,1.0,-151.7656,94.20286,48.86852,0.09545127,0.7060918,0.09647679,0.6949934;
custom,cuboid,stone5,15,1,15,0,1,1,1,1.0,1.0,-128.2043,145.7921,264.2961,0,0.7128651,0,0.7013013;
custom,cuboid,stone5,1,15,15,0,1,1,1,1.0,1.0,-128.2992,69.15993,333.295,0,0.7108998,0,0.7032933;
custom,cuboid,stone5,1,15,15,0,1,1,1,1.0,1.0,-198.4775,70.56087,265.5934,0,-0.004739187,0,-0.9999888;
custom,cuboid,stone5,30,1,15,0,1,1,1,1.0,1.0,-157.0319,184.0843,46.81464,0.08914843,0.7065368,0.09438971,0.6956644;
custom,cuboid,stone5,1,15,15,0,1,1,1,1.0,1.0,-79.65433,189.0385,-20.41231,0,0.002497123,0,0.9999969;
custom,cuboid,stone5,1,15,15,0,1,1,1,1.0,1.0,-79.59004,114.9628,82.74767,0,0.9999941,0,-0.003442121;
custom,cuboid,stone5,1,15,30,0,1,1,1,1.0,1.0,-202.373,130.9229,40.16899,-6.426145E-05,-0.01022739,-0.006282816,-0.999928;
custom,cuboid,stone5,15,1,15,0,1,1,1,1.0,1.0,-137.877,134.537,-169.291,0,0.005802028,0,0.9999832;
custom,cuboid,stone5,15,1,15,0,1,1,1,1.0,1.0,-148.4192,222.5689,-166.3633,0,0.01833666,0,0.9998319;
custom,cuboid,stone5,1,15,15,0,1,1,1,1.0,1.0,-81.31187,188.7126,-168.7719,0,0.01184319,0,0.9999299;
custom,cuboid,stone5,1,15,15,0,1,1,1,1.0,1.0,-276.4205,157.2227,-104.6254,0,0.7088619,0,0.7053473;
custom,cuboid,stone5,1,15,15,0,1,1,1,1.0,1.0,-138.5249,182.4465,-234.9226,0,0.7125171,0,0.7016549;
custom,cuboid,stone5,1,15,15,0,1,1,1,1.0,1.0,-268.5998,182.1047,-233.1526,0,0.7111067,0,0.7030841;
custom,cuboid,stone5,1,15,15,0,1,1,1,1.0,1.0,-206.785,64.23765,-159.971,0,-0.00670006,0,-0.9999776;
custom,cuboid,stone5,1,15,15,0,1,1,1,1.0,1.0,-334.904,157.2076,-157.4113,0,-0.002409299,0,-0.9999971;
custom,cuboid,stone5,1,15,15,0,1,1,1,1.0,1.0,-335.0103,8.996809,-159.9959,0,0.002451953,0,0.999997;
custom,cuboid,stone5,1,15,15,0,1,1,1,1.0,1.0,-285.7958,33.94925,-232.9732,0,0.703007,0,-0.7111831;
custom,cuboid,stone5,15,1,15,0,1,1,1,1.0,1.0,-271.0109,-2.15072,-160.0657,0,1,0,-9.868627E-05;
custom,cuboid,stone5,15,1,15,0,1,1,1,1.0,1.0,-271.4689,-2.149714,-26.53906,0,0.9999999,0,-0.0005228957;
custom,cuboid,stone5,15,1,15,0,1,1,1,1.0,1.0,-272.277,-2.166573,118.7597,0,0.702831,0,0.7113569;
custom,cuboid,stone5,15,1,15,0,1,1,1,1.0,1.0,-138.4311,-2.163454,-16.0923,0,0.9998171,0,0.01912723;
custom,cuboid,stone5,15,1,15,0,1,1,1,1.0,1.0,-134.0318,-1.80734,-163.3508,0,0.01261502,0,-0.9999204;
custom,cuboid,stone5,15,1,15,0,1,1,1,1.0,1.0,-137.1943,-2.136194,133.8306,0,0.9998148,0,0.01924559;
custom,cuboid,stone5,1,5,15,0,1,1,1,1.0,1.0,-159.4146,24.66336,104.9866,0,0.7023678,0,0.7118143;
custom,cuboid,stone5,1,5,15,0,1,1,1,1.0,1.0,-159.3565,53.24959,104.9256,0,0.702718,0,0.7114686;
custom,cuboid,stone5,1,10,15,0,1,1,1,1.0,1.0,-201.1331,8.65373,55.83223,0,-0.01046001,0,-0.9999453;
custom,cuboid,stone5,1,10,15,0,1,1,1,1.0,1.0,-274.1617,42.76559,-49.4511,0,0.5126008,0,0.8586271;
custom,cuboid,stone5,15,1,15,0,1,1,1,1.0,1.0,-266.2585,86.65674,-34.5613,0,0.7092261,0,0.7049811;
custom,cuboid,stone5,15,1,15,0,1,1,1,1.0,1.0,-264.6356,222.6386,-182.5444,0,0.7223356,0,0.6915428;
racing,killCuboid,15,7,1,-150.2905,73.27168,-14.4524,0,0.003901217,0,0.9999924;
racing,killCuboid,15,7,1,-154.6058,-5.072659,-14.11452,0,-0.00426971,0,-0.9999909;
racing,checkpointCuboid,1,1,1,-146.0216,22.16086,45.85566,0,0.01936559,0,0.9998125;
custom,cuboid,stone5,1,15,10,0,1,1,1,1.0,1.0,-159.7935,52.01001,-202.743,0,0.7697865,0,-0.6383015;
custom,cuboid,stone5,1,15,10,0,1,1,1,1.0,1.0,-79.97643,61.97116,-135.2457,0,0.003864999,0,0.9999926;
racing,killCuboid,1,15,10,-159.5189,57.59114,-202.3917,0,0.769067,0,-0.6391682;
custom,cuboid,stone5,15,1,15,0,1,1,1,1.0,1.0,-140.4709,-1.84725,-266.7673,0,0.02054371,0,-0.999789;
custom,cuboid,stone5,15,1,15,0,1,1,1,1.0,1.0,-0.8631364,-1.869688,-261.1708,0,0.02276239,0,-0.9997409;
custom,cuboid,stone5,15,1,15,0,1,1,1,1.0,1.0,10.26779,-1.83236,-172.0246,0,0.009934156,0,0.9999506;
custom,cuboid,stone5,15,1,15,0,1,1,1,1.0,1.0,-139.861,-1.886385,-408.6068,0,0.009801137,0,0.999952;
custom,cuboid,stone5,15,1,15,0,1,1,1,1.0,1.0,-2.442752,-1.897364,-415.5673,0,0.01196523,0,0.9999284;
custom,cuboid,stone5,15,1,15,0,1,1,1,1.0,1.0,19.12248,-1.923922,-349.5725,0,0.7001723,0,-0.713974;
custom,cuboid,stone5,15,1,15,0,1,1,1,1.0,1.0,117.3805,-1.90509,-269.1333,0,0.7079625,0,-0.70625;
custom,cuboid,stone5,15,1,15,0,1,1,1,1.0,1.0,121.9214,-1.965099,-398.4756,0,0.6908215,0,-0.7230253;
custom,prism,default,1,1,1,1,1,1,0,1.0,1.0,-333.7159,174.8581,-168.6295,-0.4953885,-0.5041354,-0.4887592,0.5114217;
custom,prism,default,1,1,1,1,1,1,0,1.0,1.0,-334.0174,166.9273,-169.0897,0.1573244,0.2012768,-0.6906467,0.6765677;
custom,cuboid,default,0.2,2,1,1,1,1,0,1.0,1.0,-333.7083,189.7873,-168.5133,0,0.6988805,0,-0.7152385;
custom,cuboid,stone5,1,15,15,0,1,1,0,1.0,1.0,-63.59488,62.77864,-256.0903,0,0.3659248,0,-0.9306445;
custom,cuboid,stone5,10,1,15,0,1,1,0,1.0,1.0,-47.51398,112.1871,-236.3495,0,0.9583638,0,0.2855503;
custom,cuboid,stone5,10,1,15,0,1,1,0,1.0,1.0,-58.29684,117.4875,-243.3688,0,0.9583634,0,0.2855515;
custom,cuboid,stone5,1,15,15,0,1,1,0,1.0,1.0,37.72598,62.33883,-365.4845,0,0.3640133,0,-0.9313939;
custom,cuboid,stone5,1,15,15,0,1,1,0,1.0,1.0,-31.55002,38.57111,-238.0998,0,0.3569787,0,-0.9341125;
racing,killCuboid,1,15,30,-12.60788,62.50825,-309.8398,0,0.3630471,0,-0.9317709;
racing,killCuboid,1,15,30,18.21758,62.32179,-294.6741,0,0.3566743,0,-0.9342289;
custom,cuboid,stone5,1,15,15,0,1,1,0,1.0,1.0,58.50207,62.43547,-338.829,0,0.3570064,0,-0.9341019;
custom,cuboid,stone5,3,15,1,0,1,1,0,1.0,1.0,85.41943,62.29932,-390.6498,0,0.3688571,0,-0.9294862;
racing,killCuboid,3,15,1,82.91571,62.28443,-391.3739,0,0.9373932,0,0.3482727;
racing,killCuboid,3,1,30,4.104808,-1.466607,-306.3045,0,0.3557537,0,-0.9345798;
custom,cylinder,stone5,1,3,1,0,1,1,0,1.0,1.0,28.91749,80.19605,-331.4066,-0.2619029,0.2342187,0.6541995,-0.6697548;
custom,cuboid,stone5,3,7,1,0,1,1,0,1.0,1.0,29.09021,115.0333,-331.4695,0,0.3505835,0,-0.9365315;
custom,cuboid,stone5,3,1,5,0,1,1,0,1.0,1.0,12.21467,112.4397,-309.9621,0,0.92954,0,0.3687214;
custom,cuboid,stone5,15,1,15,0,1,1,1,1.0,1.0,112.0218,132.4764,-293.6783,0,0.9123883,0,-0.4093258;
custom,cuboid,stone5,15,15,1,0,1,1,1,1.0,1.0,164.5628,62.41543,-247.2705,0,0.9124411,0,-0.4092081;
custom,cuboid,stone5,15,15,1,0,1,1,1,1.0,1.0,169.9984,62.42819,-149.2548,0,0.9366396,0,0.3502946;
custom,cuboid,stone5,15,15,1,0,1,1,1,1.0,1.0,216.1932,156.9873,-201.9359,0,0.9109257,0,-0.4125704;
custom,cuboid,stone5,15,15,1,0,1,1,1,1.0,1.0,262.8443,62.46571,-254.1421,0,0.3496057,0,-0.936897;
custom,cuboid,stone5,15,15,1,0,1,1,1,1.0,1.0,269.473,35.97612,-155.8024,0,0.9117103,0,-0.4108339;
custom,cuboid,stone5,15,15,1,0,1,1,1,1.0,1.0,37.69639,196.956,-365.5401,0,0.4013732,0,0.9159147;
custom,cuboid,stone5,15,15,1,0,1,1,1,1.0,1.0,-16.12642,214.338,-370.7805,0,0.350566,0,-0.936538;
custom,cuboid,stone5,15,15,1,0,1,1,1,1.0,1.0,44.23095,207.5717,-428.581,0,0.3603853,0,-0.9328036;
custom,cuboid,stone5,15,15,1,0,1,1,1,1.0,1.0,143.0778,207.5564,-433.4987,0,0.9139072,0,-0.4059233;
custom,cuboid,stone5,15,15,1,0,1,1,1,1.0,1.0,-9.377106,210.9117,-272.0535,0,0.9107357,0,-0.4129898;
custom,cuboid,stone5,15,15,1,0,1,1,1,1.0,1.0,164.7706,203.7849,-339.5106,0,0.3509527,0,-0.9363933;
custom,cuboid,stone5,15,15,1,0,1,1,1,1.0,1.0,58.05753,209.5891,-247.64,0,0.9358918,0,0.3522877;
custom,cuboid,stone5,15,15,1,0,1,1,1,1.0,1.0,262.8866,203.8339,-254.1973,0,0.9365601,0,0.3505072;
custom,cuboid,stone5,15,15,1,0,1,1,1,1.0,1.0,170.5146,209.5936,-149.0912,0,0.9360656,0,0.3518255;
racing,killCuboid,15,15,1,43.11234,212.0402,-370.9216,0,0.9168776,0,-0.3991686;
racing,killCuboid,15,15,1,-15.41916,212.9494,-371.4014,0,0.3521329,0,-0.93595;
racing,killCuboid,15,15,1,-8.93489,212.847,-271.5864,0,0.9106945,0,-0.4130808;
racing,killCuboid,15,15,1,65.46149,209.5913,-241.6313,0,0.3521614,0,-0.9359393;
racing,killCuboid,15,15,1,43.356,212.1772,-427.3813,0,0.9352264,0,0.3540503;
racing,killCuboid,15,15,1,143.8906,207.6223,-432.4848,0,0.9160534,0,-0.4010566;
racing,killCuboid,15,15,1,164.3092,62.33767,-246.2448,0,0.9128963,0,-0.4081916;
racing,killCuboid,15,1,15,111.904,132.8228,-293.1889,0,0.9126155,0,-0.4088192;
racing,killCuboid,15,15,1,163.7517,212.6124,-339.7791,0,0.936603,0,0.3503928;
racing,killCuboid,15,15,1,276.774,212.5669,-241.6271,0,0.9363244,0,0.3511363;
racing,killCuboid,15,15,1,262.8381,62.77607,-253.3666,0,0.936776,0,0.3499295;
racing,killCuboid,15,15,1,175.1915,63.85652,-145.2646,0,0.3507635,0,-0.9364641;
racing,killCuboid,15,15,1,177.9438,213.0907,-142.7462,0,0.3515323,0,-0.9361758;
racing,killCuboid,15,15,1,273.0652,36.01885,-160.0324,0,0.4102592,0,0.911969;
racing,killCuboid,15,15,1,265.0721,36.00217,-150.3163,0,0.9117573,0,-0.4107295;
racing,killCuboid,15,15,1,214.3925,156.3687,-199.6602,0,0.9109371,0,-0.4125454;
racing,killCuboid,15,15,1,216.3388,156.5277,-202.2811,0,0.4125395,0,0.9109398;