custom,cuboid,wood4,5,10,50,0,1,1,1,1.0,1.0,-278.3956,48.05432,-805.9955,0,0.284915,0,0.9585528;
map,disablebounds;
custom,cuboid,wood4,3,10,10,0,1,1,1,1.0,1.0,-10.70715,24.4461,32.17069,0,0.7112989,0,0.7028896;
custom,cuboid,wood4,3,10,10,0,1,1,1,1.0,1.0,-74.11678,25.43955,-32.12169,0,0.008559173,0,0.9999634;
custom,cuboid,wood4,3,10,10,0,1,1,1,1.0,1.0,51.03159,25.71617,-33.62799,0,0.9999568,0,0.009288494;
custom,cuboid,wood4,10,1,10,0,1,1,1,1.0,1.0,-9.169296,70.3047,-25.71299,0,0.01702348,0,0.9998551;
racing,startCuboid,2,10,10,-10.1986,16.75894,-67.6838,0,0.6956146,0,-0.7184151;
custom,cuboid,wood4,2,10,10,0,1,1,1,1.0,1.0,46.97905,25.36781,-133.0915,0,0.001135254,0,-0.9999993;
custom,cuboid,wood4,2,10,10,0,1,1,1,1.0,1.0,-71.62603,41.18071,-128.772,0,0.01630529,0,0.9998671;
custom,cuboid,wood4,10,1,10,0,1,1,1,1.0,1.0,-12.51349,-3.582362,-32.88503,0,-0.005705511,0,-0.9999837;
custom,plane,wood4,25,10,25,0,1,1,1,1.0,1.0,-4.684629,-2.615121,-205.7153,0,0.01566724,0,0.9998773;
custom,cylinder,wood4,30,30,30,0,1,1,1,1.0,1.0,-12.21229,-204.1126,-395.8344,0,0.7097386,0,-0.7044652;
custom,arc90,wood4,30,30,30,0,1,1,1,1.0,1.0,39.459,1.448471,-570.4048,0,-0.5316973,0,0.8469346;
custom,plane,wood4,30,10,25,0,1,1,1,1.0,1.0,38.81036,-5.387888,-240.9608,0,0.9998818,0,0.0153758;
custom,plane,wood4,30,10,25,0,1,1,1,1.0,1.0,-277.3991,-1.452895,-291.3033,0,0.9998923,0,-0.01467657;
custom,plane,wood4,30,10,25,0,1,1,1,1.0,1.0,140.9594,-5.572095,-486.9672,0,0.9999829,0,0.005846968;
custom,plane,wood4,30,10,25,0,1,1,1,1.0,1.0,-258.5273,-1.138294,-261.8695,0,0.9998299,0,-0.01844468;
custom,cuboid,wood4,5,10,50,0,1,1,1,1.0,1.0,-546.9814,48.77319,-748.6571,0,0.5699769,0,0.8216608;
custom,plane,wood4,30,20,25,0,1,1,1,1.0,1.0,-151.6429,-3.220089,-493.0257,0,0.01123469,0,0.9999369;
custom,cuboid,wood4,500,500,500,0,1,1,1,1.0,1.0,212.471,-2499.962,-2479.399,0,-0.007266152,0,-0.9999736;
custom,plane,wood4,30,30,30,0,1,1,1,1.0,1.0,-447.4223,-10.25124,-493.8673,0,0.01499494,0,0.9998876;
racing,killCone,5,5,5,-134.0792,-102.6763,-240.6063,0,0.9539737,0,-0.2998905;
custom,arc90,wood4,30,30,30,0,1,1,1,1.0,1.0,-170.9759,-2.389432,-323.665,0,-0.5660466,0,-0.8243733;
custom,plane,wood4,30,30,30,0,1,1,1,1.0,1.0,62.43158,-0.5523217,-759.3683,0,-0.004453076,0,0.9999901;
racing,killCuboid,5,5,5,-206.6413,26.00669,-298.2007,0,0.9962574,0,0.08643659;
custom,cuboid,wood4,5,10,50,0,1,1,1,1.0,1.0,-439.3,45.50421,-594.054,0,0.5709863,0,0.8209596;
custom,plane,wood4,50,50,50,0,1,1,1,1.0,1.0,-217.1769,-3.827688,-849.1792,0,-0.0169578,0,-0.9998562;
custom,arc90,wood4,30,30,30,0,1,1,1,1.0,1.0,141.8702,3.005412,-322.0018,0,-0.9831268,0,0.1829256;
custom,cylinder,wood4,5,5,5,0,1,1,1,1.0,1.0,-311.2625,47.74303,-659.6691,0,0.457146,0,0.8893917;
custom,plane,wood4,30,30,30,0,1,1,1,1.0,1.0,333.6216,-2605.99,-248.1402,0,0.9999151,0,0.01302962;
custom,cuboid,wood4,5,10,50,0,1,1,1,1.0,1.0,-448.1934,47.62707,-864.3166,0,0.2902606,0,0.9569476;
custom,cuboid,wood4,5,10,50,0,1,1,1,1.0,1.0,-835.2527,50.23471,-615.1198,0,0.9844816,0,0.1754876;
custom,cuboid,wood4,5,10,50,0,1,1,1,1.0,1.0,-743.1732,42.60675,-414.4751,0,0.9850817,0,0.1720871;
custom,cuboid,wood4,5,10,20,0,1,1,1,1.0,1.0,-932.064,38.95231,-257.6147,0,0.8264932,0,-0.5629468;
custom,cuboid,wood4,5,10,20,0,1,1,1,1.0,1.0,-959.5814,41.10978,-390.0468,0,-0.1803968,0,0.9835939;
racing,killCuboid,5,10,20,-951.1578,40.60261,-361.0659,0,0.1800634,0,-0.983655;
custom,cuboid,wood4,5,10,50,0,1,1,1,1.0,1.0,-390.8932,49.36834,-1175.802,0,0.4652928,0,-0.8851569;
custom,cuboid,wood4,5,10,50,0,1,1,1,1.0,1.0,-170.3783,48.28646,-1140.911,0,-0.4812123,0,0.8766041;
custom,cuboid,wood4,5,10,50,0,1,1,1,1.0,1.0,33.04447,48.16162,-1195.829,0,0.2877375,0,0.9577094;
racing,killPlane,9,10,50,-269.9216,2.592272,-1528.833,0,0.2843454,0,0.9587219;
racing,killCuboid,5,10,50,-241.4533,50.64351,-1613.239,0,0.2834673,0,0.9589819;
racing,killCuboid,5,10,50,-353.5838,49.11789,-1530.142,0,0.2838448,0,0.9588702;
racing,killCuboid,5,10,50,-507.0871,47.57392,-2022.448,0,0.2832659,0,0.9590415;
racing,killCuboid,5,10,50,-624.0974,50.13298,-1948.244,0,0.9588556,0,-0.2838941;
racing,killPlane,9,10,50,-538.4924,2.750859,-1943.958,0,0.282759,0,0.959191;
racing,killCuboid,3,10,5,-711.9616,47.53029,-2157.837,0,0.2883886,0,0.9575135;
racing,killCuboid,9,8,5,-688.2978,0.5218299,-2174.666,0,0.2877761,0,0.9576977;
racing,killCuboid,3,10,5,-663.1946,47.38507,-2192.03,0,0.2786478,0,0.9603934;
racing,killCuboid,9,5,5,-685.3199,86.95189,-2169.672,0,0.2764304,0,0.961034;
custom,sphere,empty,0.9,0.9,0.9,0,1,1,1,1.0,1.0,-704.96,83.88501,-2046.286,0,0.9480883,0,-0.3180073;
custom,sphere,empty,0.9,0.9,0.9,0,1,1,1,1.0,1.0,-564.2914,83.87782,-2142.604,0,0.9622581,0,-0.2721386;
racing,checkpointCuboid,0.9,0.9,0.9,-776.7433,21.47236,-2301.642,0,0.2551759,0,0.9668947;
custom,cuboid,wood4,200,0.2,200,0,1,1,1,1.0,1.0,-62.16568,72.11971,-210.5718,0,-0.2996791,0,-0.9540401;
custom,cuboid,wood4,5,20,50,0,0,0,0,1.0,1.0,-2110.296,699.1811,-3501.729,0,0.2303588,0,0.9731058;
custom,cuboid,wood4,5,20,50,0,0,0,0,1.0,1.0,-1587.907,686.2081,-3526.386,0,0.5025883,0,-0.8645259;
custom,cuboid,wood4,5,20,50,0,0,0,0,1.0,1.0,-1894.048,696.3595,-3610.378,0,0.2564518,0,0.966557;
racing,checkpointCuboid,5,5,5,-1395.585,708.4667,-3271.476,0,0.2816521,0,0.9595166;
custom,cuboid,wood4,500,0.5,500,0,0,0,0,1.0,1.0,-1301.275,646.8077,-6855.618,0,0.2522978,0,0.9676496;
custom,cuboid,wood4,5,20,50,0,0,0,0,1.0,1.0,-1299.004,701.4833,-4017.592,0,0.2592955,0,0.9657981;
custom,sphere,wood4,1,1,1,0,1,1,1,1.0,1.0,-408.545,81.49725,-1484.651,0,0.968886,0,-0.2475075;
racing,killCuboid,15,0.5,100,-404.287,75.34484,-1738.193,0,0.9602017,0,-0.2793076;
custom,cuboid,wood4,5,20,50,0,0,0,0,1.0,1.0,-1471.526,686.0948,-3851.104,0,0.2499838,0,0.96825;
racing,killSphere,5,5,5,-145.0374,35.21027,-304.9875,0,0.1333871,0,0.991064;
racing,killCuboid,5,5,5,-173.9606,-3.877173,-370.1758,0,0.1549736,0,0.9879186;
racing,killSphere,5,5,5,-201.5532,68.76099,-348.6253,0,0.04081728,0,-0.9991667;
racing,killCuboid,5,15,15,-194.5908,126.2955,-446.8953,0,-0.607188,0,-0.7945583;
racing,killCuboid,5,15,15,-178.1765,-37.31643,-440.8673,0,0.7831286,0,-0.6218598;
racing,killCuboid,5,5,5,-148.483,34.61929,-431.4556,0,0.991421,0,0.1307075;
racing,killCuboid,5,5,5,-223.4635,30.45008,-453.1338,0,0.1117228,0,-0.9937394;
racing,killSphere,2,1,0.5,-177.6608,35.90725,-367.525,0,0.994835,0,-0.1015055;
racing,killPlane,10,10,10,159.1072,37.41825,-346.5841,-0.5361846,-0.5689857,0.4276121,0.4537724;
racing,killCuboid,5,50,20,-815.8333,243.0561,-2218.814,0,0.3018377,0,0.9533594;
racing,killCuboid,5,50,20,-678.9431,335.9484,-2165.147,0,-0.4853297,0,0.8743312;
custom,sphere,wood4,1,1,1,0,1,1,1,1.0,1.0,-683.0555,110.876,-2170.643,0,0.3104735,0,0.950582;
racing,killSphere,1,1,1,-183.9649,47.53001,-374.2647,0,0.977872,0,-0.2092042;
racing,killCuboid,1,1,1,-188.0094,47.80136,-349.3144,0,0.9969848,0,-0.07759754;
racing,killCuboid,1,1,1,-157.325,48.40691,-359.8764,0,0.9968131,0,-0.0797729;
racing,killPyramid,1,1,1,-168.7642,45.84467,-356.5945,0,0.9999939,0,-0.003499783;
racing,killCuboid,20,0.5,20,-211.7133,0.4901101,-373.5818,0,0.1067989,0,-0.9942806;
racing,killPlane,20,20,20,-203.6615,-0.05200377,-357.8984,0,0.1338985,0,0.990995;
racing,killCuboid,20,0.5,20,-155.202,0.1541304,-278.6646,0,0.871436,0,-0.4905092;
racing,killCuboid,20,0.5,20,-145.3656,73.85873,-321.7731,0,0.9779294,0,-0.2089358;
racing,killSphere,1,1,1,-197.2272,50.18385,-406.6675,0,0.8555613,0,-0.5177015;
racing,killCapsule,1,1,1,-205.8789,38.8483,-416.969,0,0.8198724,0,-0.5725464;
racing,killCapsule,1,1,1,-173.4155,56.63523,-396.3951,0,0.9973461,0,-0.07280642;
racing,killCuboid,20,0.5,20,91.50784,55.95875,-518.3394,-0.3039563,0.3158572,0.6232312,-0.6476324;
racing,killCuboid,5,50,20,-794.4828,219.8733,-2329.399,0,0.8727915,0,0.4880933;
racing,killCuboid,5,50,20,-689.3716,241.4695,-2297.407,0,-0.2748066,0,-0.9614995;
custom,cuboid,wood4,5,50,30,0,1,1,1,1.0,1.0,-795.1426,164.6048,-2336.183,0,0.8711473,0,0.4910219;
racing,killCuboid,30,0.5,30,-742.7305,490.3672,-2232.698,0,0.2719121,0,0.9623221;
custom,sphere,wood4,1,1,1,0,1,1,1,1.0,1.0,-656.7757,479.0308,-2316.861,0,0.9686804,0,-0.2483109;
custom,sphere,wood4,1,1,1,0,1,1,1,1.0,1.0,-854.9221,478.6128,-2194.901,0,0.2671575,0,0.9636529;
custom,cuboid,wood4,30,0.5,30,0,1,1,1,1.0,1.0,-883.3378,463.4572,-2470.399,0,0.2681286,0,0.9633831;
custom,cuboid,wood4,5,20,30,0,1,1,1,1.0,1.0,-989.7213,563.0001,-2406.331,0,0.9614034,0,-0.2751428;
custom,cuboid,wood4,5,20,30,0,1,1,1,1.0,1.0,-777.0043,561.5824,-2534.867,0,-0.2671119,0,-0.9636655;
racing,killCuboid,30,0.5,30,-893.6258,570.0134,-2484.208,0,0.2790093,0,0.9602884;
racing,killCuboid,30,0.5,30,-879.2154,463.5997,-2475.22,0,0.2733714,0,0.9619086;
custom,cuboid,wood4,30,10,0,5,0,1,1,1,1.0,1.0,-800.3855,540.7924,-2340.475,0,0.9597198,0,-0.2809591;
racing,killCylinder,5,10,5,-893.6592,522.9899,-2385.976,0,0.156721,0,0.9876429;
racing,killCylinder,5,10,5,-845.8642,522.4885,-2412.079,0,0.972863,0,-0.2313821;
racing,killCylinder,5,10,5,-800.0212,523.5258,-2441.842,0,0.3110636,0,0.9503891;
racing,killSphere,5,10,5,-753.5179,500.994,-2460.413,0,0.2714117,0,0.9624634;
racing,killSphere,5,10,5,-935.2053,503.0978,-2354.873,0,0.2461147,0,0.9692407;
racing,killCylinder,5,10,5,-905.1982,522.537,-2460.208,0,0.3521031,0,0.9359612;
racing,killCylinder,5,10,5,-856.2576,521.9742,-2490.795,0,0.2544497,0,0.967086;
racing,killCylinder,5,10,5,-961.2845,528.0502,-2496.785,0,0.3024921,0,0.9531519;
racing,killCylinder,5,10,5,-864.8301,528.1503,-2560.36,0,0.2606165,0,0.9654424;
racing,killCylinder,5,10,5,-910.8451,528.3493,-2525.696,0,0.2564003,0,0.9665707;
racing,killCuboid,30,30,0.5,-981.3132,518.5429,-2436.922,0,0.8752844,0,0.4836087;
racing,killCuboid,30,30,0.5,-803.3928,512.454,-2534.217,0,-0.4928445,0,0.8701174;
racing,killCuboid,30,0.5,30,-1010.31,461.9941,-2677.513,0,0.2727983,0,0.9620712;
racing,killCuboid,30,30,0.5,-1124.716,525.1856,-2652.197,0,0.8782405,0,0.4782192;
racing,killCuboid,30,30,0.5,-940.5766,520.234,-2762.568,0,-0.4809366,0,0.8767554;
racing,killCuboid,30,30,0.5,-1029.511,657.3278,-2708.148,-0.4620066,-0.1240445,-0.5330082,0.6979006;
racing,killSphere,5,10,5,-1008.96,503.9343,-2469.23,0,0.2431028,0,0.9700006;
racing,killSphere,5,10,5,-829.1981,506.4101,-2597.686,0,0.4453342,0,0.8953645;
racing,killCuboid,30,0.5,30,-1068.454,548.1284,-2746.489,-0.3292903,-0.796424,-0.1885604,-0.4708734;
custom,sphere,wood4,5,5,5,0,1,1,1,1.0,1.0,-1166.897,624.7516,-2646.653,0,0.8609447,0,0.5086985;
custom,sphere,wood4,5,5,5,0,1,1,1,1.0,1.0,-925.5516,624.0416,-2814.072,0,0.4860437,0,-0.8739345;
racing,killCuboid,30,30,0.5,-1195.201,721.2648,-2758.474,0,0.4785221,0,-0.8780755;
racing,killCuboid,30,30,0.5,-1006.256,722.1508,-2867.466,0,0.4924898,0,-0.8703182;
racing,killCuboid,30,0.5,30,-1187.454,648.7408,-2976.417,0,0.258714,0,0.965954;
racing,killCuboid,30,0.5,30,-1160.882,753.4987,-2920.334,0,0.264816,0,0.964299;
custom,sphere,wood4,5,5,5,0,1,1,1,1.0,1.0,-918.3348,785.9281,-2448.682,0,0.9049478,0,0.4255226;
custom,sphere,wood4,5,5,5,0,1,1,1,1.0,1.0,-774.8015,762.9194,-2701.952,0,0.2427817,0,0.970081;
custom,cuboid,wood4,0.5,30,30,0,1,1,1,1.0,1.0,-1324.789,730.716,-2955.355,0,0.2728673,0,0.9620517;
custom,cuboid,wood4,30,0.5,30,0,1,1,1,1.0,1.0,-1219.249,647.2628,-3020.863,0,0.2544792,0,0.9670783;
custom,cuboid,wood4,0.5,30,30,0,1,1,1,1.0,1.0,-1130.289,726.8303,-3074.484,0,0.2723537,0,0.9621972;
racing,killCapsule,5,5,5,-1196.847,697.5363,-2961.642,0,0.947148,0,-0.3207971;
racing,killSphere,5,5,5,-1220.212,699.9031,-3091.413,0,0.2918034,0,0.9564783;
racing,killTube,1,1,1,-1084.485,704.0924,-2843.083,-0.5424923,0.4212558,-0.2051307,0.6972569;
racing,killPrism,5,5,5,-1143.902,700.8049,-3010.868,0.4840008,0.8731594,-0.02800103,-0.05051516;
racing,killCone,1,1,1,-1236.827,657.3436,-2934.423,0,0.9147046,0,-0.4041231;
racing,killCone,1,1,1,-1136.709,663.6221,-2944.755,0,0.9928909,0,-0.1190279;
racing,killTorus,5,5,5,-1215.362,684.7344,-2902.66,-0.2872519,0.7047174,-0.5866712,-0.2769054;
racing,killSphere,1,1,1,-1109.59,700.0922,-2833.083,0,0.9813397,0,-0.1922823;
racing,killCone,5,5,5,-1275.602,600.3066,-2959.236,0.00559788,-0.01819628,-0.2939879,0.9556195;
racing,killCapsule,5,5,5,-1279.794,734.521,-2951.216,-0.07723527,0.0857256,-0.4267263,0.8969897;
racing,killSphere,5,5,5,-1169.1,635.6042,-3088.099,0,0.2242563,0,0.9745302;
racing,killCylinder,5,5,5,-1267.189,712.4012,-3078.979,-0.1743818,-0.06072629,0.9281368,0.3232112;
racing,killSphere,5,5,5,-1116.37,653.5219,-2989.406,0,0.9841686,0,-0.1772348;
racing,killSphere,5,5,5,-1146.912,721.9023,-2952.733,0,0.964977,0,-0.2623347;
racing,killArc90,5,5,5,-1168.457,661.6528,-2977.946,-0.2160316,0.3457226,-0.4838853,0.774378;
racing,killSphere,5,5,5,-1320.99,698.4937,-3027.124,0,-0.5844846,0,0.8114049;
racing,killSphere,5,5,5,-1297.273,681.7401,-2926.065,0,0.9626762,0,-0.270656;
racing,killCapsule,5,5,5,-1149.624,708.9092,-3107.28,0,0.9755222,0,-0.2199012;
racing,killCuboid,5,5,5,-1151.169,661.204,-2896.658,0,0.9954743,0,-0.09503101;
racing,killSphere,5,5,5,-1209.299,655.7438,-3015.902,0,0.5291792,0,0.8485101;
racing,killCone,5,5,5,-1072.47,618.7148,-3125.417,0.2032168,0.313326,0.4367948,0.8183765;
racing,killSphere,5,5,5,-1217.822,759.9022,-2958.263,0,0.2894122,0,0.9572046;
racing,killCuboid,0.5,30,30,-1158.656,793.5552,-3118.137,0,0.2718211,0,0.9623478;
racing,killCuboid,0.5,30,30,-1346.155,798.29,-2995.453,0,0.2709615,0,0.9625902;
custom,cuboid,wood4,30,0.5,30,0,0.5568182,1,1,1.0,1.0,-1582.81,766.2654,-3078.652,0,0.8686082,0,0.4954995;
custom,cuboid,wood4,30,0.5,30,0,0.5568182,1,1,1.0,1.0,-1340.232,646.6683,-3224.059,0,0.2725361,0,0.9621456;
custom,cuboid,wood4,0.5,30,30,0,0.5568182,1,1,1.0,1.0,-1350.595,800.8967,-3248.29,0,0.8719426,0,0.4896081;
custom,cuboid,wood4,30,0.5,30,0,0.5568182,1,1,1.0,1.0,-1073.864,647.1706,-3333.615,0,0.9612425,0,-0.2757043;
custom,cuboid,wood4,30,0.5,30,0,0.5568182,1,1,1.0,1.0,-1545.319,647.084,-3070.136,0,0.8688259,0,0.4951177;
custom,cuboid,wood4,0.5,30,30,0,0.5568182,1,1,1.0,1.0,-1529.212,783.1327,-3004.729,0,0.8720409,0,0.489433;
custom,cuboid,wood4,0.5,30,30,0,0.5568182,1,1,1.0,1.0,-1593.447,771.4618,-3103.136,0,0.8704704,0,0.4922208;
custom,cuboid,wood4,0.5,30,30,0,0.5568182,1,1,1.0,1.0,-1083.742,797.7141,-3284.513,0,0.4719383,0,-0.8816316;
custom,cuboid,wood4,0.5,30,30,0,0.5568182,1,1,1.0,1.0,-1100.512,773.8893,-3402.592,0,0.4824667,0,-0.8759143;
racing,killCuboid,30,0.5,30,-1282.277,757.2625,-3133.625,0.00359527,0.8700655,-0.007951492,0.4928589;
custom,cuboid,wood4,30,0.5,30,0,0.5568182,1,1,1.0,1.0,-1116.286,763.8705,-3326.441,0,0.4895095,0,-0.871998;
custom,cuboid,wood4,30,0.5,30,0,0.5568182,1,1,1.0,1.0,-1781.088,646.7104,-2922.582,0,0.8631825,0,0.5048921;
custom,cuboid,wood4,50,0.5,50,0,0,0,0,1.0,1.0,-1905.772,762.3953,-3064.416,0,0.2717558,0,0.9623662;
custom,cuboid,wood4,030,0.5,30,0,0.5568182,1,1,1.0,1.0,-866.9453,647.2761,-3460.863,0,0.4920663,0,-0.8705577;
custom,arc180,wood4,030,30,30,0,0.5568182,1,1,1.0,1.0,-952.2574,721.1939,-3650.77,0,0.9688777,0,-0.2475399;
custom,arc180,wood4,030,30,30,0,0.5568182,1,1,1.0,1.0,-1917.247,718.7617,-3003.733,0,-0.3687034,0,-0.9295471;
custom,cylinder,wood4,030,30,30,0,0.5568182,1,1,1.0,1.0,-1783.555,894.2852,-3156.391,0,0.5548133,0,0.8319749;
custom,cylinder,wood4,030,30,30,0,0.5568182,1,1,1.0,1.0,-1098.036,900.3813,-3574.211,0,0.2973109,0,0.9547808;
custom,cuboid,wood4,030,0.5,30,0,0.5568182,1,1,1.0,1.0,-1988.55,647.2416,-3004.404,0,0.2248824,0,0.9743859;
custom,cuboid,wood4,70,0.5,70,0,0.5568182,1,1,1.0,1.0,-1866.472,646.6866,-3450.369,0,-0.2454048,0,-0.9694207;
custom,cuboid,wood4,030,0.5,30,0,0.5568182,1,1,1.0,1.0,-1208.672,647.1993,-3582.581,0,0.264012,0,0.9645194;
custom,cuboid,wood4,70,0.5,70,0,0.5568182,1,1,1.0,1.0,-1287.251,647.2482,-3774.944,0,-0.8658396,0,-0.5003217;
custom,cuboid,wood4,60,0.5,60,0,0,0,0,1.0,1.0,-1404.146,762.0557,-3259.674,0,0.2559204,0,0.9666979;
racing,killCuboid,20,0.5,20,-753.9128,-0.2578282,-2278.213,0,0.4684251,0,-0.8835032;
custom,cuboid,wood4,5,15,30,0,0,0,0,1.0,1.0,-1546.503,713.5706,-3987.804,0,-0.2484795,0,-0.9686372;
custom,cuboid,wood4,5,15,30,0,0,0,0,1.0,1.0,-1917.386,721.5261,-3905.485,0,-0.5112553,0,0.8594289;
custom,cuboid,wood4,5,15,30,0,0,0,0,1.0,1.0,-2251.253,723.5497,-3781.918,0,0.237305,0,0.9714352;
custom,cuboid,wood4,5,15,30,0,0,0,0,1.0,1.0,-2156.415,723.1386,-3972.166,0,-0.5206202,0,0.8537884;
custom,cuboid,wood4,5,15,30,0,0,0,0,1.0,1.0,-1890.981,724.0914,-4105.466,0,0.5285202,0,-0.8489208;
custom,cuboid,wood4,5,15,30,0,0,0,0,1.0,1.0,-1675.682,724.8383,-4071.097,0,0.9693834,0,-0.2455523;
custom,cuboid,wood4,5,15,30,0,0,0,0,1.0,1.0,-1750.002,722.7048,-3855.857,0,0.970131,0,-0.2425818;
custom,cuboid,wood4,5,15,30,0,0,0,0,1.0,1.0,-1544.475,726.7619,-3823.72,0,0.9712924,0,-0.2378886;
custom,cuboid,wood4,5,15,30,0,0,0,0,1.0,1.0,-1594.663,727.4127,-3651.25,0,0.8610663,0,0.5084926;
custom,plane,wood4,30,15,30,0,0,0,0,1.0,1.0,-1608.789,686.6808,-3621.884,-0.6606516,0.7051033,0.1739013,-0.1900713;
racing,checkpointPlane,30,15,30,-1660.823,736.4638,-3689.328,-0.6723587,0.7123501,0.1596581,-0.1224767;
photon,spawnCrawler,30,0,-1879.56,651.7667,-3757.906,0,0.2802179,0,0.9599364;
photon,spawnCrawler,10,1,-1836.455,650.5146,-3783.48,0,0.2663671,0,0.9638717;
photon,spawnCrawler,10,1,-1857.136,650.0721,-3715.269,0,0.2684694,0,0.9632882;
photon,spawnCrawler,10,1,-1811.948,649.534,-3743.59,0,0.2747685,0,0.9615104;
photon,spawnCrawler,10,1,-1777.104,650.7704,-3769.348,0,0.2852404,0,0.958456;
photon,spawnPunk,10,1,-1838.565,651.2028,-3826.2,0,0.2321421,0,0.9726819;
photon,spawnPunk,10,1,-1855.733,650.1337,-3809.798,0,0.2575245,0,0.9662718;
custom,cuboid,wood4,0,5,15,30,0,0,0,0,1.0,1.0,-1480.745,725.9741,-4334.144,0,0.2549113,0,0.9669645;
custom,cuboid,wood4,0,5,15,30,0,0,0,0,1.0,1.0,-1675.169,719.537,-4225.354,0,0.2418078,0,0.9703242;
racing,killPrism,10,30,30,-1579.432,654.7379,-4150.677,0,-0.3355448,0,-0.9420243;
racing,killPrism,10,30,30,-1532.529,653.8372,-4205.231,0,0.9268405,0,-0.3754554;
racing,killCuboid,10,30,30,-1468.481,656.9261,-4262.17,0,0.9569754,0,-0.2901692;
racing,killCuboid,30,0.5,30,-1573.741,649.1232,-4191.296,0,0.2958712,0,0.9552279;
custom,cuboid,wood4,30,0.5,30,0,0,0,0,1.0,1.0,-845.5872,11.92582,-2416.024,0,0.961956,0,-0.2732045;
racing,killCuboid,50,0.5,50,-1738.564,647.2293,-4563.396,0,0.3054288,0,0.952215;
custom,cuboid,wood4,5,15,30,0,0,0,0,1.0,1.0,-1811.278,717.9382,-4479.864,0,-0.2469724,0,-0.9690225;
custom,cuboid,wood4,5,15,30,0,0,0,0,1.0,1.0,-1621.237,725.3358,-4580.492,0,0.2537128,0,0.9672796;
racing,killSphere,5,5,5,-1637.236,658.3715,-4297.649,0,0.2354451,0,0.9718876;
racing,killCone,5,5,5,-1627.952,605.7338,-4401.663,0,0.2671183,0,0.9636638;
racing,killCylinder,5,5,5,-1716.165,720.3292,-4425.013,0,0.2671183,0,0.9636638;
racing,killSphere,5,5,5,-1569.53,689.7015,-4417.513,0,0.2755176,0,0.961296;
racing,killCapsule,5,5,5,-1630.349,774.6964,-4384.468,-0.580289,0.4108676,-0.5738858,0.4063343;
racing,killCone,5,5,5,-1557.226,693.8699,-4541.966,0.3283729,-0.6811725,-0.565144,-0.3298296;
racing,killSphere,5,5,5,-1681.576,749.4826,-4432.156,0,0.2013544,0,0.9795185;
racing,killTorus,5,5,5,-1680.484,729.5552,-4516.296,-0.2384348,-0.45184,-0.839871,0.18332;
racing,killSphere,5,5,5,-1644.547,662.7375,-4486.57,0,0.9790781,0,-0.2034848;
racing,killCylinder,5,5,5,-1777.812,691.1581,-4493.543,0,0.2712626,0,0.9625054;
racing,killCylinder,5,5,5,-1714.265,693.0421,-4531.117,0,0.2417424,0,0.9703405;
racing,killCylinder,5,5,5,-1656.498,696.4778,-4571.448,0,0.2817448,0,0.9594894;
racing,killSphere,5,5,5,-1671.854,780.5704,-4511.754,0,0.4244083,0,0.905471;
racing,killCapsule,5,5,5,-1737.105,769.9599,-4516.3,-0.1306213,0.2280776,-0.4795013,0.8372558;
racing,killCone,5,5,5,-1733.943,565.1979,-4519.725,0,0.2628323,0,0.9648415;
racing,killArc180,5,5,5,-1730.896,656.7675,-4484.714,-0.1305332,-0.3895056,-0.9107053,0.04315567;
racing,killSphere,5,5,5,-1681.534,652.6062,-4559.491,0,0.9999171,0,-0.01287644;
racing,killPrism,5,5,5,-1699.809,671.1503,-4402.135,-0.7833526,-0.02191321,-0.06875412,-0.6173747;
racing,killSphere,5,5,5,-1694.885,676.2403,-4332.859,0,0.9305002,0,-0.3662914;
racing,killCylinder,5,20,5,-1795.018,726.2078,-4586.613,0,0.2648937,0,0.9642776;
racing,killCylinder,5,20,5,-1747.17,726.209,-4613.435,0,0.2374423,0,0.9714017;
racing,killCylinder,5,20,5,-1701.368,730.4431,-4643.612,0,0.3087784,0,0.951134;
racing,killCylinder,5,20,5,-1845.701,732.6082,-4563.067,0,0.2204526,0,0.9753977;
custom,cuboid,wood4,50,0.5,50,0,0,0,0,1.0,1.0,-1041.659,763.713,-3588.609,0,-0.244141,0,-0.9697397;
custom,cuboid,wood4,50,0.5,50,0,0,0,0,1.0,1.0,-1273.828,763.356,-4028.694,-0.0008987835,0.8659644,0.001495464,0.5001027;
custom,cuboid,wood4,50,0.5,50,0,0,0,0,1.0,1.0,-1557.94,761.9688,-4417.765,0,0.8541372,0,0.5200478;
custom,cuboid,wood4,50,0.5,50,0,0,0,0,1.0,1.0,-1879.413,762.1409,-3606.312,0,0.2425069,0,0.9701497;
custom,cuboid,wood4,30,0.5,30,0,0,0,0,1.0,1.0,-1648.097,764.445,-3778.633,0,0.2361442,0,0.9717181;
custom,cuboid,wood4,30,0.5,30,0,0,0,0,1.0,1.0,-2137.61,761.45,-3899.331,0,-0.2250076,0,-0.974357;
custom,cuboid,wood4,30,0.5,30,0,0,0,0,1.0,1.0,-1888.29,763.3716,-4035.148,0,0.2373051,0,0.9714352;
custom,cuboid,wood4,30,0.5,30,0,0,0,0,1.0,1.0,-1788.474,764.5376,-3959.213,0,0.2894569,0,0.9571911;
custom,cuboid,wood4,5,20,30,0,0,0,0,1.0,1.0,-1741.076,699.26,-4796.334,0,0.2472519,0,0.9689512;
custom,cuboid,wood4,5,20,30,0,0,0,0,1.0,1.0,-1928.941,694.4631,-4687.21,0,0.2662278,0,0.9639102;
racing,killCuboid,5,20,30,-1862.158,604.4622,-4812.56,0,0.4596195,0,-0.888116;
racing,killCuboid,5,20,30,-1868.748,817.3911,-4808.083,0,0.4516141,0,-0.8922134;
racing,killCuboid,5,20,30,-2011.409,711.8672,-4709.662,0,0.4628943,0,-0.8864135;
racing,killCuboid,5,20,30,-1748.583,711.7385,-4895.034,0,0.4539784,0,-0.8910127;
custom,cuboid,wood4,5,20,30,0,0,0,0,1.0,1.0,-1886.247,699.5139,-5039.492,0,0.2860935,0,0.9582017;
custom,cuboid,wood4,5,20,30,0,0,0,0,1.0,1.0,-2066.389,700.1443,-4916.821,0,0.2676454,0,0.9635175;
custom,cuboid,metal2,30,20,30,0,0,0,0,1.0,1.0,-2011.653,595.6161,-5061.552,0,0.9679751,0,-0.251046;
custom,cuboid,metal2,30,20,30,0,0,0,0,1.0,1.0,-2012.246,806.7213,-5060.352,0,0.5114573,0,-0.8593087;
custom,cuboid,metal2,5,20,30,0,0,0,0,1.0,1.0,-1931.603,717.847,-5113.911,0,0.2757077,0,0.9612415;
custom,cuboid,metal2,5,20,30,0,0,0,0,1.0,1.0,-2121.288,704.4584,-5000.977,0,0.2538287,0,0.9672492;
custom,cuboid,metal2,5,20,30,0,0,0,0,1.0,1.0,-2063.029,714.5924,-5331.736,0,0.2511822,0,0.9679399;
custom,cuboid,metal2,5,20,30,0,0,0,0,1.0,1.0,-2247.771,705.9212,-5226.13,0,0.2410318,0,0.9705173;
custom,cuboid,metal2,5,20,50,0,0,0,0,1.0,1.0,-2495.365,715.1812,-6113.444,0,0.2439841,0,0.9697793;
custom,cuboid,metal2,5,20,50,0,0,0,0,1.0,1.0,-2256.923,714.2555,-5678.957,0,0.2531149,0,0.9674363;
custom,cuboid,metal2,5,20,50,0,0,0,0,1.0,1.0,-2434.815,707.0438,-5579.706,0,0.2408196,0,0.9705699;
custom,cuboid,metal2,200,0.2,200,0,0,0,0,1.0,1.0,-2270.163,651.979,-6223.878,0,0.2461252,0,0.969238;
custom,cuboid,metal2,5,20,50,0,0,0,0,1.0,1.0,-2668.086,710.035,-6020.805,0,0.2468924,0,0.9690429;
custom,cuboid,metal2,5,20,50,0,0,0,0,1.0,1.0,-2912.807,710.7968,-6458.47,0,0.2530453,0,0.9674545;
custom,cuboid,metal2,5,20,50,0,0,0,0,1.0,1.0,-2735.285,712.5192,-6551.433,0,0.2514237,0,0.9678771;
custom,cuboid,metal2,5,20,50,0,0,0,0,1.0,1.0,-2929.118,616.9027,-6702.92,0,-0.5213159,0,0.8533638;
custom,cuboid,metal2,5,20,50,0,0,0,0,1.0,1.0,-2928.837,826.5155,-6702.62,0,-0.5228044,0,0.8524526;
custom,house9,default,5,5,5,0,0,0,0,1.0,1.0,-3139.372,754.4922,-6732.459,0,-0.8667887,0,-0.4986756;
custom,house7,default,10,10,10,0,0,0,0,1.0,1.0,-3361.988,814.949,-7604.762,0,0.8465963,0,0.5322356;
custom,cuboid,grass,200,0.5,200,0,0,0,0,1.0,1.0,-3187.076,652.1193,-7701.803,0,0.2263311,0,0.9740505;
custom,house11,default,5,5,5,0,0,0,0,1.0,1.0,-2869.593,656.9651,-6932.671,0,0.8555648,0,0.5176957;
custom,house9,default,5,5,5,0,0,0,0,1.0,1.0,-3113.544,754.7499,-7423.411,0,0.5117818,0,-0.8591155;
custom,house10,default,5,5,5,0,0,0,0,1.0,1.0,-2844.442,762.4046,-7045.741,0,0.8541861,0,0.5199675;
custom,house14,default,5,5,5,0,0,0,0,1.0,1.0,-3268.603,655.8153,-6971.444,0,-0.8615174,0,-0.5077281;
custom,house9,default,5,5,5,0,0,0,0,1.0,1.0,-3396.489,754.9451,-7209.274,0,-0.8547122,0,-0.5191022;
racing,killPlane,10,10,10,-3058.28,678.5062,-6776.915,0.1835394,0.2106748,0.6764485,0.68143;
racing,killPlane,10,10,10,-3123.285,687.4073,-6803.892,-0.6051165,0.5742339,-0.4000027,0.3795884;
racing,killPlane,10,10,10,-3073.519,709.0635,-6716.694,0.7116506,0.1327083,-0.1495481,0.6734815;
racing,killPlane,10,10,10,-3096.567,734.1431,-6756.012,0,0.865608,0,0.5007223;
racing,endCuboid,10,10,10,-3189.756,670.7242,-6704.774,0,0.8507481,0,0.5255737;
racing,killPlane,10,10,10,-3068.278,700.6238,-6783.814,-0.6484174,0.7262029,0.1094679,-0.2005021;
racing,killPlane,10,10,10,-3085.113,719.7867,-6753.767,-0.6433038,0.7220275,0.1693879,-0.1901166;
racing,endCuboid,1,1,1,-3070.925,654.991,-7537.715,0,0.9791959,0,-0.2029172;
racing,killCuboid,50,0.,50,-3058.139,854.363,-6930.761,0,-0.2275562,0,-0.973765;
racing,killCuboid,50,0.,50,-3281.51,854.1739,-7374.21,0,0.9756559,0,-0.2193072;
racing,killCuboid,50,0.,50,-3433.003,854.0671,-7835.777,0,0.9797955,0,-0.2000022;
racing,killCuboid,50,0.5,100,-2328.314,791.2838,-5624.046,0,0.9676538,0,-0.2522818;
racing,killCuboid,50,0.5,100,-2689.929,791.738,-6267.902,0,0.9554787,0,-0.2950602;
racing,killCuboid,50,0.5,100,-1606.897,759.6504,-4578.865,0,0.968714,0,-0.2481799;
racing,checkpointCuboid,2,2,70,-2307.778,660.7645,-5701.549,0,0.2502538,0,0.9681803;
racing,killCuboid,1.9,1.9,2,-2142.379,661.3388,-5405.118,0,0.9647979,0,-0.2629925;
spawnpoint,playerC,-2204.435,694.5906,-5355.757,0,0.2565636,0,0.9665273;
custom,cuboid,default,3,4,14,1,1,0,0,1.0,1.0,-2247.089,636.3161,-5448.493,0,0.8681779,0,0.4962531;