custom,cuboid,default,50,1,50,1,0.5113636,0.5227273,0.5454546,1,1,-12.79086,-4.658811,-207.284,0,0.9999905,0,0.004368605;
custom,cuboid,default,2,100,2,1,0.5113636,0.5227273,0.5454546,1,1,45.09401,467.0312,33.34571,0,0.9999896,0,0.004568685;
custom,cuboid,default,2,100,2,1,0.5113636,0.5227273,0.5454546,1,1,-14.98562,467.0308,32.81833,0,0.9999896,0,0.004568685;
custom,cuboid,default,2,100,2,1,0.5113636,0.5227273,0.5454546,1,1,-75.04957,467.0307,32.28099,0,0.9999896,0,0.004568685;
custom,cuboid,default,2,100,2,1,0.5113636,0.5227273,0.5454546,1,1,-134.9951,467.0717,31.80679,0,0.9999896,0,0.004568685;
custom,cuboid,default,2,100,2,1,0.5113636,0.5227273,0.5454546,1,1,-194.8017,467.0717,31.34867,0,0.9999896,0,0.004568685;
custom,cuboid,default,2,100,2,1,0.5113636,0.5227273,0.5454546,1,1,-254.8454,467.2307,30.72292,0,0.9999896,0,0.004568685;
custom,cuboid,default,2,100,2,1,0.5113636,0.5227273,0.5454546,1,1,225.6186,467.111,-25.10931,0,0.9999896,0,0.004568685;
custom,cuboid,default,2,100,2,1,0.5113636,0.5227273,0.5454546,1,1,226.1681,467.1514,-84.97079,0,0.9999896,0,0.004568685;
custom,cuboid,default,2,100,2,1,0.5113636,0.5227273,0.5454546,1,1,227.7596,467.0706,-264.9618,0,0.9999896,0,0.004568685;
custom,cuboid,default,2,100,2,1,0.5113636,0.5227273,0.5454546,1,1,228.2705,467.0709,-325.0472,0,0.9999896,0,0.004568685;
custom,cuboid,default,2,100,2,1,0.5113636,0.5227273,0.5454546,1,1,226.662,467.0712,-144.9539,0,0.9999896,0,0.004568685;
custom,cuboid,default,2,100,2,1,0.5113636,0.5227273,0.5454546,1,1,227.1939,467.0708,-204.9524,0,0.9999896,0,0.004568685;
custom,cuboid,default,2,100,2,1,0.5113636,0.5227273,0.5454546,1,1,228.8076,467.0308,-385.0758,0,0.9999896,0,0.004568685;
custom,cuboid,default,2,100,2,1,0.5113636,0.5227273,0.5454546,1,1,229.2938,467.0708,-445.0526,0,0.9999896,0,0.004568685;
custom,cuboid,default,2,100,2,1,0.5113636,0.5227273,0.5454546,1,1,109.3667,467.0718,-446.1042,0,0.9999896,0,0.004568685;
custom,cuboid,default,2,100,2,1,0.5113636,0.5227273,0.5454546,1,1,169.3008,467.031,-445.6386,0,0.9999896,0,0.004568685;
custom,cuboid,default,2,100,2,1,0.5113636,0.5227273,0.5454546,1,1,49.25374,467.1507,-446.6434,0,0.9999896,0,0.004568685;
custom,cuboid,default,2,100,2,1,0.5113636,0.5227273,0.5454546,1,1,-190.6288,467.0309,-448.713,0,0.9999896,0,0.004568685;
custom,cuboid,default,2,100,2,1,0.5113636,0.5227273,0.5454546,1,1,-10.68928,467.1115,-447.1795,0,0.9999896,0,0.004568685;
custom,cuboid,default,2,100,2,1,0.5113636,0.5227273,0.5454546,1,1,-70.57483,467.071,-447.6918,0,0.9999896,0,0.004568685;
custom,cuboid,default,2,100,2,1,0.5113636,0.5227273,0.5454546,1,1,-130.6798,467.0311,-448.2386,0,0.9999896,0,0.004568685;
custom,cuboid,default,2,100,2,1,0.5113636,0.5227273,0.5454546,1,1,-250.669,467.0703,-449.2875,0,0.9999896,0,0.004568685;
custom,cuboid,default,2,100,2,1,0.5113636,0.5227273,0.5454546,1,1,-251.6862,467.0317,-329.1749,0,0.9999896,0,0.004568685;
custom,cuboid,default,2,100,2,1,0.5113636,0.5227273,0.5454546,1,1,-251.1817,467.031,-389.239,0,0.9999896,0,0.004568685;
custom,cuboid,default,2,100,2,1,0.5113636,0.5227273,0.5454546,1,1,-253.7918,466.8706,-89.02771,0,0.9999896,0,0.004568685;
custom,cuboid,default,2,100,2,1,0.5113636,0.5227273,0.5454546,1,1,-252.2351,467.0707,-269.0811,0,0.9999896,0,0.004568685;
custom,cuboid,default,2,100,2,1,0.5113636,0.5227273,0.5454546,1,1,-252.7944,467.0313,-209.0068,0,0.9999896,0,0.004568685;
custom,cuboid,default,2,100,2,1,0.5113636,0.5227273,0.5454546,1,1,-253.2907,467.0713,-149.0329,0,0.9999896,0,0.004568685;
custom,cuboid,default,2,100,2,1,0.5113636,0.5227273,0.5454546,1,1,-254.3636,467.0307,-29.18028,0,0.9999896,0,0.004568685;
custom,cuboid,default,2,100,2,1,0.5113636,0.5227273,0.5454546,1,1,-192.9979,1396.379,-148.4388,0,0.9999896,0,0.004568685;
custom,cuboid,default,2,100,2,1,0.5113636,0.5227273,0.5454546,1,1,-134.3788,1397.242,-28.33187,0,0.9999896,0,0.004568685;
custom,cuboid,default,2,100,2,1,0.5113636,0.5227273,0.5454546,1,1,-194.0664,1397.172,-28.97178,0,0.9999896,0,0.004568685;
custom,cuboid,default,2,100,2,1,0.5113636,0.5227273,0.5454546,1,1,-191.5496,1396.502,-328.6023,0,0.9999896,0,0.004568685;
custom,cuboid,default,2,100,2,1,0.5113636,0.5227273,0.5454546,1,1,-192.0257,1396.401,-268.495,0,0.9999896,0,0.004568685;
custom,cuboid,default,2,100,2,1,0.5113636,0.5227273,0.5454546,1,1,-193.5015,1396.333,-88.54787,0,0.9999896,0,0.004568685;
custom,cuboid,default,2,100,2,1,0.5113636,0.5227273,0.5454546,1,1,165.587,1396.889,-25.92597,0,0.9999896,0,0.004568685;
custom,cuboid,default,2,100,2,1,0.5113636,0.5227273,0.5454546,1,1,168.4469,1396.893,-325.6028,0,0.9999896,0,0.004568685;
custom,cuboid,default,2,100,2,1,0.5113636,0.5227273,0.5454546,1,1,166.1699,1396.644,-85.27461,0,0.9999896,0,0.004568685;
custom,cuboid,default,2,100,2,1,0.5113636,0.5227273,0.5454546,1,1,-191.1613,1396.606,-388.6434,0,0.9999896,0,0.004568685;
custom,cuboid,default,2,100,2,1,0.5113636,0.5227273,0.5454546,1,1,225.0869,467.111,34.86816,0,0.9999896,0,0.004568685;
custom,cuboid,default,2,100,2,1,0.5113636,0.5227273,0.5454546,1,1,167.8788,1396.728,-265.721,0,0.9999896,0,0.004568685;
custom,cuboid,default,2,100,2,1,0.5113636,0.5227273,0.5454546,1,1,166.7441,1396.687,-145.366,0,0.9999896,0,0.004568685;
custom,cuboid,default,2,100,2,1,0.5113636,0.5227273,0.5454546,1,1,48.84492,1396.646,-386.6286,0,0.9999896,0,0.004568685;
custom,cuboid,default,2,100,2,1,0.5113636,0.5227273,0.5454546,1,1,167.226,1396.806,-205.2269,0,0.9999896,0,0.004568685;
custom,cuboid,default,2,100,2,1,0.5113636,0.5227273,0.5454546,1,1,-131.1558,1396.651,-388.0924,0,0.9999896,0,0.004568685;
custom,cuboid,default,2,100,2,1,0.5113636,0.5227273,0.5454546,1,1,108.8677,1396.606,-386.1099,0,0.9999896,0,0.004568685;
custom,cuboid,default,2,100,2,1,0.5113636,0.5227273,0.5454546,1,1,168.8181,1396.756,-385.5891,0,0.9999896,0,0.004568685;
custom,cuboid,default,2,100,2,1,0.5113636,0.5227273,0.5454546,1,1,-192.5626,1396.451,-208.2994,0,0.9999896,0,0.004568685;
custom,cuboid,default,2,100,2,1,0.5113636,0.5227273,0.5454546,1,1,165.1054,467.0319,34.38479,0,0.9999896,0,0.004568685;
custom,cuboid,default,2,100,2,1,0.5113636,0.5227273,0.5454546,1,1,105.168,467.0321,33.98088,0,0.9999896,0,0.004568685;
custom,cuboid,default,49,2,1,1,0.5113636,0.5227273,0.5454546,1,1,230.5665,9.314425,-200.1614,-0.06159037,0.7076117,-0.06215694,-0.7011625;
custom,cuboid,default,49,2,1,1,0.5113636,0.5227273,0.5454546,1,1,-9.93554,9.509562,-450.9529,-0.06348664,0.004456857,-0.0002835255,-0.9979727;
custom,cuboid,default,49,2,1,1,0.5113636,0.5227273,0.5454546,1,1,-256.601,9.263105,-210.3523,0.04162411,0.7027953,-0.04126138,0.7089737;
custom,cuboid,default,19,2,1,1,0.5113636,0.5227273,0.5454546,1,1,132.8134,9.597863,37.79325,0.0002515102,0.9979969,-0.06313846,0.003975502;
custom,cuboid,default,19,2,1,1,0.5113636,0.5227273,0.5454546,1,1,-166.0635,9.637177,35.24908,0.0002736366,0.9980606,-0.06209316,0.004398327;
custom,cuboid,default,49,2,.5,1,0.5113636,0.5227273,0.5454546,1,1,231.2366,229.9545,-202.2029,0,0.7103594,0,-0.7038392;
custom,cuboid,default,49,2,.5,1,0.5113636,0.5227273,0.5454546,1,1,-14.57983,129.7602,-452.0727,0,-0.004280986,0,0.9999909;
custom,cuboid,default,49,2,.5,1,0.5113636,0.5227273,0.5454546,1,1,-257.7899,129.8821,-208.2083,0,0.7041416,0,0.7100596;
custom,cuboid,default,100,8,100,0,0.5113636,0.5227273,0.5454546,1,1,-58.65601,-187.1407,-319.1435,0,0.999999,0,0.001424419;
custom,cuboid,default,19,2,.5,1,0.5113636,0.5227273,0.5454546,1,1,130.1665,30.09275,38.94198,0,0.9999902,0,0.004425727;
custom,cuboid,default,19,2,.5,1,0.5113636,0.5227273,0.5454546,1,1,-168.4318,29.99013,36.43364,0,0.9999918,0,0.004049468;
custom,cuboid,default,49,2,.5,1,0.5113636,0.5227273,0.5454546,1,1,231.2366,330.2787,-202.2029,0,0.7103594,0,-0.7038392;
custom,cuboid,default,49,2,.5,1,0.5113636,0.5227273,0.5454546,1,1,-14.57983,330.2027,-452.0727,0,-0.004280986,0,0.9999909;
custom,cuboid,default,49,2,.5,1,0.5113636,0.5227273,0.5454546,1,1,-257.7899,330.2047,-208.2083,0,0.7041416,0,0.7100596;
custom,cuboid,default,49,2,.5,1,0.5113636,0.5227273,0.5454546,1,1,-17.25319,330.3117,37.65424,0,0.9999911,0,0.004229227;
custom,cuboid,default,49,2,.5,1,0.5113636,0.5227273,0.5454546,1,1,231.2366,630.6609,-202.2029,0,0.7103594,0,-0.7038392;
custom,cuboid,default,49,2,.5,1,0.5113636,0.5227273,0.5454546,1,1,-14.57983,930.8419,-452.0727,0,-0.004280986,0,0.9999909;
custom,cuboid,default,49,2,.5,1,0.5113636,0.5227273,0.5454546,1,1,-257.7899,630.6638,-208.2083,0,0.7041416,0,0.7100596;
custom,cuboid,default,49,2,.5,1,0.5113636,0.5227273,0.5454546,1,1,-17.25319,430.7188,37.65424,0,0.9999911,0,0.004229227;
custom,cuboid,default,49,2,.5,1,0.5113636,0.5227273,0.5454546,1,1,231.2366,830.7558,-202.2029,0,0.7103594,0,-0.7038392;
custom,cuboid,default,49,2,.5,1,0.5113636,0.5227273,0.5454546,1,1,-14.57983,530.7806,-452.0727,0,-0.004280986,0,0.9999909;
custom,cuboid,default,49,2,.5,1,0.5113636,0.5227273,0.5454546,1,1,-257.7899,730.8324,-208.2083,0,0.7041416,0,0.7100596;
custom,cuboid,default,49,2,.5,1,0.5113636,0.5227273,0.5454546,1,1,-17.25319,530.7672,37.65424,0,0.9999911,0,0.004229227;
custom,cuboid,default,49,2,.5,1,0.5113636,0.5227273,0.5454546,1,1,231.2366,430.6053,-202.2029,0,0.7103594,0,-0.7038392;
custom,cuboid,default,49,2,.5,1,0.5113636,0.5227273,0.5454546,1,1,-14.57983,730.7076,-452.0727,0,-0.004280986,0,0.9999909;
custom,cuboid,default,49,2,.5,1,0.5113636,0.5227273,0.5454546,1,1,-257.7899,830.4417,-208.2083,0,0.7041416,0,0.7100596;
custom,cuboid,default,49,2,.5,1,0.5113636,0.5227273,0.5454546,1,1,-17.25319,630.695,37.65424,0,0.9999911,0,0.004229227;
custom,cuboid,default,49,2,.5,1,0.5113636,0.5227273,0.5454546,1,1,231.3059,531.056,-205.9611,0,0.7103594,0,-0.7038392;
custom,cuboid,default,49,2,.5,1,0.5113636,0.5227273,0.5454546,1,1,-14.57983,630.781,-452.0727,0,-0.004280986,0,0.9999909;
custom,cuboid,default,49,2,.5,1,0.5113636,0.5227273,0.5454546,1,1,-257.7899,430.7698,-208.2083,0,0.7041416,0,0.7100596;
custom,cuboid,default,49,2,.5,1,0.5113636,0.5227273,0.5454546,1,1,-17.25319,730.4991,37.65424,0,0.9999911,0,0.004229227;
custom,cuboid,default,49,2,.5,1,0.5113636,0.5227273,0.5454546,1,1,231.2366,730.6282,-202.2029,0,0.7103594,0,-0.7038392;
custom,cuboid,default,49,2,.5,1,0.5113636,0.5227273,0.5454546,1,1,-14.57983,830.7941,-452.0727,0,-0.004280986,0,0.9999909;
custom,cuboid,default,49,2,.5,1,0.5113636,0.5227273,0.5454546,1,1,-257.7899,530.6998,-208.2083,0,0.7041416,0,0.7100596;
custom,cuboid,default,49,2,.5,1,0.5113636,0.5227273,0.5454546,1,1,-17.25319,830.7462,37.65424,0,0.9999911,0,0.004229227;
custom,cuboid,default,49,2,.5,1,0.5113636,0.5227273,0.5454546,1,1,231.2366,930.9147,-202.2029,0,0.7103594,0,-0.7038392;
custom,cuboid,default,49,2,.5,1,0.5113636,0.5227273,0.5454546,1,1,-14.57983,430.5655,-452.0727,0,-0.004280986,0,0.9999909;
custom,cuboid,default,49,2,.5,1,0.5113636,0.5227273,0.5454546,1,1,-257.7899,930.7626,-208.2083,0,0.7041416,0,0.7100596;
custom,cuboid,default,49,2,.5,1,0.5113636,0.5227273,0.5454546,1,1,-17.25319,930.8715,37.65424,0,0.9999911,0,0.004229227;
custom,cuboid,default,49,2,.5,1,0.5113636,0.5227273,0.5454546,1,1,231.2366,29.83731,-202.2029,0,0.7103594,0,-0.7038392;
custom,cuboid,default,49,2,.5,1,0.5113636,0.5227273,0.5454546,1,1,-14.57983,29.83982,-452.0727,0,-0.004280986,0,0.9999909;
custom,cuboid,default,49,2,.5,1,0.5113636,0.5227273,0.5454546,1,1,-257.9168,29.64236,-208.2942,0,0.7041416,0,0.7100596;
custom,cuboid,default,49,2,.5,1,0.5113636,0.5227273,0.5454546,1,1,-17.25319,230.3885,37.65424,0,0.9999911,0,0.004229227;
custom,cuboid,default,49,2,.5,1,0.5113636,0.5227273,0.5454546,1,1,231.2366,129.8764,-202.2029,0,0.7103594,0,-0.7038392;
custom,cuboid,default,49,2,.5,1,0.5113636,0.5227273,0.5454546,1,1,-14.57983,230.1181,-452.0727,0,-0.004280986,0,0.9999909;
custom,cuboid,default,49,2,.5,1,0.5113636,0.5227273,0.5454546,1,1,-257.7899,230.0402,-208.2083,0,0.7041416,0,0.7100596;
custom,cuboid,default,49,2,.5,1,0.5113636,0.5227273,0.5454546,1,1,-17.25319,129.8696,37.65424,0,0.9999911,0,0.004229227;
custom,cuboid,default,49,2,2,1,0.5113636,0.5227273,0.5454546,1,1,-14.40062,950.6577,32.81534,0,0.9999906,0,0.004341151;
custom,cuboid,default,49,2,2,1,0.5113636,0.5227273,0.5454546,1,1,227.1835,950.8657,-203.0548,0,0.7101471,0,-0.7040534;
custom,cuboid,default,49,2,2,1,0.5113636,0.5227273,0.5454546,1,1,-7.599068,950.7291,-447.0425,0,-0.004156824,0,0.9999914;
custom,cuboid,default,49,2,2,1,0.5113636,0.5227273,0.5454546,1,1,-252.6623,950.8038,-204.6374,0,0.7041579,0,0.7100435;
custom,cuboid,default,49,1,49,1,0.4659091,0.4772727,0.4886363,1,1,-17.34039,953.7776,-202.7846,0,0.9999891,0,0.00467081;
custom,cuboid,default,2,100,2,1,0.5113636,0.5227273,0.5454546,1,1,-14.65653,1397.004,-27.20685,0,0.9999896,0,0.004568685;
custom,cuboid,default,2,100,2,1,0.5113636,0.5227273,0.5454546,1,1,-71.03984,1396.77,-387.5984,0,0.9999896,0,0.004568685;
custom,cuboid,default,2,100,2,1,0.5113636,0.5227273,0.5454546,1,1,-74.25565,1397.17,-27.80645,0,0.9999896,0,0.004568685;
custom,cuboid,default,2,100,2,1,0.5113636,0.5227273,0.5454546,1,1,45.58761,1396.973,-26.79714,0,0.9999896,0,0.004568685;
custom,cuboid,default,2,100,2,1,0.5113636,0.5227273,0.5454546,1,1,105.707,1397.055,-26.23605,0,0.9999896,0,0.004568685;
custom,cuboid,default,2,100,2,1,0.5113636,0.5227273,0.5454546,1,1,-11.45271,1396.611,-387.187,0,0.9999896,0,0.004568685;
custom,cuboid,default,37,1,37,1,0.4659091,0.4772727,0.4886363,1,1,-14.22302,1896.993,-206.3382,0,0.7102985,0,-0.7039006;
custom,cuboid,default,35,2,1,1,0.5568182,0.5681819,0.5909091,1,1,-14.44276,976.5352,-26.10917,0,0.9999926,0,0.003854891;
custom,cuboid,default,35,2,1,1,0.5568182,0.5681819,0.5909091,1,1,167.8516,976.6142,-206.5342,0,0.710333,0,-0.7038658;
custom,cuboid,default,35,2,1,1,0.5568182,0.5681819,0.5909091,1,1,-9.594384,976.4586,-388.2992,0,-0.004151597,0,0.9999914;
custom,cuboid,default,35,2,1,1,0.5568182,0.5681819,0.5909091,1,1,-192.016,1577.536,-212.6956,0,0.7042178,0,0.709984;
custom,cuboid,default,35,2,1,1,0.5568182,0.5681819,0.5909091,1,1,-14.44276,1677.659,-26.10917,0,0.9999926,0,0.003854891;
custom,cuboid,default,35,2,1,1,0.5568182,0.5681819,0.5909091,1,1,167.8516,1377.083,-206.5342,0,0.710333,0,-0.7038658;
custom,cuboid,default,35,2,1,1,0.5568182,0.5681819,0.5909091,1,1,-9.594384,1477.215,-388.2992,0,-0.004151597,0,0.9999914;
custom,cuboid,default,35,2,1,1,0.5568182,0.5681819,0.5909091,1,1,-192.016,1377.191,-212.6956,0,0.7042178,0,0.709984;
custom,cuboid,default,35,2,1,1,0.5568182,0.5681819,0.5909091,1,1,-9.594384,1076.726,-388.2992,0,-0.004151597,0,0.9999914;
custom,cuboid,default,35,2,1,1,0.5568182,0.5681819,0.5909091,1,1,-192.016,1477.369,-212.6956,0,0.7042178,0,0.709984;
custom,cuboid,default,35,2,1,1,0.5568182,0.5681819,0.5909091,1,1,-14.84549,966.3791,-25.46905,0.000596392,0.9879525,-0.1547093,0.003808477;
custom,cuboid,default,35,2,1,1,0.5568182,0.5681819,0.5909091,1,1,167.8516,1477.576,-206.5342,0,0.710333,0,-0.7038658;
custom,cuboid,default,35,2,1,1,0.5568182,0.5681819,0.5909091,1,1,-9.320025,966.101,-388.7034,0.2014183,-0.00406652,0.0008362157,0.9794965;
custom,cuboid,default,35,2,1,1,0.5568182,0.5681819,0.5909091,1,1,-14.44276,1377.363,-26.10917,0,0.9999926,0,0.003854891;
custom,cuboid,default,35,2,1,1,0.5568182,0.5681819,0.5909091,1,1,-9.594384,1276.985,-388.2992,0,-0.004151597,0,0.9999914;
custom,cuboid,default,35,2,1,1,0.5568182,0.5681819,0.5909091,1,1,-194.6082,964.0707,-214.7939,0.149795,0.6883658,-0.1485785,0.6940018;
custom,cuboid,default,35,2,1,1,0.5568182,0.5681819,0.5909091,1,1,-14.44276,1076.763,-26.10917,0,0.9999926,0,0.003854891;
custom,cuboid,default,35,2,1,1,0.5568182,0.5681819,0.5909091,1,1,167.8516,1076.687,-206.5342,0,0.710333,0,-0.7038658;
custom,cuboid,default,35,2,1,1,0.5568182,0.5681819,0.5909091,1,1,-9.594384,1377.222,-388.2992,0,-0.004151597,0,0.9999914;
custom,cuboid,default,35,2,1,1,0.5568182,0.5681819,0.5909091,1,1,-192.016,1276.856,-212.6956,0,0.7042178,0,0.709984;
custom,cuboid,default,35,2,1,1,0.5568182,0.5681819,0.5909091,1,1,-14.44276,1778.23,-26.10917,0,0.9999926,0,0.003854891;
custom,cuboid,default,35,2,1,1,0.5568182,0.5681819,0.5909091,1,1,-192.016,1176.876,-212.6956,0,0.7042178,0,0.709984;
custom,cuboid,default,35,2,1,1,0.5568182,0.5681819,0.5909091,1,1,-14.44276,1477.581,-26.10917,0,0.9999926,0,0.003854891;
custom,cuboid,default,35,2,1,1,0.5568182,0.5681819,0.5909091,1,1,167.8516,1577.508,-206.5342,0,0.710333,0,-0.7038658;
custom,cuboid,default,35,2,1,1,0.5568182,0.5681819,0.5909091,1,1,-9.594384,1878.32,-388.2992,0,-0.004151597,0,0.9999914;
custom,cuboid,default,35,2,1,1,0.5568182,0.5681819,0.5909091,1,1,-14.56083,1888.508,-26.75922,-0.0009273599,0.9706253,0.2405655,0.003741674;
custom,cuboid,default,35,2,1,1,0.5568182,0.5681819,0.5909091,1,1,167.6967,1886.909,-206.5654,0.1864421,0.6849602,0.188155,-0.6787243;
custom,cuboid,default,35,2,1,1,0.5568182,0.5681819,0.5909091,1,1,-9.594384,1677.766,-388.2992,0,-0.004151597,0,0.9999914;
custom,cuboid,default,35,2,1,1,0.5568182,0.5681819,0.5909091,1,1,-192.016,1076.742,-212.6956,0,0.7042178,0,0.709984;
custom,cuboid,default,35,2,1,1,0.5568182,0.5681819,0.5909091,1,1,167.8516,1277.022,-206.5342,0,0.710333,0,-0.7038658;
custom,cuboid,default,35,2,1,1,0.5568182,0.5681819,0.5909091,1,1,-9.594384,1886.994,-388.2992,-0.2123467,-0.004056931,-0.0008815857,0.9771857;
custom,cuboid,default,35,2,1,1,0.5568182,0.5681819,0.5909091,1,1,-14.44276,1878.287,-26.10917,0,0.9999926,0,0.003854891;
custom,cuboid,default,35,2,1,1,0.5568182,0.5681819,0.5909091,1,1,-192.016,976.4322,-212.6956,0,0.7042178,0,0.709984;
custom,cuboid,default,35,2,1,1,0.5568182,0.5681819,0.5909091,1,1,167.8516,1778.184,-206.5342,0,0.710333,0,-0.7038658;
custom,cuboid,default,35,2,1,1,0.5568182,0.5681819,0.5909091,1,1,-9.594384,1778.156,-388.2992,0,-0.004151597,0,0.9999914;
custom,cuboid,default,35,2,1,1,0.5568182,0.5681819,0.5909091,1,1,-14.44276,1176.904,-26.10917,0,0.9999926,0,0.003854891;
custom,cuboid,default,35,2,1,1,0.5568182,0.5681819,0.5909091,1,1,167.8516,1176.775,-206.5342,0,0.710333,0,-0.7038658;
custom,cuboid,default,35,2,1,1,0.5568182,0.5681819,0.5909091,1,1,-9.594384,1577.808,-388.2992,0,-0.004151597,0,0.9999914;
custom,cuboid,default,35,2,1,1,0.5568182,0.5681819,0.5909091,1,1,-192.016,1778.169,-212.6956,0,0.7042178,0,0.709984;
custom,cuboid,default,35,2,1,1,0.5568182,0.5681819,0.5909091,1,1,-14.44276,1276.916,-26.10917,0,0.9999926,0,0.003854891;
custom,cuboid,default,35,2,1,1,0.5568182,0.5681819,0.5909091,1,1,169.5575,965.8524,-205.6951,-0.121015,0.6997557,-0.1221269,-0.6933848;
custom,cuboid,default,35,2,1,1,0.5568182,0.5681819,0.5909091,1,1,-192.016,1889.3,-212.6956,-0.2579024,0.6561139,0.255808,0.6614857;
custom,cuboid,default,35,2,1,1,0.5568182,0.5681819,0.5909091,1,1,-14.44276,1577.719,-26.10917,0,0.9999926,0,0.003854891;
custom,cuboid,default,35,2,1,1,0.5568182,0.5681819,0.5909091,1,1,167.8516,1677.808,-206.5342,0,0.710333,0,-0.7038658;
custom,cuboid,default,35,2,1,1,0.5568182,0.5681819,0.5909091,1,1,-9.594384,1176.824,-388.2992,0,-0.004151597,0,0.9999914;
custom,cuboid,default,35,2,1,1,0.5568182,0.5681819,0.5909091,1,1,-192.016,1677.997,-212.6956,0,0.7042178,0,0.709984;
custom,cuboid,default,35,2,1,1,0.5568182,0.5681819,0.5909091,1,1,167.8516,1878.359,-206.5342,0,0.710333,0,-0.7038658;
custom,cuboid,default,35,2,1,1,0.5568182,0.5681819,0.5909091,1,1,-192.016,1878.349,-212.6956,0,0.7042178,0,0.709984;
custom,sphere,default,30,30,30,1,0.5568182,0.5681819,0.5909091,1,1,-0.7995572,1849.349,-211.2487,0,0.707085,0,0.7071287;
custom,cone,default,.5,10,.5,1,0.5568182,0.5681819,0.5909091,1,1,-18.36472,2092.308,-219.8191,0,0.951667,0,0.3071319;
custom,sphere,default,.5,.5,.5,1,1,0,0,1,1,-17.44035,2365.283,-219.381,0,0.66463,0,-0.7471727;
custom,cuboid,default,49,1,25,1,0.5340909,0.5454546,0.5568181,1,1,-16.1163,128.0492,-85.79407,0,0.9999906,0,0.004344312;
custom,cuboid,default,19,5,1,1,0.5340909,0.5454545,0.5568182,1,1,-164.9301,15.00368,29.21205,0,-0.003673315,0,0.9999933;
custom,cuboid,default,19,5,1,1,0.5340909,0.5454545,0.5568182,1,1,131.3243,15.06229,31.68844,0,-0.003799197,0,0.9999928;
custom,cuboid,default,25,5,1,1,0.5340909,0.5454545,0.5568182,1,1,223.251,14.82812,-91.2157,0,0.7040822,0,0.7101185;
custom,cuboid,default,25,5,1,1,0.5340909,0.5454545,0.5568182,1,1,-251.3588,14.65072,-102.3885,0,0.7040002,0,0.7101998;
custom,cuboid,default,11,2,1,1,0.5113636,0.5227273,0.5340908,1,1,-17.57132,78.06197,35.10746,0,0.9999884,0,0.004830733;
custom,cuboid,default,3,2,3,0,0.5113636,0.5227273,0.5340908,1,1,238.0143,12.81427,-340.7592,0,0.9999794,0,0.006435127;
custom,cuboid,default,20,2,20,0,0.5113636,0.5227273,0.5340908,1,1,-349.8634,-17.06243,-251.8607,0,0.9999904,0,0.004375841;
custom,cuboid,default,5,2,1,1,0.5113636,0.5227273,0.5340908,1,1,-514.9489,-18.26394,639.4293,0,0.7100775,0,-0.7041236;
custom,cuboid,default,5,2,1,1,0.5113636,0.5227273,0.5340908,1,1,-494.6694,-18.18545,609.6203,0,0.99999,0,0.004460793;
custom,cuboid,default,90,1,1,1,0.4090909,0.4204546,0.4318182,1,1,932.1064,-3.513587,412.5776,0,0.9999905,0,0.004350835;
custom,cuboid,default,20,2,20,1,0.5113636,0.5227273,0.5340908,1,1,-116.9545,-20.14057,241.8376,0,0.7038578,0,0.710341;
custom,cuboid,default,20,1,20,0,0.4090909,0.4204546,0.4318182,1,1,-364.1873,-12.62898,-30.40207,0,0.9999894,0,0.004597926;
custom,cuboid,default,20,1,20,0,0.4090909,0.4204546,0.4318182,1,1,-415.9085,-10.05004,179.9302,0,0.7102367,0,-0.7039629;
custom,cuboid,default,90,1,1,1,0.4090909,0.4204546,0.4318182,1,1,930.2753,-3.499652,622.6974,0,0.9999895,0,0.004586481;
custom,cuboid,default,90,1,1,1,0.4090909,0.4204546,0.4318182,1,1,-20.07716,-3.498265,673.8962,0,0.9999888,0,0.00473401;
custom,cuboid,default,90,1,1,1,0.4090909,0.4204546,0.4318182,1,1,-17.82979,-3.507095,404.2914,0,0.9999908,0,0.004306986;
custom,cuboid,default,90,1,1,1,0.4090909,0.4204546,0.4318182,1,1,-17.23987,-3.553497,341.3268,0,0.9999695,0,0.007809755;
custom,cuboid,default,90,1,1,1,0.4090909,0.4204546,0.4318182,1,1,-15.48341,-3.523727,138.1894,0,0.9999917,0,0.004070537;
custom,cuboid,default,90,1,1,1,0.4090909,0.4204546,0.4318182,1,1,-967.8554,-3.514096,395.8225,0,0.9999894,0,0.004599352;
custom,cuboid,default,90,1,1,1,0.4090909,0.4204546,0.4318182,1,1,-970.2005,-3.514083,665.2542,0,0.9999894,0,0.004599352;
custom,cuboid,default,90,1,1,1,0.4090909,0.4204546,0.4318182,1,1,932.5989,-3.51409,352.9344,0,0.9999894,0,0.004599352;
custom,cuboid,default,90,1,1,1,0.4090909,0.4204546,0.4318182,1,1,-969.6588,-3.514096,605.2625,0,0.9999894,0,0.004599352;
custom,cuboid,default,90,1,1,1,0.4090909,0.4204546,0.4318182,1,1,-515.9106,-3.474092,-370.998,0,0.7038463,0,0.7103524;
custom,cuboid,default,90,1,1,1,0.4090909,0.4204546,0.4318182,1,1,-14.9828,-3.514097,78.66726,0,0.9999894,0,0.004599352;
custom,cuboid,default,90,1,1,1,0.4090909,0.4204546,0.4318182,1,1,-967.2808,-3.514097,329.7806,0,0.9999894,0,0.004599352;
custom,cuboid,default,90,1,1,1,0.4090909,0.4204546,0.4318182,1,1,-964.998,-3.554095,69.90348,0,0.9999894,0,0.004599352;
custom,cuboid,default,90,1,1,1,0.4090909,0.4204546,0.4318182,1,1,934.4303,-3.434093,146.4508,0,0.9999894,0,0.004599352;
custom,cuboid,default,90,1,1,1,0.4090909,0.4204546,0.4318182,1,1,929.868,-3.514095,682.761,0,0.9999894,0,0.004599352;
custom,cuboid,default,90,1,1,1,0.4090909,0.4204546,0.4318182,1,1,-965.5583,-3.474092,129.8958,0,0.9999894,0,0.004599352;
custom,cuboid,default,20.5,1,1,1,0.4090909,0.4204546,0.4318182,1,1,-463.698,-3.507521,503.8478,0,0.7101268,0,-0.7040739;
custom,cuboid,default,20.5,1,1,1,0.4090909,0.4204546,0.4318182,1,1,428.6144,-3.507525,244.3989,0,0.7101268,0,-0.7040739;
custom,cuboid,default,20.5,1,1,1,0.4090909,0.4204546,0.4318182,1,1,426.2808,-3.54752,511.6425,0,0.7101268,0,-0.7040739;
custom,cuboid,default,20.5,1,1,1,0.4090909,0.4204546,0.4318182,1,1,-461.3057,-3.50752,234.0791,0,0.7101268,0,-0.7040739;
custom,cuboid,default,20.5,1,1,1,0.4090909,0.4204546,0.4318182,1,1,488.5107,-3.427519,245.1788,0,0.7101268,0,-0.7040739;
custom,cuboid,default,20.5,1,1,1,0.4090909,0.4204546,0.4318182,1,1,486.2509,-3.467524,513.2498,0,0.7101268,0,-0.7040739;
custom,cuboid,default,20.5,1,1,1,0.4090909,0.4204546,0.4318182,1,1,-465.8575,-3.507522,768.0356,0,0.7101268,0,-0.7040739;
custom,cuboid,default,20.5,1,1,1,0.4090909,0.4204546,0.4318182,1,1,-526.0887,-3.587532,768.8129,0,0.7101268,0,-0.7040739;
custom,cuboid,default,20.5,1,1,1,0.4090909,0.4204546,0.4318182,1,1,-523.824,-3.507534,507.026,0,0.7101268,0,-0.7040739;
custom,cuboid,default,20.5,1,1,1,0.4090909,0.4204546,0.4318182,1,1,-521.4387,-3.54754,231.6675,0,0.7101268,0,-0.7040739;
custom,cuboid,default,20.5,1,1,1,0.4090909,0.4204546,0.4318182,1,1,424.0901,-3.467551,775.606,0,0.7101268,0,-0.7040739;
custom,cuboid,default,20.5,1,1,1,0.4090909,0.4204546,0.4318182,1,1,449.705,-12.26752,508.0254,0,0.7101268,0,-0.7040739;
custom,cuboid,default,20.5,1,1,1,0.4090909,0.4204546,0.4318182,1,1,484.0564,-3.467538,776.2258,0,0.7101268,0,-0.7040739;
custom,cuboid,default,20.5,1,1,1,0.4090909,0.4204546,0.4318182,1,1,448.7312,-12.58755,503.2912,0,0.7101268,0,-0.7040739;
custom,cuboid,default,20.5,1,1,1,0.4090909,0.4204546,0.4318182,1,1,452.3728,-6.707536,508.8756,0,0.7101268,0,-0.7040739;
custom,cuboid,default,20.5,1,1,1,0.4090909,0.4204546,0.4318182,1,1,448.7905,-9.867529,507.7339,0,0.7101268,0,-0.7040739;
custom,cuboid,default,20.5,1,1,1,0.4090909,0.4204546,0.4318182,1,1,451.0389,-8.707531,508.4505,0,0.7101268,0,-0.7040739;
custom,cuboid,default,20.5,1,1,1,0.4090909,0.4204546,0.4318182,1,1,447.609,-8.547551,507.3574,0,0.7101268,0,-0.7040739;
custom,cuboid,default,20.5,1,1,1,0.4090909,0.4204546,0.4318182,1,1,448.8666,-9.30753,507.7582,0,0.7101268,0,-0.7040739;
custom,cuboid,default,20.5,1,1,1,0.4090909,0.4204546,0.4318182,1,1,447.131,-10.14753,507.1483,0,0.7101268,0,-0.7040739;
custom,cuboid,default,20.5,1,1,1,0.4090909,0.4204546,0.4318182,1,1,454.3366,-14.58753,512.3948,0,0.7101268,0,-0.7040739;
custom,cuboid,default,5,1,1,1,0.4090909,0.4204546,0.4318182,1,1,-460.2518,-15.39228,104.5688,0,0.7042474,0,0.7099546;
custom,cuboid,default,90,1,1,1,0.4090909,0.4204546,0.4318182,1,1,-456.1888,-3.474188,-370.4174,0,0.7040942,0,0.7101066;
custom,cuboid,default,90,1,1,1,0.4090909,0.4204546,0.4318182,1,1,-22.13832,-9.274104,636.8176,0,0.9999894,0,0.004599352;
custom,cuboid,default,90,1,1,1,0.4090909,0.4204546,0.4318182,1,1,434.1723,-3.514114,-362.2239,0,0.7038463,0,0.7103524;
custom,cuboid,default,90,1,1,1,0.4090909,0.4204546,0.4318182,1,1,-22.62056,-13.39409,641.2717,0,0.9999894,0,0.004599352;
custom,cuboid,default,90,1,1,1,0.4090909,0.4204546,0.4318182,1,1,-22.46987,-13.67409,639.8797,0,0.9999894,0,0.004599352;
custom,cuboid,default,90,1,1,1,0.4090909,0.4204546,0.4318182,1,1,-22.73137,-12.3141,638.3158,0,0.9999894,0,0.004599352;
custom,cuboid,default,90,1,1,1,0.4090909,0.4204546,0.4318182,1,1,-22.16417,-14.83408,637.056,0,0.9999894,0,0.004599352;
custom,cuboid,default,90,1,1,1,0.4090909,0.4204546,0.4318182,1,1,-22.28722,-14.11409,637.2404,0,0.9999894,0,0.004599352;
custom,cuboid,default,90,1,1,1,0.4090909,0.4204546,0.4318182,1,1,-22.27181,-15.2341,638.0502,0,0.9999894,0,0.004599352;
custom,cuboid,default,90,1,1,1,0.4090909,0.4204546,0.4318182,1,1,-22.69036,-15.99408,640.8177,0,0.9999894,0,0.004599352;
custom,cuboid,default,90,1,1,1,0.4090909,0.4204546,0.4318182,1,1,-22.52462,-14.83409,639.347,0,0.9999894,0,0.004599352;
custom,cuboid,default,90,1,1,1,0.4090909,0.4204546,0.4318182,1,1,-22.79636,-13.9141,638.8318,0,0.9999894,0,0.004599352;
custom,cuboid,default,90,1,1,1,0.4090909,0.4204546,0.4318182,1,1,-22.26484,-20.2341,637.0418,0,0.9999894,0,0.004599352;
custom,cuboid,default,90,1,1,1,0.4090909,0.4204546,0.4318182,1,1,-19.66689,-3.51409,613.9891,0,0.9999894,0,0.004599352;
custom,cuboid,default,90,1,1,1,0.4090909,0.4204546,0.4318182,1,1,-22.35442,-14.27408,637.8367,0,0.9999894,0,0.004599352;
custom,cuboid,default,90,1,1,1,0.4090909,0.4204546,0.4318182,1,1,-22.86505,-15.11408,642.3677,0,0.9999894,0,0.004599352;
custom,cuboid,default,90,1,1,1,0.4090909,0.4204546,0.4318182,1,1,-22.56045,-12.87408,639.6649,0,0.9999894,0,0.004599352;
custom,cuboid,default,90,1,1,1,0.4090909,0.4204546,0.4318182,1,1,-22.60973,-13.67408,640.1021,0,0.9999894,0,0.004599352;
custom,cuboid,default,90,1,1,1,0.4090909,0.4204546,0.4318182,1,1,-22.25483,-9.154087,637.8917,0,0.9999894,0,0.004599352;
custom,cuboid,default,90,1,1,1,0.4090909,0.4204546,0.4318182,1,1,494.1617,-3.474108,-361.679,0,0.7038458,0,0.7103529;
custom,cuboid,default,90,1,1,1,0.4090909,0.4204546,0.4318182,1,1,-22.74637,-15.39409,638.4351,0,0.9999894,0,0.004599352;
custom,cuboid,default,90,1,1,1,0.4090909,0.4204546,0.4318182,1,1,935.0332,-3.474098,87.40013,0,0.9999894,0,0.004599352;
custom,cuboid,default,90,1,1,1,0.4090909,0.4204546,0.4318182,1,1,-22.86057,-16.51408,642.3279,0,0.9999894,0,0.004599352;
custom,cuboid,default,90,1,1,1,0.4090909,0.4204546,0.4318182,1,1,-22.70265,-16.95408,642.0275,0,0.9999894,0,0.004599352;
custom,cuboid,default,90,1,1,1,0.4090909,0.4204546,0.4318182,1,1,-22.80169,-16.39408,642.9423,0,0.9999894,0,0.004599352;
custom,cuboid,default,90,1,1,1,0.4090909,0.4204546,0.4318182,1,1,-22.55598,-12.79408,639.6252,0,0.9999894,0,0.004599352;
custom,cuboid,default,90,1,1,1,0.4090909,0.4204546,0.4318182,1,1,-22.54333,-13.47408,640.5561,0,0.9999894,0,0.004599352;
custom,cuboid,default,90,1,1,1,0.4090909,0.4204546,0.4318182,1,1,-22.42276,-13.47408,639.4426,0,0.9999894,0,0.004599352;
custom,cuboid,default,300,1,6,1,0.1590909,0.1704545,0.1704545,1,1,-30.71805,-4.44976,642.5078,0,0.002842335,0,-0.9999959;
custom,cuboid,default,300,1,6,1,0.1590909,0.1704545,0.1704545,1,1,-6.245688,-4.49309,372.0181,0,0.005134237,0,-0.9999868;
custom,cuboid,default,300,1,6,1,0.1590909,0.1704545,0.1704545,1,1,-89.96743,-4.470598,108.7655,0,0.003060726,0,-0.9999953;
custom,cuboid,default,300,1,6,1,0.1590909,0.1704545,0.1704545,1,1,-491.0027,-4.431877,153.6016,0,0.7044669,0,0.7097369;
custom,cuboid,default,300,1,6,1,0.1590909,0.1704545,0.1704545,1,1,459.9354,-4.460538,159.0349,0,0.7039418,0,0.7102577;
custom,cuboid,default,1000,1,1000,0,0.1590909,0.1704545,0.1704545,1,1,4201.209,-59.28525,103.1629,0,0.7070898,0,0.7071238;
custom,cuboid,default,5,.05,3,1,0.3068182,0.3068182,0.1931818,1,1,96.82346,-32.36231,-88.03207,0,0.9999346,0,0.01143998;
custom,cuboid,default,29,.05,5,1,0.3068182,0.3068182,0.1931818,1,1,-148.8176,100.1948,-120.738,0,0.7100811,0,-0.7041199;
custom,cuboid,default,29,.05,5,1,0.3068182,0.3068182,0.1931818,1,1,-148.8111,39.9953,-120.5793,0,0.7100811,0,-0.7041199;
custom,cuboid,default,29,.05,5,1,0.3068182,0.3068182,0.1931818,1,1,-48.73315,-0.6851553,-104.5431,0,0.7100811,0,-0.7041199;
custom,cuboid,default,29,.05,5,1,0.3068182,0.3068182,0.1931818,1,1,-148.8183,80.03509,-120.6823,0,0.7100811,0,-0.7041199;
custom,cuboid,default,29,.05,5,1,0.3068182,0.3068182,0.1931818,1,1,-148.8203,59.915,-120.6689,0,0.7100811,0,-0.7041199;
custom,cuboid,default,29,.05,5,1,0.3068182,0.3068182,0.1931818,1,1,121.4896,100.1938,-118.4629,0,0.7100811,0,-0.7041199;
custom,cuboid,default,5,.05,3,1,0.3068182,0.3068182,0.1931818,1,1,67.84028,-17.48225,-69.83637,0,0.9999346,0,0.01143998;
custom,cuboid,default,29,.05,5,1,0.3068182,0.3068182,0.1931818,1,1,121.5034,40.035,-118.3864,0,0.7100811,0,-0.7041199;
custom,cuboid,default,29,.05,5,1,0.3068182,0.3068182,0.1931818,1,1,121.5276,59.95494,-118.4061,0,0.7100811,0,-0.7041199;
custom,cuboid,default,29,.05,5,1,0.3068182,0.3068182,0.1931818,1,1,121.488,80.07508,-118.5281,0,0.7100811,0,-0.7041199;
custom,cuboid,default,42,.05,3,1,0.3068182,0.3068182,0.1931818,1,1,16.5446,100.1775,-91.9139,0,0.9999918,0,0.004049975;
custom,cuboid,default,42,.05,3,1,0.3068182,0.3068182,0.1931818,1,1,16.55292,80.05768,-91.88314,0,0.9999918,0,0.004049975;
custom,cuboid,default,42,.05,3,1,0.3068182,0.3068182,0.1931818,1,1,16.55974,59.93793,-91.74892,0,0.9999918,0,0.004049975;
custom,cuboid,default,42,.05,3,1,0.3068182,0.3068182,0.1931818,1,1,16.55648,40.01785,-91.70258,0,0.9999918,0,0.004049975;
custom,cuboid,default,2,1,1,1,0.3068182,0.3068182,0.1931818,1,1,-14.02279,35.27789,-71.97565,0,0.9999903,0,0.004400967;
custom,cuboid,default,2.1,1,1,1,0.3068182,0.3068182,0.1931818,1,1,-14.01469,34.78055,-71.97347,0,0.9999899,0,0.004515954;
custom,cuboid,default,2.2,1,1,1,0.3068182,0.3068182,0.1931818,1,1,-14.01717,34.2607,-71.99199,0,0.9999898,0,0.004515953;
custom,cuboid,default,2.3,1,1,1,0.3068182,0.3068182,0.1931818,1,1,-14.03853,33.82071,-72.00278,0,0.9999913,0,0.00416689;
custom,cuboid,default,2.4,1,1,1,0.3068182,0.3068182,0.1931818,1,1,-14.05169,33.34083,-71.98283,0,0.9999913,0,0.00416689;
custom,cuboid,default,2.5,1,1,1,0.3068182,0.3068182,0.1931818,1,1,-14.03164,32.90081,-71.9796,0,0.9999898,0,0.004515953;
custom,cuboid,default,2.6,1,1,1,0.3068182,0.3068182,0.1931818,1,1,-14.02419,32.42084,-71.98473,0,0.9999913,0,0.00416689;
custom,cuboid,default,2.7,1,1,1,0.3068182,0.3068182,0.1931818,1,1,-14.00159,31.94083,-71.95988,0,0.9999899,0,0.004515953;
custom,cuboid,default,2.8,1,1,1,0.3068182,0.3068182,0.1931818,1,1,-13.99928,31.42084,-71.9942,0,0.9999914,0,0.004166891;
custom,cuboid,default,2.9,1,1,1,0.3068182,0.3068182,0.1931818,1,1,-13.97611,30.94235,-71.9593,0,0.9999894,0,0.00460416;
custom,cuboid,default,3,1,1,1,0.3068182,0.3068182,0.1931818,1,1,-13.95842,30.45039,-72.00434,0,0.9999917,0,0.00408536;
custom,cuboid,default,3.1,1,1,1,0.3068182,0.3068182,0.1931818,1,1,-13.95059,29.97039,-71.97253,0,0.9999917,0,0.00408536;
custom,cuboid,default,3.2,1,1,1,0.3068182,0.3068182,0.1931818,1,1,-13.94322,29.44692,-71.98212,0,0.9999923,0,0.003920367;
custom,cuboid,default,3.3,1,1,1,0.3068182,0.3068182,0.1931818,1,1,-13.91047,28.92805,-71.97964,0,0.9999908,0,0.004306799;
custom,cuboid,default,3.4,1,1,1,0.3068182,0.3068182,0.1931818,1,1,-13.90647,28.42476,-71.96561,0,0.9999925,0,0.003871675;
custom,cuboid,default,3.5,1,1,1,0.3068182,0.3068182,0.1931818,1,1,-13.92196,27.90975,-71.97781,0,0.9999916,0,0.004098277;
custom,cuboid,default,3.6,1,1,1,0.3068182,0.3068182,0.1931818,1,1,-13.91466,27.43459,-71.98705,0,0.9999933,0,0.003671259;
custom,cuboid,default,3.7,1,1,1,0.3068182,0.3068182,0.1931818,1,1,-13.88945,26.91453,-71.96905,0,0.9999905,0,0.004369385;
custom,cuboid,default,3.8,1,1,1,0.3068182,0.3068182,0.1931818,1,1,-13.87531,26.41436,-71.98952,0,0.999992,0,0.004020464;
custom,cuboid,default,3.9,1,1,1,0.3068182,0.3068182,0.1931818,1,1,-13.87063,25.89434,-71.96443,0,0.999992,0,0.004020462;
custom,cuboid,default,4,1,1,1,0.3068182,0.3068182,0.1931818,1,1,-13.88878,25.3772,-71.9783,0,0.9999905,0,0.00437444;
custom,cuboid,default,4.1,1,1,1,0.3068182,0.3068182,0.1931818,1,1,-13.88874,24.84921,-71.99257,0,0.9999933,0,0.003680059;
custom,cuboid,default,4.2,1,1,1,0.3068182,0.3068182,0.1931818,1,1,-13.88995,24.33646,-71.95188,0,0.9999915,0,0.004117041;
custom,cuboid,default,4.3,1,1,1,0.3068182,0.3068182,0.1931818,1,1,-13.89343,23.82042,-71.98814,0,0.999992,0,0.004029907;
custom,cuboid,default,4.4,1,1,1,0.3068182,0.3068182,0.1931818,1,1,-13.89908,23.34043,-71.98477,0,0.999992,0,0.004029907;
custom,cuboid,default,4.5,1,1,1,0.3068182,0.3068182,0.1931818,1,1,-13.88611,22.86042,-71.97486,0,0.9999919,0,0.004029907;
custom,cuboid,default,4.6,1,1,1,0.3068182,0.3068182,0.1931818,1,1,-13.91907,22.32431,-71.99068,0,0.9999912,0,0.004207107;
custom,cuboid,default,4.7,1,1,1,0.3068182,0.3068182,0.1931818,1,1,-13.92489,21.80428,-71.9787,0,0.9999925,0,0.003858043;
custom,cuboid,default,4.8,1,1,1,0.3068182,0.3068182,0.1931818,1,1,-13.90859,21.30207,-71.97039,0,0.9999911,0,0.004212164;
custom,cuboid,default,4.9,1,1,1,0.3068182,0.3068182,0.1931818,1,1,-13.89669,20.82207,-71.99037,0,0.9999925,0,0.003863099;
custom,cuboid,default,5,1,1,1,0.3068182,0.3068182,0.1931818,1,1,-13.90933,20.34207,-72.00014,0,0.9999925,0,0.003863101;
custom,cuboid,default,5.1,1,1,1,0.3068182,0.3068182,0.1931818,1,1,-13.90709,19.82998,-71.95607,0,0.9999901,0,0.004449539;
custom,cuboid,default,5.2,1,1,1,0.3068182,0.3068182,0.1931818,1,1,-13.887,19.33064,-71.98994,0,0.9999927,0,0.00384089;
custom,cuboid,default,5.3,1,1,1,0.3068182,0.3068182,0.1931818,1,1,-13.8897,18.86416,-71.9698,0,0.9999912,0,0.004189952;
custom,cuboid,default,5.4,1,1,1,0.3068182,0.3068182,0.1931818,1,1,-13.88701,18.37052,-71.95236,0,0.9999901,0,0.004458229;
custom,cuboid,default,5.5,1,1,1,0.3068182,0.3068182,0.1931818,1,1,-13.90236,17.86169,-71.99141,0,0.9999915,0,0.004112503;
custom,cuboid,default,5.6,1,1,1,0.3068182,0.3068182,0.1931818,1,1,-13.8916,17.3784,-71.99924,0,0.9999923,0,0.003938472;
custom,cuboid,default,5.7,1,1,1,0.3068182,0.3068182,0.1931818,1,1,-13.8834,16.86043,-71.97037,0,0.9999914,0,0.004160755;
custom,cuboid,default,5.8,1,1,1,0.3068182,0.3068182,0.1931818,1,1,-13.89021,16.38041,-71.9761,0,0.9999914,0,0.004160755;
custom,cuboid,default,5.9,1,1,1,0.3068182,0.3068182,0.1931818,1,1,-13.92304,15.90041,-71.9847,0,0.9999928,0,0.003811692;
custom,cuboid,default,6,1,1,1,0.3068182,0.3068182,0.1931818,1,1,-13.92279,15.3659,-72.01116,0,0.9999926,0,0.003862048;
custom,cuboid,default,11.42,5,2,1,0.4772727,0.4886364,0.5000001,1,1,-14.84779,-12.21939,39.73397,0,0.999993,0,0.00375661;
custom,cuboid,default,11.72,5,2,1,0.4772727,0.4886364,0.5000001,1,1,-14.83865,-13.78105,41.20602,0,0.999993,0,0.003756606;
custom,cuboid,default,6.3,3.9,1,0,0.3068182,0.3068182,0.1931818,1,1,-7.134515,-28.60837,-61.85083,0,0.921824,0,0.3876088;
custom,cuboid,default,11.32,5,2,1,0.4772727,0.4886364,0.5000001,1,1,-14.85628,-11.69938,39.28113,0,0.999993,0,0.003756611;
custom,cuboid,default,11.02,5,2,1,0.4772727,0.4886364,0.5000001,1,1,-14.8858,-10.16757,37.77417,0,0.9999931,0,0.003725373;
custom,cuboid,default,11.52,5,2,1,0.4772727,0.4886364,0.5000001,1,1,-14.86852,-12.74105,40.2373,0,0.999993,0,0.003756612;
custom,cuboid,default,11.22,5,2,1,0.4772727,0.4886364,0.5000001,1,1,-14.86247,-11.18931,38.7626,0,0.999993,0,0.00375661;
custom,cuboid,default,11.62,5,2,1,0.4772727,0.4886364,0.5000001,1,1,-14.86078,-13.26108,40.71915,0,0.999993,0,0.00375661;
custom,cuboid,default,10.92,5,2,1,0.4772727,0.4886364,0.5000001,1,1,-14.88442,-9.701519,37.26763,0,0.999993,0,0.003756015;
custom,cuboid,default,10.82,5,2,1,0.4772727,0.4886364,0.5000001,1,1,-14.8681,-9.181517,36.79341,0,0.999993,0,0.003756015;
custom,cuboid,default,10.72,5,2,1,0.4772727,0.4886364,0.5000001,1,1,-14.87135,-8.67256,36.31772,0,0.9999922,0,0.003965613;
custom,cuboid,default,10.62,5,2,1,0.4772727,0.4886364,0.5000001,1,1,-14.88914,-8.186437,35.82468,0,0.9999917,0,0.004091147;
custom,cuboid,default,10.52,5,2,1,0.4772727,0.4886364,0.5000001,1,1,-14.90964,-7.686256,35.34665,0,0.9999911,0,0.004234848;
custom,cuboid,default,10.42,5,2,1,0.4772727,0.4886364,0.5000001,1,1,-14.93581,-7.186503,34.83916,0,0.9999911,0,0.004234848;
custom,cuboid,default,10.12,5,2,1,0.4772727,0.4886364,0.5000001,1,1,-15.206,-5.228473,32.80758,0,0.9999909,0,0.004260567;
custom,cuboid,default,10.32,5,2,1,0.4772727,0.4886364,0.5000001,1,1,-14.97075,-6.650423,34.32019,0,0.9999906,0,0.004322767;
custom,cuboid,default,10.22,5,2,1,0.4772727,0.4886364,0.5000001,1,1,-14.99977,-6.151508,33.84102,0,0.99999,0,0.004463397;
custom,cuboid,default,10.12,5,2,1,0.4772727,0.4886364,0.5000001,1,1,-14.96717,-5.742743,33.28509,0,0.9999902,0,0.004423652;
custom,cuboid,default,47,10,30,1,0.4772727,0.4886364,0.5000001,1,1,-15.76636,-30.22607,-110.1564,0,0.9999895,0,0.004585137;
custom,cuboid,default,11.12,5,2,1,0.4772727,0.4886364,0.5000001,1,1,-14.89166,-10.66741,38.28941,0,0.999993,0,0.00375661;
custom,cuboid,default,30,30,1,1,0.5113636,0.5227273,0.5227274,1,1,121.5102,-26.67192,-123.4538,0,0.7041681,0,0.7100333;
custom,cuboid,default,11.82,5,2,1,0.4772727,0.4886364,0.5000001,1,1,-14.86781,-14.25797,41.69791,0,0.9999933,0,0.003667997;
custom,cuboid,default,11.92,5,2,1,0.4772727,0.4886364,0.5000001,1,1,-14.86567,-14.78187,42.21172,0,0.9999937,0,0.003539358;
custom,cuboid,default,12.02,5,2,1,0.4772727,0.4886364,0.5000001,1,1,-14.85919,-15.31401,42.69521,0,0.9999943,0,0.003378276;
custom,cuboid,default,12.12,5,2,1,0.4772727,0.4886364,0.5000001,1,1,-14.83826,-15.81414,43.23715,0,0.9999937,0,0.003565439;
custom,cuboid,default,12.22,5,2,1,0.4772727,0.4886364,0.5000001,1,1,-14.84278,-16.32014,43.75246,0,0.9999933,0,0.003664069;
custom,cuboid,default,12.32,5,2,1,0.4772727,0.4886364,0.5000001,1,1,-14.84545,-16.83722,44.23521,0,0.9999937,0,0.003541179;
custom,cuboid,default,12.42,5,2,1,0.4772727,0.4886364,0.5000001,1,1,-14.82103,-17.34075,44.76147,0,0.9999934,0,0.003639903;
custom,cuboid,default,12.52,5,2,1,0.4772727,0.4886364,0.5000001,1,1,-14.81491,-17.83999,45.28315,0,0.9999927,0,0.003827998;
custom,cuboid,default,12.62,5,2,1,0.4772727,0.4886364,0.5000001,1,1,-14.80668,-18.35,45.79226,0,0.9999931,0,0.003718726;
custom,cuboid,default,12.72,5,2,1,0.4772727,0.4886364,0.5000001,1,1,-14.80847,-18.8665,46.24936,0,0.9999933,0,0.003657813;
custom,cuboid,default,12.82,5,2,1,0.4772727,0.4886364,0.5000001,1,1,-14.79692,-19.30457,46.73724,0,0.9999936,0,0.003582484;
custom,cuboid,default,12.92,5,2,1,0.4772727,0.4886364,0.5000001,1,1,-14.76359,-19.83534,47.21873,0,0.9999933,0,0.003683922;
custom,cuboid,default,13.02,5,2,1,0.4772727,0.4886364,0.5000001,1,1,-14.74932,-20.30603,47.70626,0,0.9999938,0,0.00352989;
custom,cuboid,default,13.12,5,2,1,0.4772727,0.4886364,0.5000001,1,1,-14.72864,-20.81518,48.17651,0,0.999994,0,0.003470272;
custom,cuboid,default,13.22,5,2,1,0.4772727,0.4886364,0.5000001,1,1,-14.689,-21.34454,48.68849,0,0.9999939,0,0.003497088;
custom,cuboid,default,13.32,5,2,1,0.4772727,0.4886364,0.5000001,1,1,-14.64761,-21.863,49.20529,0,0.9999935,0,0.003602992;
custom,cuboid,default,13.42,5,2,1,0.4772727,0.4886364,0.5000001,1,1,-14.64055,-22.3652,49.69841,0,0.9999937,0,0.003539652;
custom,cuboid,default,13.52,5,2,1,0.4772727,0.4886364,0.5000001,1,1,-14.63594,-22.9,50.20638,0,0.9999931,0,0.003722883;
custom,cuboid,default,13.62,5,2,1,0.4772727,0.4886364,0.5000001,1,1,-14.6228,-23.37342,50.70277,0,0.9999936,0,0.003577392;
custom,cuboid,default,13.72,5,2,1,0.4772727,0.4886364,0.5000001,1,1,-14.60258,-23.92436,51.15297,0,0.9999939,0,0.00350196;
custom,cuboid,default,13.82,5,2,1,0.4772727,0.4886364,0.5000001,1,1,-14.58006,-24.41783,51.66293,0,0.9999936,0,0.0035942;
custom,cuboid,default,30,30,1,1,0.5113636,0.5227273,0.5227274,1,1,-148.6295,-26.82595,-125.6612,0,0.7100526,0,-0.7041487;
custom,cuboid,default,30,30,1,1,0.5113636,0.5227273,0.5227274,1,1,-24.28633,-26.50943,-112.0458,0,0.9999919,0,0.004034541;
custom,cuboid,default,1,5,.1,1,0.5113636,0.5227273,0.5227274,1,1,10.118,20.33645,-67.03465,-0.3849362,0.9229327,-0.001693193,0.004059651;
custom,cuboid,default,1,5,.1,1,0.5113636,0.5227273,0.5227274,1,1,-38.23579,20.27674,-67.46257,0.3830025,0.9237366,0.001705598,0.004113622;
custom,cuboid,default,2,5,.1,1,0.5113636,0.5227273,0.5227274,1,1,-14.08482,16.4779,-67.24715,0,0.9999896,0,0.004551751;
custom,cuboid,default,4,5,.1,1,0.5113636,0.5227273,0.5227274,1,1,-13.70798,4.297719,-67.25048,0,0.9999908,0,0.004300035;
custom,cuboid,default,1,5,.1,1,0.5113636,0.5227273,0.5227274,1,1,10.23556,20.26618,-76.58734,-0.3839697,0.9233353,-0.001687584,0.004058154;
custom,cuboid,default,1,5,.1,1,0.5113636,0.5227273,0.5227274,1,1,-38.12411,20.26634,-77.0249,0.3830018,0.9237355,0.001817029,0.004382374;
custom,cuboid,default,.2,5,.1,1,0.5113636,0.5227273,0.5227274,1,1,-22.9717,16.47888,-76.90598,0,0.9999957,0,-0.002942006;
custom,cuboid,default,.2,5,.1,1,0.5113636,0.5227273,0.5227274,1,1,-5.003591,16.43902,-76.69744,0,0.9999957,0,-0.002942006;
custom,cuboid,default,.2,5,.1,1,0.5113636,0.5227273,0.5227274,1,1,-44.80388,-3.177429,-67.5131,0,0.9999966,0,0.002620257;
custom,cuboid,default,.2,5,.1,1,0.5113636,0.5227273,0.5227274,1,1,-44.74458,-3.228471,-77.08903,0,0.9999905,0,0.004366595;
custom,cuboid,default,.2,5,.1,1,0.5113636,0.5227273,0.5227274,1,1,16.89528,-3.22842,-76.52432,0,0.9999889,0,0.004715653;
custom,cuboid,default,.2,5,.1,1,0.5113636,0.5227273,0.5227274,1,1,16.79421,-3.188422,-66.96162,0,0.9999905,0,0.004366596;
custom,cuboid,default,10.3,5,.1,1,0.5113636,0.5227273,0.5227274,1,1,45.50393,16.44385,-76.93255,0,0.9999912,0,0.0042028;
custom,cuboid,default,10.3,5,.1,1,0.5113636,0.5227273,0.5227274,1,1,-73.48083,16.49121,-77.88702,0,0.9999923,0,0.003931132;
custom,cuboid,default,10.3,5,.1,1,0.5113636,0.5227273,0.5227274,1,1,96.14375,16.48953,-25.5365,0,0.7043125,0,0.7098901;
custom,cuboid,default,10.3,5,.1,1,0.5113636,0.5227273,0.5227274,1,1,-124.9973,16.47211,-27.29671,0,0.7100577,0,-0.7041435;
custom,cuboid,default,10.3,1,.1,1,0.5113636,0.5227273,0.5227274,1,1,96.16469,76.5173,-25.68059,0,0.7040572,0,0.7101433;
custom,cuboid,default,10.3,1,.1,1,0.5113636,0.5227273,0.5227274,1,1,-125.0647,56.37889,-27.33881,0,0.7101823,0,-0.7040179;
custom,cuboid,default,22.1,1,.1,1,0.5113636,0.5227273,0.5227274,1,1,-14.00016,76.45228,-77.52308,0,0.9999922,0,0.003964637;
custom,cuboid,default,10.3,1,.1,1,0.5113636,0.5227273,0.5227274,1,1,96.16469,96.67692,-25.68059,0,0.7040572,0,0.7101433;
custom,cuboid,default,10.3,1,.1,1,0.5113636,0.5227273,0.5227274,1,1,-125.0641,96.65837,-27.40628,0,0.7101823,0,-0.7040179;
custom,cuboid,default,22.1,1,.1,1,0.5113636,0.5227273,0.5227274,1,1,-14.1057,96.65192,-77.56355,0,0.9999922,0,0.003964637;
custom,cuboid,default,10.3,1,.1,1,0.5113636,0.5227273,0.5227274,1,1,96.18565,56.47752,-25.54022,0,0.7040572,0,0.7101433;
custom,cuboid,default,10.3,1,.1,1,0.5113636,0.5227273,0.5227274,1,1,-125.0618,76.49866,-27.41876,0,0.7101823,0,-0.7040179;
custom,cuboid,default,22.1,1,.1,1,0.5113636,0.5227273,0.5227274,1,1,-13.98848,56.41251,-77.43663,0,0.9999922,0,0.003964637;
base,aot_supply,-14.84186,19.67229,21.22093,0,-0.007749848,0,0.99997;
photon,spawnTitan,30,0,453.2069,17.37927,371.0773,0,0.004212604,0,0.9999911;
photon,spawnTitan,30,0,454.9889,6.746867,647.11,0,0.02852998,0,-0.999593;
photon,spawnTitan,30,0,-495.7863,3.645201,637.9896,0,0.02209785,0,-0.9997558;
photon,spawnTitan,30,0,-490.8235,16.5928,362.5284,0,0.06790169,0,-0.997692;
spawnpoint,titan,-503.2262,7.620119,355.4954,0,0.1244033,0,-0.9922317;
spawnpoint,titan,-485.8181,1.513122,639.6754,0,0.09408192,0,-0.9955645;
spawnpoint,titan,443.5432,3.613227,643.4099,0,-0.01744871,0,0.9998478;
spawnpoint,titan,446.2736,12.71494,374.1715,0,0.8535427,0,0.5210229;
spawnpoint,titan,460.1547,3.400861,113.9716,0,0.7943965,0,0.6073996;
spawnpoint,titan,-492.2878,3.120781,113.4661,0,0.008160031,0,0.9999667;
custom,cuboid,default,50,.5,.5,0,0.4886363,0.4886363,0.5,1,1,95.77088,-11.75503,-9.401569,0,0.7100192,0,-0.7041824;
custom,cuboid,default,2,1,2,0,0.4886363,0.4886363,0.5,1,1,71.37894,-0.679399,-44.68137,0,0.7039905,0,0.7102094;
custom,cuboid,default,.5,20,.5,1,0.4886363,0.4886363,0.5,1,1,96.73842,63.36089,-76.77664,0,0.7054764,0,0.7087335;
custom,cuboid,default,.5,20,.5,1,0.4886363,0.4886363,0.5,1,1,96.57059,82.58525,-51.8032,0,0.7077451,0,0.7064679;
custom,cuboid,default,.5,20,.5,1,0.4886363,0.4886363,0.5,1,1,96.38136,80.11915,-26.80698,0,0.7023563,0,0.7118255;
custom,cuboid,default,.5,20,.5,1,0.4886363,0.4886363,0.5,1,1,96.20605,52.77528,-1.861373,0,0.704345,0,0.7098578;
custom,cuboid,default,.5,20,.5,1,0.4886363,0.4886363,0.5,1,1,96.01099,89.76045,23.09966,0,0.7036476,0,0.7105492;
custom,cuboid,default,.5,20,.5,1,0.4886363,0.4886363,0.5,1,1,-124.5011,70.48985,-78.55261,0,0.9999964,0,0.002677155;
custom,cuboid,default,.5,20,.5,1,0.4886363,0.4886363,0.5,1,1,-124.7376,64.33819,-53.57114,0,0.7094898,0,-0.7047158;
custom,cuboid,default,.5,20,.5,1,0.4886363,0.4886363,0.5,1,1,-124.952,69.71181,-28.64477,0,0.7108861,0,-0.7033072;
custom,cuboid,default,.5,20,.5,1,0.4886363,0.4886363,0.5,1,1,-125.1631,69.45869,-3.653465,0,0.7093594,0,-0.704847;
custom,cuboid,default,.5,20,.5,1,0.4886363,0.4886363,0.5,1,1,-125.4069,75.17561,21.31564,0,0.709015,0,-0.7051935;
custom,cuboid,default,.5,20,.5,1,0.4886363,0.4886363,0.5,1,1,-99.49138,67.91603,-78.35129,0,0.999972,0,0.007477829;
custom,cuboid,default,.5,20,.5,1,0.4886363,0.4886363,0.5,1,1,-74.52122,70.22771,-78.09055,0,0.9999901,0,0.004447789;
custom,cuboid,default,.5,20,.5,1,0.4886363,0.4886363,0.5,1,1,-49.5668,66.39596,-77.93477,0,0.9999918,0,0.004068573;
custom,cuboid,default,.5,20,.5,1,0.4886363,0.4886363,0.5,1,1,-24.59743,151.4,-77.74717,0,0.9999933,0,0.00367672;
custom,cuboid,default,.5,20,.5,1,0.4886363,0.4886363,0.5,1,1,71.73598,74.4009,-76.99924,0,0.999992,0,0.004025784;
custom,cuboid,default,.5,20,.5,1,0.4886363,0.4886363,0.5,1,1,46.76363,79.4808,-77.23636,0,0.9999933,0,0.00367672;
custom,cuboid,default,.5,20,.5,1,0.4886363,0.4886363,0.5,1,1,21.80522,65.04103,-77.48653,0,0.9999933,0,0.00367672;
custom,cuboid,default,.5,20,.5,1,0.4886363,0.4886363,0.5,1,1,-3.245275,151.3999,-77.69948,0,0.9999933,0,0.00367672;
custom,cuboid,default,22,.1,.1,1,0.4886363,0.4886363,0.5,1,1,-13.54819,60.90888,-77.31206,0,0.9999919,0,0.004028266;
custom,cuboid,default,10,.1,.1,1,0.4886363,0.4886363,0.5,1,1,95.9049,72.03256,-25.89464,0,0.7040554,0,0.7101451;
custom,cuboid,default,10,.1,.1,1,0.4886363,0.4886363,0.5,1,1,-124.7937,20.28156,-30.5051,0,0.7101904,0,-0.7040097;
custom,cuboid,default,22,.1,.1,1,0.4886363,0.4886363,0.5,1,1,-13.54819,71.9486,-77.31206,0,0.9999919,0,0.004028266;
custom,cuboid,default,10,.1,.1,1,0.4886363,0.4886363,0.5,1,1,95.9049,60.95271,-25.89464,0,0.7040554,0,0.7101451;
custom,cuboid,default,10,.1,.1,1,0.4886363,0.4886363,0.5,1,1,-124.8484,101.1611,-30.50178,0,0.7101904,0,-0.7040097;
custom,cuboid,default,22,.1,.1,1,0.4886363,0.4886363,0.5,1,1,-13.54819,92.18869,-77.31206,0,0.9999919,0,0.004028266;
custom,cuboid,default,10,.1,.1,1,0.4886363,0.4886363,0.5,1,1,95.9049,51.99275,-25.89464,0,0.7040554,0,0.7101451;
custom,cuboid,default,10,.1,.1,1,0.4886363,0.4886363,0.5,1,1,-124.8484,92.12113,-30.50178,0,0.7101904,0,-0.7040097;
custom,cuboid,default,22,.1,.1,1,0.4886363,0.4886363,0.5,1,1,-13.54819,101.1485,-77.31206,0,0.9999919,0,0.004028266;
custom,cuboid,default,10,.1,.1,1,0.4886363,0.4886363,0.5,1,1,95.9049,40.95265,-25.89464,0,0.7040554,0,0.7101451;
custom,cuboid,default,10,.1,.1,1,0.4886363,0.4886363,0.5,1,1,-124.8484,51.84157,-30.50178,0,0.7101904,0,-0.7040097;
custom,cuboid,default,22,.1,.1,1,0.4886363,0.4886363,0.5,1,1,-13.54819,51.90879,-77.31206,0,0.9999919,0,0.004028266;
custom,cuboid,default,10,.1,.1,1,0.4886363,0.4886363,0.5,1,1,95.9049,92.19235,-25.89464,0,0.7040554,0,0.7101451;
custom,cuboid,default,10,.1,.1,1,0.4886363,0.4886363,0.5,1,1,-124.8484,81.0014,-30.50178,0,0.7101904,0,-0.7040097;
custom,cuboid,default,22,.1,.1,1,0.4886363,0.4886363,0.5,1,1,-13.54906,20.26882,-77.23412,0,0.9999919,0,0.004028266;
custom,cuboid,default,10,.1,.1,1,0.4886363,0.4886363,0.5,1,1,95.9049,101.1522,-25.89464,0,0.7040554,0,0.7101451;
custom,cuboid,default,10,.1,.1,1,0.4886363,0.4886363,0.5,1,1,-124.8484,130.4809,-30.50178,0,0.7101904,0,-0.7040097;
custom,cuboid,default,22,.1,.1,1,0.4886363,0.4886363,0.5,1,1,-13.54819,132.0282,-77.31206,0,0.9999919,0,0.004028266;
custom,cuboid,default,10,.1,.1,1,0.4886363,0.4886363,0.5,1,1,95.9049,136.9917,-25.89464,0,0.7040554,0,0.7101451;
custom,cuboid,default,10,.1,.1,1,0.4886363,0.4886363,0.5,1,1,-124.8484,130.0809,-30.50178,0,0.7101904,0,-0.7040097;
custom,cuboid,default,22,.1,.1,1,0.4886363,0.4886363,0.5,1,1,-13.54819,132.3481,-77.31206,0,0.9999919,0,0.004028266;
custom,cuboid,default,10,.1,.1,1,0.4886363,0.4886363,0.5,1,1,95.9049,133.1918,-25.89464,0,0.7040554,0,0.7101451;
custom,cuboid,default,10,.1,.1,1,0.4886363,0.4886363,0.5,1,1,-124.8484,131.0408,-30.50178,0,0.7101904,0,-0.7040097;
custom,cuboid,default,22,.1,.1,1,0.4886363,0.4886363,0.5,1,1,-13.54819,133.1881,-77.31206,0,0.9999919,0,0.004028266;
custom,cuboid,default,10,.1,.1,1,0.4886363,0.4886363,0.5,1,1,95.9049,134.3518,-25.89464,0,0.7040554,0,0.7101451;
custom,cuboid,default,10,.1,.1,1,0.4886363,0.4886363,0.5,1,1,-124.8484,71.96135,-30.50178,0,0.7101904,0,-0.7040097;
custom,cuboid,default,22,.1,.1,1,0.4886363,0.4886363,0.5,1,1,-13.54819,132.1882,-77.31206,0,0.9999919,0,0.004028266;
custom,cuboid,default,10,.1,.1,1,0.4886363,0.4886363,0.5,1,1,95.9049,80.99253,-25.89464,0,0.7040554,0,0.7101451;
custom,cuboid,default,10,.1,.1,1,0.4886363,0.4886363,0.5,1,1,-124.8484,60.88161,-30.50178,0,0.7101904,0,-0.7040097;
custom,cuboid,default,22,.1,.1,1,0.4886363,0.4886363,0.5,1,1,-13.54819,80.94872,-77.31206,0,0.9999919,0,0.004028266;
custom,cuboid,default,10,.1,.1,1,0.4886363,0.4886363,0.5,1,1,95.93861,20.27278,-25.88736,0,0.7040554,0,0.7101451;
custom,cuboid,default,10,.1,.1,1,0.4886363,0.4886363,0.5,1,1,-124.8484,40.96154,-30.50178,0,0.7101904,0,-0.7040097;
custom,cuboid,default,10,.1,.1,1,0.4886363,0.4886363,0.5,1,1,-72.00969,40.95562,-77.73592,0,0.9999929,0,0.00377002;
custom,cuboid,default,10,.1,.1,1,0.4886363,0.4886363,0.5,1,1,44.3285,40.93766,-76.67015,0,0.9999908,0,0.004301341;
custom,cuboid,default,.6,.6,.6,1,0.4886363,0.4886363,0.5,1,1,95.98071,18.97047,23.15939,0,0.7038274,0,0.7103711;
custom,cuboid,default,.6,.6,.6,1,0.4886363,0.4886363,0.5,1,1,96.20483,18.97064,-1.832239,0,0.7038274,0,0.7103711;
custom,cuboid,default,.6,.6,.6,1,0.4886363,0.4886363,0.5,1,1,96.41265,18.97059,-26.83021,0,0.7038274,0,0.7103711;
custom,cuboid,default,.6,.6,.6,1,0.4886363,0.4886363,0.5,1,1,96.61214,18.97058,-51.72337,0,0.7038274,0,0.7103711;
custom,cuboid,default,.6,.6,.6,1,0.4886363,0.4886363,0.5,1,1,96.80753,18.97062,-76.8252,0,0.7038274,0,0.7103711;
custom,cuboid,default,.6,.6,.6,1,0.4886363,0.4886363,0.5,1,1,-124.647,18.97065,-78.67747,0,0.7038274,0,0.7103711;
custom,cuboid,default,.6,.6,.6,1,0.4886363,0.4886363,0.5,1,1,-124.8102,18.97059,-53.6146,0,0.7038274,0,0.7103711;
custom,cuboid,default,.6,.6,.6,1,0.4886363,0.4886363,0.5,1,1,71.71786,18.97057,-77.09497,0,0.7038274,0,0.7103711;
custom,cuboid,default,.6,.6,.6,1,0.4886363,0.4886363,0.5,1,1,-125.491,18.97056,21.29415,0,0.7038274,0,0.7103711;
custom,cuboid,default,.6,.6,.6,1,0.4886363,0.4886363,0.5,1,1,-125.2946,18.97055,-3.688099,0,0.7038274,0,0.7103711;
custom,cuboid,default,.6,.6,.6,1,0.4886363,0.4886363,0.5,1,1,-125.0682,18.97051,-28.66976,0,0.7038274,0,0.7103711;
custom,cuboid,default,.6,.6,.6,1,0.4886363,0.4886363,0.5,1,1,-49.53691,18.97059,-78.08305,0,0.7038274,0,0.7103711;
custom,cuboid,default,.6,.6,.6,1,0.4886363,0.4886363,0.5,1,1,-74.51218,18.97054,-78.2658,0,0.7038274,0,0.7103711;
custom,cuboid,default,.6,.6,.6,1,0.4886363,0.4886363,0.5,1,1,46.70536,18.97058,-77.29944,0,0.7038274,0,0.7103711;
custom,cuboid,default,.6,.6,.6,1,0.4886363,0.4886363,0.5,1,1,-99.53767,18.97056,-78.49708,0,0.7038274,0,0.7103711;
custom,cuboid,default,.6,.6,.6,1,0.4886363,0.4886363,0.5,1,1,21.86289,18.97058,-77.50804,0,0.7038274,0,0.7103711;