//hey froggy here, this map is mostly intact but there is a pretty bad problem, there's a checkpoint in a pipe ish area, don't use it as it will trap you, go behind it to the wall of completely red walls and chose the top right part and continue from there;
custom,cuboid,metal3,5,20,170,1,1,1,1,1.0,1.0,612.4902,95.43194,-94.56385,0,0.9999872,0,-0.005060363;
custom,cuboid,metal3,5,20,170,1,1,1,1,1.0,1.0,-189.5358,96.56607,655.8739,0,0.6994423,0,-0.7146891;
custom,cuboid,metal3,5,20,170,1,1,1,1,1.0,1.0,-629.0335,94.35884,153.1992,0,0.004708392,0,0.9999889;
custom,cuboid,metal3,5,20,170,1,1,1,1,1.0,1.0,-106.7624,97.08475,-628.0683,0,0.7069641,0,0.7072494;
custom,cuboid,metal3,5,20,130,1,1,1,1,1.0,1.0,487.9623,96.38846,167.5548,0,0.9999774,0,-0.006733207;
custom,cuboid,metal3,5,20,130,1,1,1,1,1.0,1.0,345.2558,98.18251,-265.2968,0,0.01074452,0,0.9999423;
custom,cuboid,metal3,5,20,85,1,1,1,1,1.0,1.0,-40.8046,99.70209,408.6357,0,0.6816057,0,-0.7317197;
custom,cuboid,metal3,5,20,85,1,1,1,1,1.0,1.0,-456.3881,97.56827,36.6118,0,0.9997756,0,-0.02118195;
custom,cuboid,metal3,5,20,60,1,1,1,1,1.0,1.0,-148.6742,100.0391,-306.5086,0,0.7173004,0,0.6967641;
custom,cuboid,metal3,5,20,60,1,1,1,1,1.0,1.0,155.4863,98.59859,-40.49546,0,0.01879869,0,0.9998233;
custom,cuboid,metal3,5,20,50,1,1,1,1,1.0,1.0,-63.66884,96.46269,166.9061,0,0.6794766,0,-0.7336972;
custom,cuboid,metal3,5,20,35,1,1,1,1,1.0,1.0,-299.0688,98.00978,32.16731,0,0.9993492,0,-0.03607175;
custom,cuboid,metal3,5,18,45,1,1,1,1,1.0,1.0,-93.94857,136.614,-132.7056,0,0.7320767,0,0.6812222;
custom,cuboid,metal3,5,5,29,1,1,1,1,1.0,1.0,-189.4536,21.95318,-125.8074,0.001871512,0.7316184,-0.001588978,0.68171;
custom,cuboid,metal3,5,20,25,0,1,1,1,1.0,1.0,-57.48338,95.76051,15.7607,0,0.04305654,0,0.9990727;
racing,checkpointSphere,5,5,5,-182.4823,21.68006,-32.97831,0,0.9992896,0,-0.03768867;
racing,killSphere,3.9,3.9,3.9,-182.3377,21.3327,-31.86323,0,0.9972082,0,-0.0746716;
custom,cuboid,metal3,1,20,30,0,1,1,1,1.0,1.0,-814.2112,265.2485,1139.182,0,0.7093272,0,0.7048795;
custom,cuboid,metal3,1,20,17,1,1,1,1,1.0,1.0,-321.3235,77.27172,-371.745,0,0.9999116,0,-0.01329745;
racing,killCuboid,1,20,12,-112.2019,78.39744,-549.1883,0,0.001723738,0,0.9999985;
custom,cuboid,metal3,1,20,17,1,1,1,1,1.0,1.0,92.66272,76.50312,-394.7638,0,0.9998811,0,-0.01542368;
custom,cuboid,metal3,1,1,25,1,1,1,1,1.0,1.0,-3.079031,56.98251,271.6331,0,0.9994646,0,-0.0327199;
custom,cuboid,metal3,1,1,25,1,1,1,1,1.0,1.0,-51.21976,89.78767,278.1991,0,0.9989924,0,-0.04488018;
custom,cuboid,metal3,1,1,25,1,1,1,1,1.0,1.0,-124.3339,112.7213,296.1903,0,0.06098843,0,0.9981385;
racing,killCuboid,1,1,25,-237.9388,138.1565,295.0108,0,0.0238886,0,0.9997146;
racing,killCuboid,1,1,25,46.51205,39.6506,280.8364,0,0.9989562,0,-0.04567909;
racing,killCuboid,1,20,19,-106.6682,148.466,-221.4756,0,0.02802148,0,0.9996073;
racing,killCuboid,24,1,50,-57.11305,-4.634071,288.7253,0,0.6854851,0,-0.7280867;
racing,startCuboid,1,20,20,581.9785,75.95557,393.5171,0,0.7058716,0,-0.7083398;
custom,cuboid,metal3,1,1,10,0,1,1,1,1.0,1.0,564.9636,40.67147,478.0928,0,0.7023261,0,-0.7118554;
custom,cuboid,metal3,1,20,90,0,1,1,1,1.0,1.0,-314.7125,280.9268,954.3439,0,0.7215679,0,0.6923437;
custom,cuboid,metal3,20,1,100,0,1,1,1,1.0,1.0,-262.6534,195.8756,1057.258,0,0.7001957,0,-0.713951;
custom,tower2,metal3,1,1,1,0,1,0,0,1.0,1.0,182.9443,-14.99134,521.3352,0,0.6923597,0,-0.7215526;
custom,tower2,metal3,1,1,1,0,1,0,0,1.0,1.0,-298.1917,-17.86277,540.1125,0,0.694887,0,-0.719119;
custom,cuboid,metal3,2,20,2,0,1,0,0,1.0,1.0,-323.5872,98.06228,-453.0018,0,0.715425,0,0.6986896;
custom,cuboid,metal3,2,20,2,0,1,0,0,1.0,1.0,-111.3118,97.94425,-480.2147,0,0.7190533,0,0.694955;
custom,cuboid,metal3,2,20,2,0,1,0,0,1.0,1.0,90.01194,94.93803,-472.6319,0,0.02793257,0,0.9996098;
racing,checkpointCuboid,6,1,6,1373.031,139.0254,5057.535,0,0.09960479,0,-0.9950271;
racing,checkpointCuboid,10,1,10,-834.6458,164.6725,1055.887,0,0.6951957,0,-0.7188206;
custom,cuboid,metal3,4.5,2,4.5,0,1,0,0,1.0,1.0,556.366,-6.643209,594.5264,0,0.007127249,0,0.9999747;
custom,cuboid,metal3,0.2,0.2,2,0,1,0,0,1.0,1.0,578.7705,0.4499781,589.5974,0,0.008507607,0,0.9999638;
custom,cuboid,crystal2,3,20,80,0,1,1,1,1.0,1.0,-1128.782,69.51814,960.2155,0.000490411,0.7058108,0.000496875,-0.7084001;
custom,cuboid,metal3,1,1,22,0,1,1,1,1.0,1.0,160.2853,83.72958,525.2921,0,0.0103638,0,0.9999464;
custom,cuboid,metal3,1,1,22,0,1,1,1,1.0,1.0,-321.6638,80.83762,532.1239,0,0.9995381,0,-0.03039075;
racing,killCuboid,0.5,10,13,157.9439,129.9926,450.1021,0,0.9998313,0,-0.01837183;
racing,killCuboid,0.5,10,13,158.9388,37.90919,459.248,0,0.9998896,0,-0.0148643;
racing,killCuboid,0.5,10,13,-314.9309,27.85157,606.3164,0,0.9995856,0,-0.02878599;
racing,killCuboid,0.5,10,13,-317.0304,126.7391,612.8448,0,0.9995588,0,-0.02970271;
racing,killCuboid,1,1,22,-538.9045,25.76143,313.6849,0,0.7293113,0,0.684182;
racing,killCuboid,1,1,22,-542.853,79.43725,206.7611,0,0.6874136,0,-0.7262661;
racing,killCuboid,1,1,22,-543.9611,134.3224,91.4119,0,0.7000521,0,-0.7140918;
racing,checkpointCuboid,1,20,17,-374.3061,80.29895,101.2112,0,0.6970753,0,-0.716998;
custom,cuboid,metal3,1,20,1,0,1,1,1,1.0,1.0,-106.829,97.74731,-217.2874,0,0.7349352,0,0.6781374;
racing,killCuboid,1,5,8,-104.7888,23.58277,-182.0207,0,0.9996483,0,-0.02652064;
custom,cuboid,metal3,20,1,100,0,1,1,1,1.0,1.0,102.5667,195.7053,630.1674,0,-0.03841265,0,-0.999262;
custom,cuboid,default,0.1,1,0.1,1,0,0,0,1.0,1.0,2368.737,63.38512,6485.844,0.131276,0.7701802,0.1682082,-0.6010782;
custom,cuboid,default,0.1,1,0.1,1,0,1,1,1.0,1.0,2375.42,52.95862,6487.188,-0.185593,0.7473397,-0.2336292,-0.59368;
custom,tube,default,0.5,0.1,0.5,1,0,0,0,1.0,1.0,2362.634,65.80669,6483.517,-0.7077911,0.06464659,-0.06532713,-0.7004177;
custom,cuboid,default,0.1,0.5,0.1,1,0,0,0,1.0,1.0,2367.916,65.51392,6484.722,-0.1735119,0.7617672,-0.2273822,-0.5812932;
custom,cuboid,default,0.1,1,0.1,1,0,0,0,1.0,1.0,2360.369,68.44139,6483.409,0,0.08973519,0,-0.9959657;
custom,tube,default,0.5,0.1,0.5,1,0,0,0,1.0,1.0,2362.854,70.798,6483.561,-0.7342097,0.03701583,-0.07907142,-0.6732857;
custom,cuboid,metal3,1,1,9,0,0,0,0,1.0,1.0,554.4408,98.71506,-52.74301,0,0.7068943,0,-0.7073192;
custom,cuboid,default,0.2,0.9,0.2,1,1,0,0,1.0,1.0,568.0101,98.34509,-46.77408,0,0.9999785,0,0.006558208;
custom,cuboid,default,0.2,0.9,0.2,1,1,0,0,1.0,1.0,568.0317,102.4263,-46.81208,-0.5060874,0.4938993,-0.4973597,-0.5025657;
custom,cuboid,default,0.2,0.9,0.2,1,1,0,0,1.0,1.0,559.6196,98.89626,-47.21694,0,0.9999903,0,0.004401627;
custom,cuboid,default,0.2,0.9,0.2,1,1,0,0,1.0,1.0,556.0751,98.76776,-47.42331,0.5037328,0.4962629,-0.5014874,0.4984846;
custom,cuboid,default,0.2,0.9,0.2,1,1,0,0,1.0,1.0,552.1489,98.88809,-47.27305,0,0.9999694,0,0.007825589;
custom,cuboid,default,0.2,0.9,0.2,1,1,0,0,1.0,1.0,545.6016,98.43233,-47.33503,-0.1349273,0.6867216,0.1319931,0.7019872;
custom,cuboid,default,0.2,0.9,0.2,1,1,0,0,1.0,1.0,541.4908,98.35898,-47.42775,0.1572104,0.6850501,-0.1551366,0.6942074;
custom,cuboid,default,0.2,0.8,0.2,1,1,0,0,1.0,1.0,543.6672,96.87527,-47.23249,0.5040725,0.4956776,-0.4888046,0.5111603;
custom,cuboid,default,0.2,0.9,0.2,1,1,0,0,1.0,1.0,534.9883,98.64281,-47.32855,0,0.9999393,0,0.01102123;
custom,cuboid,default,0.2,0.5,0.2,1,1,0,0,1.0,1.0,535.2263,102.0891,-47.42648,0.5090536,0.4908669,-0.4936161,0.5062187;
custom,cuboid,default,0.2,0.5,0.2,1,1,0,0,1.0,1.0,534.9013,95.0686,-47.45286,0.5041687,0.4958313,-0.4996533,0.5003117;
racing,killCuboid,10,8,0.9,417.8522,37.67938,-171.5852,0.01046965,-0.003635106,-0.0002025385,-0.9999386;
racing,killCuboid,10,8,0.9,411.2144,176.6386,-172.5393,0,0.01051478,0,0.9999447;
custom,cuboid,metal3,1,1,10,0,0,0,0,1.0,1.0,419.0457,133.5926,-172.6658,-0.0004969224,0.7142203,0.0004903633,0.6999207;
custom,cuboid,metal3,1,1,10,0,0,0,0,1.0,1.0,416.2346,72.82888,-172.4321,0,0.7096739,0,0.7045304;
custom,cuboid,lava1,100,1,100,0,1,1,1,1.0,1.0,-1427.892,-33.38206,454.8636,0,0.9999847,0,-0.005544005;
custom,cuboid,crystal2,100,1,100,0,1,1,1,1.0,1.0,-1231.82,-31.93855,1445.826,0,0.002114552,0,0.9999978;
misc,barrier,105,1,105,-1211.442,-31.20288,1468.068,0,0.001221322,0,0.9999993;
racing,checkpointCuboid,6,1,6,409.7722,145.9738,2862.438,0,0.1016962,0,-0.9948155;
custom,cuboid,crystal2,3,20,105,0,1,1,1,1.0,1.0,-1717.138,70.44533,1472.373,0,0.9999987,0,-0.001622336;
custom,cuboid,crystal2,3,20,105,0,1,1,1,1.0,1.0,-1245.038,70.06718,1927.934,0,0.7065381,0,-0.707675;
custom,cuboid,crystal2,3,20,105,0,1,1,1,1.0,1.0,-746.1133,69.54785,1421.423,0,0.9999806,0,-0.006233457;
racing,killCuboid,80,1,80,-1573.21,-30.2295,362.1202,0,0.7099025,0,0.7043;
custom,cuboid,lava1,3,20,20,0,1,1,1,1.0,1.0,-1805.151,69.21902,933.7892,0,0.7083265,0,0.705885;
custom,cuboid,lava1,3,20,50,0,1,1,1,1.0,1.0,-1278.506,70.92952,928.3329,0,0.7144353,0,0.6997015;
custom,cuboid,lava1,3,20,103,0,1,1,1,1.0,1.0,-1029.942,72.16015,422.6295,0,0.004872454,0,-0.9999881;
custom,cuboid,lava1,3,20,103,0,1,1,1,1.0,1.0,-1416.71,67.5039,-29.34303,0,0.7104128,0,0.7037852;
custom,cuboid,lava1,3,20,103,0,1,1,1,1.0,1.0,-1913.05,71.75697,441.7266,0,0.9999935,0,-0.003611973;
custom,cuboid,crystal2,3,20,40,0,1,1,1,1.0,1.0,-926.9041,68.67725,1141.944,0,0.9999474,0,-0.01025234;
custom,cuboid,crystal2,3,20,40,0,1,1,1,1.0,1.0,-934.5372,68.30675,1466.794,0,0.718451,0,0.6955777;
custom,cuboid,crystal2,3,20,40,0,1,1,1,1.0,1.0,-1127.913,68.49287,1286.219,0,0.02564203,0,0.9996712;
custom,cuboid,crystal2,3,20,65,0,1,1,1,1.0,1.0,-1266.982,69.68748,1296.896,0,0.9998017,0,-0.01991492;
custom,cuboid,crystal2,3,20,40,0,1,1,1,1.0,1.0,-1059.336,69.62503,1600.258,0,0.701492,0,-0.7126773;
custom,cuboid,crystal2,3,20,90,0,1,1,1,1.0,1.0,-1371.56,68.65965,1515.966,0,0.9997327,0,-0.02312149;
custom,cuboid,crystal2,3,20,90,0,1,1,1,1.0,1.0,-1510.399,69.72202,1374.969,0,0.0009190161,0,-0.9999996;
custom,cuboid,crystal2,1,20,10,0,1,1,1,1.0,1.0,-1557.285,69.65396,1750.822,0,0.7062092,0,-0.7080033;
custom,cuboid,crystal2,1,20,10,0,1,1,1,1.0,1.0,-1677.099,68.85667,1628.086,0,0.7029817,0,0.7112081;
custom,cuboid,crystal2,1,20,10,0,1,1,1,1.0,1.0,-1560.36,69.46601,1495.057,0,0.6923715,0,-0.7215412;
custom,cuboid,crystal2,1,20,10,0,1,1,1,1.0,1.0,-1673.628,70.46899,1354.952,0,0.7016028,0,0.7125683;
custom,cuboid,crystal2,1,20,10,0,1,1,1,1.0,1.0,-1562.558,70.81253,1218.765,0,0.7058289,0,-0.7083824;
custom,cuboid,crystal2,1,20,10,0,1,1,1,1.0,1.0,-1666.263,70.38139,1053.082,0,0.7077339,0,0.7064791;
custom,cuboid,crystal2,1,1,15,0,1,1,1,1.0,1.0,-840.6675,23.37589,1148.336,0,0.7077809,0,-0.7064321;
custom,cuboid,crystal2,1,1,22,0,1,1,1,1.0,1.0,-1022.597,16.90146,1248.721,0,0.698228,0,-0.7158755;
racing,killCuboid,1,1,22,-1033.571,71.38785,1140.909,0,0.6884726,0,-0.7252623;
racing,killTorus,10,10,10,-1194.308,59.63683,1300.098,-0.005088421,0.6953938,-0.7185941,-0.004924138;
racing,killTorus,5,5,5,-1197.113,62.82266,1299.06,0.7080444,-0.04368293,-0.06053613,0.7022111;
racing,killCuboid,1,20,15,-923.7827,68.51469,1659.889,0,0.9998342,0,-0.01821004;
racing,killCuboid,1,20,15,-1061.231,68.12526,1864.127,0,0.9996501,0,-0.02645343;
racing,killCuboid,1,20,15,-1211.888,68.25091,1663.872,0,0.999933,0,-0.01157464;
custom,cuboid,crystal2,2,20,2,0,1,1,1,1.0,1.0,-921.0322,68.06165,1733.879,0,0.687894,0,-0.7258112;
custom,cuboid,crystal2,2,20,2,0,1,1,1,1.0,1.0,-1065.324,68.69702,1788.029,0,0.6929638,0,-0.7209724;
custom,cuboid,crystal2,2,20,2,0,1,1,1,1.0,1.0,-1210.416,69.81406,1736.411,0,0.9998947,0,-0.01451167;
racing,killCuboid,1,1,10,-1312.037,-22.16866,1617.125,0,0.7117171,0,0.7024662;
racing,killCuboid,1,1,10,-1313.53,-7.385164,1594.932,0,0.7209561,0,0.6929808;
racing,killCuboid,1,1,10,-1306.938,10.82559,1573.574,0,0.7208118,0,0.6931309;
racing,killCuboid,1,1,10,-1312.676,9.721155,1520.316,0,0.7162495,0,0.6978443;
racing,killCuboid,1,1,10,-1321.018,11.12796,1446.056,0,0.714716,0,0.6994148;
racing,killCuboid,1,1,10,-1320.142,10.18668,1360.801,0,0.7085732,0,0.7056373;
racing,checkpointCuboid,1,20,10,-1331.047,65.28241,1212.789,0,0.7047613,0,-0.7094446;
custom,cuboid,crystal2,1,1,10,0,1,1,1,1.0,1.0,-1445.802,97.07298,1277.038,0,0.7044479,0,0.7097557;
custom,cuboid,crystal2,1,1,14,0,1,1,1,1.0,1.0,-1440.002,84.41942,1592.145,0,0.6986953,0,-0.7154194;
racing,checkpointCuboid,1,20,10,-1566.557,70.20724,1053.998,0,0.7119906,0,-0.702189;
custom,cuboid,lava1,3,20,13,0,1,1,1,1.0,1.0,-1513.547,70.84737,854.9052,0,0.003461213,0,0.9999941;
custom,cuboid,lava1,3,20,20,0,1,1,1,1.0,1.0,-1599.522,70.76296,777.215,0,0.7059189,0,-0.7082927;
custom,cuboid,lava1,3,20,30,0,1,1,1,1.0,1.0,-1350.472,70.69137,774.8194,0,0.7021775,0,-0.7120019;
custom,cuboid,lava1,3,20,70,0,1,1,1,1.0,1.0,-1172.748,69.01013,439.3977,0,0.9998204,0,0.01895556;
custom,cuboid,lava1,3,20,50,0,1,1,1,1.0,1.0,-1712.535,70.74369,542.5186,0,-0.004573615,0,-0.9999896;
racing,killCuboid,2,20,30,-1717.787,-85.96743,140.9999,0,0.008638189,0,0.9999627;
racing,killCuboid,2,6,32,-1716.269,137.4537,140.385,0,-0.001079776,0,-0.9999995;
custom,cuboid,lava1,3,20,70,0,1,1,1,1.0,1.0,-1586.124,67.35538,307.1096,0,0.01836427,0,0.9998314;
custom,cuboid,lava1,3,20,70,0,1,1,1,1.0,1.0,-1446.066,71.20626,437.1444,0,0.9999554,0,-0.009446644;
custom,cuboid,lava1,3,20,70,0,1,1,1,1.0,1.0,-1307.361,67.58476,309.0373,0,0.002826951,0,-0.999996;
custom,cuboid,lava1,1,1,15,0,1,1,1,1.0,1.0,-1653.376,20.74041,389.491,0,0.7112079,0,0.7029818;
custom,cuboid,lava1,1,1,29,0,1,1,1,1.0,1.0,-1579.204,76.09713,644.9806,0,0.7059048,0,0.7083067;
custom,cuboid,lava1,1,1,12,0,1,1,1,1.0,1.0,-1510.995,43.17296,337.7417,0,0.7348839,0,0.6781929;
custom,cuboid,lava1,1,1,12,0,1,1,1,1.0,1.0,-1378.632,41.83805,191.329,0,0.7028585,0,-0.7113297;
custom,cuboid,lava1,1,1,13,0,1,1,1,1.0,1.0,-1386.557,61.83901,454.3174,0,0.7053735,0,-0.7088359;
custom,cuboid,lava1,1,20,1,0,1,1,1,1.0,1.0,-1380.61,74.75681,454.234,0,0.007220098,0,0.999974;
custom,tube,lava1,6,40,6,0,1,1,1,1.0,1.0,-1239.37,51.78729,385.3555,-0.7252914,0.01042259,-0.01098311,-0.6882756;
racing,killTorus,6,6,6,-1241.147,48.91298,408.2214,0.02189407,0.6955891,-0.7177927,0.02121683;
racing,killTorus,8,8,8,-1242.152,43.17067,529.3235,0.00739227,0.7324998,-0.6806808,0.007955033;
racing,killTorus,8,8,8,-1234.619,54.90482,246.1875,-0.7288288,0.01342137,-0.01429231,-0.6844152;
racing,killCuboid,1.3,1.3,10,-1648.472,20.66621,390.1164,0,0.7009681,0,-0.7131926;
racing,killCuboid,1.3,1.3,30,-1577.31,76.14863,645.1781,0,0.7053058,0,0.7089033;
racing,killCuboid,1.3,1.3,12,-1510.406,43.09706,337.205,0,0.6812426,0,-0.7320577;
racing,killCuboid,1.3,1.3,12,-1379.553,41.9999,191.5985,0,0.7084278,0,0.7057833;
racing,killCuboid,0.7,11,6,-1417.776,2.863881,453.5474,0,0.7044195,0,0.709784;
racing,killCuboid,0.7,10,6,-1346.003,114.8565,453.8657,0,0.7099248,0,0.7042776;
racing,checkpointSphere,6,6,6,-1238.83,49.5333,280.308,0,0.009237786,0,-0.9999573;
custom,cuboid,lava1,1,20,1,0,1,0,0,1.0,1.0,-1102.748,66.93206,390.1129,0,0.3908045,0,-0.9204738;
custom,cuboid,lava1,1,1,11,0,1,0,0,1.0,1.0,-1101.446,62.16505,389.3528,0,0.7264431,0,0.6872267;
racing,killCuboid,0.7,10,11,-1100.828,16.49801,389.9473,0,0.7212926,0,0.6926306;
racing,killCuboid,0.7,10,6,-1129.671,116.6635,391.1917,0,0.7248856,0,0.6888692;
custom,leaf0,empty,3,1,10,1,1,0,0,1.0,1.0,-1098.669,-82.43932,385.1653,-0.01470359,0.7069538,-0.706954,-0.01470359;
custom,cuboid,grass,13,1,25,0,1,0,0,1.0,1.0,-1381.969,-31.06758,850.2856,0,0.6992391,0,-0.7148879;
custom,house4,default,0.5,0.5,0.5,0,1,0,0,1.0,1.0,-1450.782,-28.69663,808.8405,0,-0.4232732,0,-0.9060022;
custom,village2,default,0.5,0.5,0.5,0,1,0,0,1.0,1.0,-1450.258,-22.14161,854.8077,0,0.982793,0,0.1847107;
custom,house6,default,0.5,0.5,0.5,0,1,0,0,1.0,1.0,-1398.727,-28.0484,903.8502,0,0.5288297,0,0.848728;
custom,house8,default,0.5,0.5,0.5,0,1,0,0,1.0,1.0,-1407.375,-19.30141,802.4592,0,0.9378146,0,-0.3471366;
custom,cuboid,lava1,20,1,100,0,1,1,1,1.0,1.0,-1111.634,165.6907,1412.517,0,0.02523734,0,0.9996815;
custom,tree2,default,0.5,0.5,0.5,0,1,0,0,1.0,1.0,-1404.69,4.65519,878.4876,0,0.4955733,0,-0.8685662;
custom,tree5,default,0.5,0.5,0.5,0,1,0,0,1.0,1.0,-1344.724,0.9814222,803.3559,0,0.9301517,0,-0.3671755;
custom,tree3,default,0.5,0.5,0.5,0,1,0,0,1.0,1.0,-1320.098,17.5876,883.5592,0,0.5125698,0,-0.8586456;
custom,cuboid,metal3,1,20,100,0,1,1,1,1.0,1.0,-263.1012,289.3143,1146.537,0,0.7106696,0,-0.703526;
custom,cuboid,lava1,1,2,20,0,1,1,1,1.0,1.0,485.344,156.2412,1697.911,0,0.04892311,0,0.9988025;
custom,cuboid,metal3,0.2,0.2,2,0,1,0,0,1.0,1.0,579.8911,-0.4300194,589.5825,0,0.01164904,0,0.9999322;
custom,cuboid,metal3,0.2,0.2,2,0,1,0,0,1.0,1.0,533.4059,0.6725826,589.4503,0,0.00501191,0,0.9999875;
custom,cuboid,metal3,0.2,0.2,2,0,1,0,0,1.0,1.0,531.913,-0.3112201,589.455,0,0.007095059,0,0.9999748;
custom,cuboid,empty,4.4,4,1,0,1,0,0,1.0,1.0,557.0157,10.48348,614.4738,0,0.007410928,0,0.9999726;
custom,cuboid,empty,0.1,0.7,0.1,1,0,1,1,1.0,1.0,539.0129,17.73034,609.1815,0,0.002395847,0,0.9999971;
custom,cuboid,empty,0.4,0.1,0.1,1,0,1,1,1.0,1.0,541.2013,17.14138,609.8681,0,0.004566158,0,0.9999896;
custom,cuboid,empty,0.4,0.1,0.1,1,0,1,1,1.0,1.0,541.3542,20.7414,609.1342,0,0.004566156,0,0.9999896;
custom,cuboid,empty,0.1,0.4,0.1,1,0,1,1,1.0,1.0,542.7338,18.81052,609.2358,0,0.01032321,0,0.9999467;
custom,cuboid,empty,0.1,0.4,0.1,1,0,1,1,1.0,1.0,541.6588,15.92328,609.9131,-0.2817645,0.6414529,-0.2743972,-0.6586754;
custom,cuboid,empty,0.1,0.7,0.1,1,0,1,1,1.0,1.0,545.8881,17.60128,609.2471,0.1421482,0.6882597,0.1402782,-0.6974343;
custom,cuboid,empty,0.1,0.7,0.1,1,0,1,1,1.0,1.0,548.4406,17.49201,609.2141,-0.1701286,0.6749291,-0.1642804,-0.6989556;
custom,cuboid,empty,0.3,0.1,0.1,1,0,1,1,1.0,1.0,547.3939,16.50384,609.4535,0,0.05451049,0,0.9985132;
custom,cuboid,empty,0.4,0.1,0.1,1,0,1,1,1.0,1.0,553.6126,20.1439,609.202,0,0.0261542,0,0.9996579;
custom,cuboid,empty,0.4,0.1,0.1,1,0,1,1,1.0,1.0,553.4872,14.18388,609.4963,0,0.0261542,0,0.9996579;
custom,cuboid,empty,0.1,0.7,0.1,1,0,1,1,1.0,1.0,551.9581,17.22503,609.5438,0,0.008809842,0,-0.9999612;
custom,cuboid,empty,0.1,0.7,0.1,1,0,1,1,1.0,1.0,558.4173,17.06159,608.9153,0,0.00228253,0,-0.9999974;
custom,cuboid,empty,0.3,0.1,0.1,1,0,1,1,1.0,1.0,558.4214,20.27366,608.9951,0,0.01515321,0,0.9998852;
custom,cuboid,empty,0.3,0.1,0.1,1,0,1,1,1.0,1.0,558.4413,14.08901,608.7852,0,0.01107661,0,-0.9999387;
custom,cuboid,empty,0.1,0.6,0.1,1,0,1,1,1.0,1.0,561.1563,16.66932,608.4433,0,0.03465215,0,0.9993994;
custom,cuboid,empty,0.1,0.6,0.1,1,0,1,1,1.0,1.0,562.6932,16.88387,608.4482,-0.1968954,0.6765755,-0.1952835,-0.6821599;
custom,cuboid,empty,0.1,0.6,0.1,1,0,1,1,1.0,1.0,564.4168,16.54345,608.418,0,0.05861167,0,0.9982809;
custom,cuboid,empty,0.3,0.1,0.1,1,0,1,1,1.0,1.0,570.4202,16.98676,608.663,0,0.01499922,0,0.9998875;
custom,cuboid,empty,0.1,0.4,0.1,1,0,1,1,1.0,1.0,571.814,15.48623,608.6119,0,0.03462196,0,0.9994005;
custom,cuboid,empty,0.5,0.1,0.1,1,0,1,1,1.0,1.0,569.7436,13.93776,608.7389,0,0.02589265,0,0.9996647;
custom,cuboid,empty,0.1,0.7,0.1,1,0,1,1,1.0,1.0,567.7353,16.93946,608.8345,0,0.04333514,0,0.9990606;
custom,cuboid,empty,0.5,0.1,0.1,1,0,1,1,1.0,1.0,570.1104,19.92889,608.758,0,0.02149864,0,0.9997689;
custom,cuboid,empty,0.1,0.2,0.1,1,0,1,1,1.0,1.0,572.5085,20.5026,608.6196,0.22986,0.6528127,0.2239578,-0.68618;
custom,cuboid,empty,4,0.1,0.1,1,0,1,1,1.0,1.0,556.463,12.35954,609.4333,0,0.008111081,0,0.9999672;
custom,cuboid,empty,0.1,1,0.1,1,0.8295454,0.8409091,0.7159091,1.0,1.0,555.4603,-0.02111337,575.7307,0,0.0148448,0,0.9998898;
custom,sphere,empty,0.2,0.2,0.2,1,0,0,0,1.0,1.0,555.5093,5.230075,576.1735,0,0.9999924,0,-0.003912721;
custom,cuboid,empty,0.4,0.5,0.4,1,0,0,0,1.0,1.0,536.1959,5.480447,575.2397,0,-0.004954015,0,0.9999877;
custom,cuboid,empty,0.4,0.5,0.4,1,0,0,0,1.0,1.0,576.1592,5.719998,574.4312,0,-0.0008796976,0,-0.9999996;
custom,cuboid,empty,0.3,0.5,0.1,1,0.7386363,0.8068182,0.9090909,1.0,1.0,576.1839,5.479574,572.6658,0,0.02539309,0,0.9996776;
custom,cuboid,empty,0.3,0.5,0.1,1,0.7386363,0.8068182,0.9090909,1.0,1.0,536.1938,5.254948,573.4099,0,0.0133492,0,0.9999109;
spawnpoint,playerC,568.3669,3.368113,590.9225,0,0.9999465,0,-0.01034472;
spawnpoint,playerM,546.0896,3.562647,591.262,0,0.9999856,0,-0.005368699;
custom,cuboid,metal3,1,1,11,0,1,1,1,1.0,1.0,419.4811,81.65102,42.50692,0,0.7089345,0,-0.7052744;
racing,killCuboid,1,5,13,-547.0947,22.25056,-136.0216,0,0.7192333,0,0.6947687;
racing,killCuboid,1,20,17,-478.0528,89.44135,-381.9169,0,-0.01205384,0,-0.9999273;
custom,cuboid,metal3,1,20,9,0,1,1,1,1.0,1.0,198.1881,94.91695,-282.4423,0,0.7022587,0,0.7119219;
custom,cuboid,metal3,1,20,9,0,1,1,1,1.0,1.0,288.1166,89.30273,-149.5439,0,0.7015027,0,-0.7126667;
custom,cuboid,metal3,1,20,9,0,1,1,1,1.0,1.0,201.3448,96.7143,-13.72297,0,0.7159547,0,0.6981468;
custom,cuboid,metal3,1,20,9,0,1,1,1,1.0,1.0,302.2563,97.32883,115.0021,0,0.7019413,0,-0.7122349;
racing,killCuboid,1,4,12,-1044.913,-7.958316,1535.48,0,0.9993429,0,-0.03624532;
custom,cuboid,lava1,20,1,150,0,1,1,1,1.0,1.0,-258.2497,165.9018,1741.872,0,0.7366311,0,0.6762948;
racing,killCuboid,1.2,1.2,11,267.6569,73.61298,3380.552,0,0.7964254,0,-0.6047369;
racing,killCuboid,1.2,1.2,11,374.6109,13.82236,3001.031,0,0.7955843,0,-0.6058429;
custom,cuboid,wood1,100,2,100,0,1,1,1,1.0,1.0,728.4239,-51.95689,3420.058,0,0.1327298,0,-0.9911523;
custom,cuboid,wood1,1,20,100,0,1,1,1,1.0,1.0,251.1131,47.05426,3289.794,0,0.1328416,0,-0.9911373;
custom,cuboid,wood1,1,20,100,0,1,1,1,1.0,1.0,860.6249,47.01961,2944.21,0,0.6069467,0,0.7947425;
custom,cuboid,wood1,1,20,100,0,1,1,1,1.0,1.0,1207.741,47.1042,3552.567,0,0.1355484,0,-0.9907708;
custom,cuboid,wood1,1,20,100,0,1,1,1,1.0,1.0,598.2364,47.0173,3896.892,0,0.6073109,0,0.7944643;
custom,cuboid,wood1,1,20,85,0,1,1,1,1.0,1.0,363.5506,46.76123,3244.658,0,0.1263453,0,-0.9919863;
custom,cuboid,wood1,1,20,50,0,1,1,1,1.0,1.0,375.4225,46.60056,3581.38,0,0.9917899,0,0.1278778;
custom,cuboid,wood1,1,20,30,0,1,1,1,1.0,1.0,496.5438,46.1562,3115.667,0,0.1266356,0,-0.9919494;
custom,cuboid,wood1,1,20,30,0,1,1,1,1.0,1.0,629.2625,46.97698,3034.321,0,0.1174099,0,-0.9930836;
custom,cuboid,wood1,1,20,40,0,1,1,1,1.0,1.0,502.4784,46.52248,3531.563,0,0.9916506,0,0.1289542;
custom,cuboid,wood1,1,20,60,0,1,1,1,1.0,1.0,736.7596,46.66244,3799.512,0,0.604225,0,0.7968138;
custom,cuboid,wood1,1,20,60,0,1,1,1,1.0,1.0,1090.137,46.5443,3591.545,0,0.993043,0,0.1177524;
custom,cuboid,wood1,1,20,50,0,1,1,1,1.0,1.0,921.0596,46.21641,3244.101,0,0.7899608,0,-0.6131575;
custom,cuboid,wood1,1,20,40,0,1,1,1,1.0,1.0,763.6071,45.81486,3319.643,0,0.7930271,0,-0.6091864;
custom,cuboid,wood1,1,20,40,0,1,1,1,1.0,1.0,922.4034,46.51958,3452.987,0,0.790432,0,-0.6125498;
custom,cuboid,wood1,1,20,45,0,1,1,1,1.0,1.0,738.842,46.69394,3505.815,0,0.6124929,0,0.7904762;
custom,cuboid,wood1,1,20,45,0,1,1,1,1.0,1.0,848.4719,46.44004,3651.841,0,0.7926928,0,-0.6096213;
racing,killCuboid,0.5,20,18,575.4749,25.54041,3255.488,0,0.9921163,0,0.1253203;
racing,killCuboid,0.5,20,14,547.1816,45.55261,2926.485,0,0.9895239,0,0.1443689;
custom,leaf0,wood1,4.5,5,4.5,0,1,1,1,1.0,1.0,442.9363,34.07993,3302.06,-0.5596119,0.4311868,0.4281867,0.5635324;
custom,leaf0,wood1,4.5,5,4.5,0,1,1,1,1.0,1.0,239.6752,33.52366,3688.727,-0.5624411,0.4308735,0.4240522,0.5640815;
custom,leaf0,wood1,4.5,5,4.5,0,1,1,1,1.0,1.0,440.2808,33.69149,3741.671,-0.5582516,0.4329711,0.4299589,0.5621624;
custom,cuboid,wood1,1,1,10,0,1,1,1,1.0,1.0,378.8303,13.84975,3002.101,0,0.6047707,0,0.7963997;
custom,cuboid,wood1,1,1,10,0,1,1,1,1.0,1.0,271.9739,73.67583,3381.496,0,0.6047291,0,0.7964312;
custom,cuboid,wood1,1,1,9,0,1,1,1,1.0,1.0,362.2822,56.71663,3439.502,0,0.7964989,0,-0.6046401;
custom,cuboid,wood1,1,1,9,0,1,1,1,1.0,1.0,456.6487,52.32333,3081.059,0,0.601109,0,0.7991671;
custom,cuboid,wood1,1,1,10,0,1,1,1,1.0,1.0,564.0057,53.55684,3071.633,0,0.6121562,0,0.790737;
custom,cuboid,wood1,1,1,10.1,0,1,1,1,1.0,1.0,445.4019,42.99327,3532.074,0,0.6108505,0,0.791746;
custom,tower2,wood1,1,1,1,0,1,1,1,1.0,1.0,756.6547,-56.92554,3878.333,0,0.7906433,0,-0.612277;
custom,cuboid,wood1,1,1,10,0,1,1,1,1.0,1.0,1111.611,64.67603,3707.974,0,0.787467,0,-0.6163569;
custom,cuboid,wood1,1,1,10,0,1,1,1,1.0,1.0,1169.485,51.77495,3489.756,0,0.7927678,0,-0.6095238;
custom,cuboid,wood1,1,20,12,0,1,1,1,1.0,1.0,1091.489,45.38285,3227.315,0,0.9912719,0,0.1318334;
custom,cuboid,wood1,1,20,12,0,1,1,1,1.0,1.0,1003.244,46.8711,3045.411,0,0.140621,0,-0.9900635;
custom,cuboid,wood1,1,20,12,0,1,1,1,1.0,1.0,817.8675,46.07568,3156.034,0,0.9910737,0,0.1333153;
custom,cuboid,wood1,1,1,12,0,1,1,1,1.0,1.0,891.4772,51.31886,3295.213,0,0.9903496,0,0.1385918;
custom,cuboid,wood1,1,1,20,0,1,1,1,1.0,1.0,646.8642,23.27757,3379.692,0,0.6017886,0,0.7986555;
custom,cuboid,wood1,1,1,10,0,1,1,1,1.0,1.0,890.8213,66.45008,3497.389,0,0.1370613,0,-0.9905626;
racing,killCuboid,1,8,11,848.6039,-45.94644,3593.476,0,0.990616,0,0.1366744;
racing,killCuboid,1,8,11,848.739,106.3901,3593.854,0,0.9908124,0,0.1352433;
racing,killCuboid,1.2,1.2,10,890.9413,67.17467,3495.803,0,0.1398176,0,-0.9901773;
racing,killCuboid,1.2,1.2,11,890.751,51.72838,3296.835,0,0.1400137,0,-0.9901496;
racing,killCuboid,1.2,1.2,11,1171.15,52.01082,3490.379,0,0.6035123,0,0.7973537;
racing,killCuboid,1.2,1.2,11,1113.821,64.65172,3708.559,0,0.6130283,0,0.7900609;
racing,killCuboid,0.7,20,5,726.8159,46.95863,3901.276,0,0.9883328,0,0.1523097;
racing,killCuboid,78,1,101,920.7469,-46.4398,3489.564,0,0.1237224,0,-0.992317;
custom,cuboid,grass,18,1,20,0,1,1,1,1.0,1.0,941.9726,-41.93998,3766.957,0,0.6098694,0,0.7925019;
custom,pyramid,default,2,2,2,1,1,0,0,1.0,1.0,917.556,-27.07285,3807.69,0,0.6508245,0,0.7592282;
custom,cuboid,wood1,20,1,100,0,1,1,1,1.0,1.0,1492.184,141.5231,4515.306,0,0.1064094,0,-0.9943224;
custom,cuboid,metal3,1,20,90,0,1,1,1,1.0,1.0,1.838485,295.0774,583.3776,0,0.03602466,0,0.9993509;
custom,cuboid,wood1,20,1,100,0,1,1,1,1.0,1.0,1255.638,143.8922,3863.062,0,0.6097915,0,0.7925619;
custom,cuboid,lava1,20,1,100,0,1,1,1,1.0,1.0,555.5085,142.3596,2347.468,0,0.1289909,0,-0.9916458;
racing,killCuboid,1.2,1.2,10,365.0267,56.73669,3440.106,0,0.7980606,0,-0.6025772;
racing,killCuboid,1.2,1.2,10,564.4284,53.21607,3071.507,0,0.7917241,0,-0.6108789;
racing,killCuboid,1.2,1.2,10,458.037,52.27329,3081.226,0,0.6024599,0,0.7981492;
racing,killCuboid,1.2,1.2,10,445.5933,43.52459,3531.397,0,0.6093872,0,0.7928728;
racing,checkpointSphere,2,2,2,239.07,39.47721,3719.552,0,0.587754,0,0.8090398;
racing,checkpointSphere,2,2,2,444.5645,34.44232,3298.884,0,0.8077805,0,-0.5894834;
racing,checkpointSphere,2,2,2,426.7099,55.73846,3785.246,0,0.6086378,0,0.7934482;
custom,cuboid,lava1,20,1,50,0,1,1,1,1.0,1.0,562.7889,148.2312,1734.727,0,0.6047015,0,0.7964522;
custom,sphere,wood1,2,2,2,0,1,1,1,1.0,1.0,258.8753,27.85364,3619.353,0,0.9902475,0,0.1393197;
custom,sphere,wood1,2,2,2,0,1,1,1,1.0,1.0,408.7454,24.16347,3415.239,0,0.7703471,0,-0.6376247;
custom,sphere,wood1,2,2,2,0,1,1,1,1.0,1.0,465.1772,17.946,3649.331,0,0.9916988,0,0.1285826;
custom,cuboid,metal1,150,1,150,0,1,1,1,1.0,1.0,1902.796,-56.83969,5790.837,0,0.1024872,0,-0.9947343;
custom,cuboid,metal1,0.5,20,50,0,1,1,1,1.0,1.0,1301.492,44.28134,5237.73,0,0.09985719,0,-0.9950018;
custom,cuboid,metal1,0.5,20,50,0,1,1,1,1.0,1.0,1382.615,45.20826,5174.124,0,0.1003905,0,-0.9949481;
custom,cuboid,metal1,0.5,20,50,0,1,1,1,1.0,1.0,1423.257,43.10899,5267.016,0,0.9959199,0,0.09024104;
custom,cuboid,metal1,0.5,20,50,0,1,1,1,1.0,1.0,1496.53,44.32851,5199.655,0,0.09340736,0,-0.995628;
custom,cuboid,metal1,0.5,20,50,0,1,1,1,1.0,1.0,1545.53,43.30232,5292.719,0,0.9951829,0,0.09803572;
custom,cuboid,metal1,0.5,20,7,0,1,1,1,1.0,1.0,1382.274,44.22713,5006.43,0,0.6168118,0,0.7871107;
custom,cuboid,metal1,0.5,20,12,0,1,1,1,1.0,1.0,1486.618,44.2349,4946.203,0,0.6276941,0,0.7784602;
custom,cuboid,metal1,0.5,20,13,0,1,1,1,1.0,1.0,1317.125,44.36392,5495.698,0,0.6235251,0,0.7818034;
custom,cuboid,metal1,0.5,20,13,0,1,1,1,1.0,1.0,1434.724,43.65697,5521.478,0,0.7761843,0,-0.6305061;
custom,cuboid,metal1,0.5,20,100,0,1,1,1,1.0,1.0,2028.997,43.90395,5061.379,0,0.7767433,0,-0.6298174;
custom,cuboid,metal1,0.5,20,84,0,1,1,1,1.0,1.0,1986.222,43.3884,5219.839,0,0.6325228,0,0.7745417;
custom,cuboid,metal1,0.5,20,35,0,1,1,1,1.0,1.0,2482.45,44.01741,5333.644,0,0.09722923,0,-0.995262;
custom,cuboid,metal1,0.5,20,70,0,1,1,1,1.0,1.0,2109.268,43.93737,5430.564,0,0.7777777,0,-0.6285395;
custom,cuboid,metal1,0.5,20,20,0,1,1,1,1.0,1.0,1747.947,43.77017,5453.182,0,0.9939312,0,0.1100045;
custom,cuboid,metal1,0.5,20,22.5,0,1,1,1,1.0,1.0,1614.647,43.74361,5523.822,0,0.782199,0,-0.6230287;
custom,cuboid,metal1,0.5,20,22.5,0,1,1,1,1.0,1.0,1644.573,157.2848,5384.894,0,0.6246217,0,0.7809276;
custom,cuboid,metal1,25,0.5,70,0,1,1,1,1.0,1.0,1542.826,140.3248,5864.681,0,0.9945444,0,0.1043143;
custom,cuboid,metal1,25,0.5,70,0,1,1,1,1.0,1.0,1663.072,140.187,6376.06,0,0.7805299,0,-0.6251185;
custom,cuboid,metal1,25,0.5,90,0,1,1,1,1.0,1.0,1549.553,254.914,5817.399,0,0.994064,0,0.1087974;
custom,cuboid,metal1,25,0.5,90,0,1,1,1,1.0,1.0,1756.892,254.7538,6394.365,0,0.625919,0,0.7798882;
racing,killCuboid,0.5,12,70,1654.592,198.7737,5888.097,0,0.1041796,0,-0.9945585;
racing,killCuboid,0.5,32,95,1405.55,98.0272,5962.404,0,0.1057991,0,-0.9943876;
racing,killCuboid,0.5,32,70,1920.411,98.84212,6308.72,0,0.7811236,0,-0.6243765;
racing,killCuboid,0.5,32,90,1735.211,98.31327,6516.537,0,0.7809712,0,-0.6245672;
racing,killCuboid,0.5,20,60,1645.498,40.98188,5941.597,0,0.1081457,0,-0.9941351;
custom,cuboid,metal1,0.5,13,15,0,1,1,1,1.0,1.0,1740.802,190.0658,5480.93,0,0.1096269,0,-0.9939728;
custom,cuboid,metal1,0.5,13,15,0,1,1,1,1.0,1.0,1518.769,192.7459,5431.126,0,0.09943046,0,-0.9950445;
custom,cuboid,metal1,5,32,30,0,1,1,1,1.0,1.0,2216.089,95.61274,6500.176,0,0.9952169,0,0.09768993;
custom,cuboid,metal1,1,12,1,0,1,1,1,1.0,1.0,1471.036,198.0465,5642.262,0,0.08484466,0,-0.9963942;
custom,cuboid,metal1,1,12,1,0,1,1,1,1.0,1.0,1699.597,198.897,5691.91,0,0.6242821,0,0.781199;
custom,cuboid,metal1,1,12,1,0,1,1,1,1.0,1.0,1398.78,197.7504,5980.448,0,0.1175286,0,-0.9930695;
custom,cuboid,metal1,1,12,1,0,1,1,1,1.0,1.0,1627.981,199.0228,6027.193,0,0.632692,0,0.7744036;
custom,cuboid,metal1,1,12,1,0,1,1,1,1.0,1.0,1584.949,199.6624,6230.123,0,0.6264881,0,0.779431;
custom,cuboid,metal1,1,12,1,0,1,1,1,1.0,1.0,1304.198,196.5772,6417.906,0,0.7823928,0,-0.6227854;
custom,cuboid,metal1,1,12,1,0,1,1,1,1.0,1.0,1534.463,195.6644,6474.057,0,0.9942797,0,0.1068074;
custom,cuboid,metal1,1,12,1,0,1,1,1,1.0,1.0,1356.334,197.9262,6176.874,0,0.6272982,0,0.7787791;
custom,cylinder,metal1,3,14,3,0,1,1,1,1.0,1.0,1997.292,133.8712,6456.445,0.06470373,0.7077856,-0.7004126,0.06538489;
custom,cuboid,metal1,1,20,1,0,1,1,1,1.0,1.0,1585.222,45.47546,6230.016,0,0.9937524,0,0.111607;
custom,cuboid,metal1,1,20,1,0,1,1,1,1.0,1.0,1303.418,36.21812,6421.647,0,0.7862434,0,-0.6179171;
custom,cuboid,metal1,1,20,1,0,1,1,1,1.0,1.0,1528.398,41.34797,6474.126,0,0.9976694,0,0.06823344;
custom,cuboid,metal1,1,20,1,0,1,1,1,1.0,1.0,1893.417,42.27594,6295.108,0,0.7844169,0,-0.6202339;
custom,cuboid,metal1,1,20,1,0,1,1,1,1.0,1.0,1838.754,41.39725,6543.177,0,0.9934832,0,0.1139782;
custom,cuboid,metal1,1,20,1,0,1,1,1,1.0,1.0,1349.4,36.80622,6181.71,0,0.6471435,0,0.7623682;
custom,cuboid,metal1,1,20,1,0,1,1,1,1.0,1.0,1659.367,38.29956,5893.674,0,0.1054233,0,-0.9944274;
custom,cuboid,metal1,1,20,1,0,1,1,1,1.0,1.0,1424.581,40.71619,5845.239,0,0.6386958,0,0.7694594;
custom,cuboid,metal1,1,20,1,0,1,1,1,1.0,1.0,1709.37,40.77145,5653.198,0,0.1077475,0,-0.9941783;
custom,cuboid,metal1,1,20,20,0,1,1,1,1.0,1.0,1802.555,45.27751,5671.658,0,0.7750015,0,-0.6319595;
custom,cuboid,metal1,1,20,20,0,1,1,1,1.0,1.0,1915.675,45.28096,5597.92,0,0.1058804,0,-0.9943789;
custom,cuboid,metal1,1,20,41,0,1,1,1,1.0,1.0,2132.01,45.28876,5544.416,0,0.6332555,0,0.7739428;
custom,cuboid,metal1,1,20,50,0,1,1,1,1.0,1.0,2394.207,43.99928,5745.427,0,0.9943533,0,0.1061205;
custom,cuboid,metal1,1,20,41,0,1,1,1,1.0,1.0,2212.307,43.89671,5636.549,0,0.7713128,0,-0.6364563;
custom,cuboid,metal1,1,20,41,0,1,1,1,1.0,1.0,2108.68,45.21622,5686.493,0,0.6264119,0,0.7794923;
custom,cuboid,metal1,1,20,41,0,1,1,1,1.0,1.0,2181.149,43.9583,5778.229,0,0.7714477,0,-0.6362928;
custom,cuboid,metal1,1,20,20,0,1,1,1,1.0,1.0,1875.483,45.04234,5790.868,0,0.9950795,0,0.09907925;
custom,cuboid,metal1,1,20,41,0,1,1,1,1.0,1.0,2074.485,44.70867,5846.961,0,0.6334237,0,0.7738051;
custom,cuboid,metal1,1,20,25,0,1,1,1,1.0,1.0,2246.896,46.59902,6004.281,0,0.1001936,0,-0.994968;
custom,cuboid,metal1,1,20,19,0,1,1,1,1.0,1.0,2311.371,46.69031,6139.519,0,0.7742567,0,-0.6328717;
custom,cuboid,metal1,1,20,65,0,1,1,1,1.0,1.0,2473.573,46.68351,5846.19,0,0.994712,0,0.1027037;
custom,cuboid,metal1,1,20,90,0,1,1,1,1.0,1.0,2569.479,46.38489,5872.768,0,0.09586737,0,-0.9953942;
custom,cuboid,metal1,1,20,20,0,1,1,1,1.0,1.0,2565.969,44.1223,5416.045,0,0.62723,0,0.778834;
custom,cuboid,metal1,1,20,20,0,1,1,1,1.0,1.0,2401.335,46.77515,6192.675,0,0.9947351,0,0.1024797;
custom,cuboid,metal1,1,20,20,0,1,1,1,1.0,1.0,2304.794,46.65739,6375.185,0,0.9948939,0,0.1009262;
custom,cuboid,metal1,40,1,90,0,1,1,1,1.0,1.0,1197.849,-54.40446,5940.93,0,0.9939874,0,0.1094951;
custom,cuboid,metal1,1,20,6,0,1,1,1,1.0,1.0,2508.664,46.12384,6319.53,0,0.6225492,0,0.7825808;
racing,killCuboid,0.5,20,7,1740.239,43.83575,5035.001,0,0.110012,0,-0.9939303;
racing,killCuboid,0.5,20,7,1824.963,43.25566,5149.741,0,0.9943969,0,0.1057108;
racing,killCuboid,0.5,20,7,1972.757,43.87465,5084.772,0,0.1014548,0,-0.9948401;
racing,killCuboid,0.5,20,7,2073.92,43.22765,5202.002,0,0.9950483,0,0.09939203;
racing,killCuboid,0.5,20,7,2207.784,44.43303,5137.124,0,0.1016678,0,-0.9948184;
racing,killCuboid,0.5,20,7,2309.609,43.27427,5250.906,0,0.9960534,0,0.08875592;
racing,killCuboid,0.5,20,7,2297.465,43.15544,5320.53,0,0.1062334,0,-0.9943413;
racing,killCuboid,0.5,20,7,2150.845,43.67677,5403.011,0,0.9943392,0,0.106252;
racing,killCuboid,0.5,20,7,2060.328,43.14901,5271.6,0,0.09330193,0,-0.9956379;
racing,killCuboid,0.5,20,7,1918.446,42.5904,5353.792,0,0.9954584,0,0.09519764;
racing,killCuboid,0.5,20,7,1809.9,43.32404,5221.007,0,0.1021206,0,-0.994772;
custom,cuboid,metal1,1,20,1,0,1,1,1,1.0,1.0,1733.041,43.93554,5067.102,0,0.9935853,0,0.1130852;
custom,cuboid,metal1,1,20,1,0,1,1,1,1.0,1.0,1831.694,43.47021,5118.062,0,0.10227,0,-0.9947567;
custom,cuboid,metal1,1,20,1,0,1,1,1,1.0,1.0,1966.266,43.93748,5115.564,0,0.9938212,0,0.1109929;
custom,cuboid,metal1,1,20,1,0,1,1,1,1.0,1.0,2080.693,43.26384,5169.603,0,0.1066819,0,-0.9942932;
custom,cuboid,metal1,1,20,1,0,1,1,1,1.0,1.0,2201.031,44.62088,5168.564,0,0.9933214,0,0.11538;
custom,cuboid,metal1,1,20,1,0,1,1,1,1.0,1.0,2315.21,43.42096,5219.979,0,0.1045598,0,-0.9945186;
custom,cuboid,metal1,1,20,1,0,1,1,1,1.0,1.0,2290.821,43.16169,5351.12,0,0.9927998,0,0.1197852;
custom,cuboid,metal1,1,20,1,0,1,1,1,1.0,1.0,2157.396,43.83719,5372.203,0,0.1068152,0,-0.9942789;
custom,cuboid,metal1,1,20,1,0,1,1,1,1.0,1.0,2054.523,43.14957,5301.745,0,0.9947311,0,0.1025181;
custom,cuboid,metal1,1,20,1,0,1,1,1,1.0,1.0,1924.356,43.28455,5322.66,0,0.1026006,0,-0.9947227;
custom,cuboid,metal1,1,20,1,0,1,1,1,1.0,1.0,1803.379,43.38268,5252.102,0,0.9953691,0,0.09612698;
custom,cuboid,metal1,1,1,23,0,1,1,1,1.0,1.0,1582.085,199.6226,5666.244,0,0.7773733,0,-0.6290395;
custom,cuboid,metal1,1,1,23,0,1,1,1,1.0,1.0,1508.993,208.2927,6002.65,0,0.6340673,0,0.7732779;
custom,cuboid,metal1,1,1,23,0,1,1,1,1.0,1.0,1472.289,212.856,6204.616,0,0.7815636,0,-0.6238256;
custom,cuboid,metal1,1,1,25,0,1,1,1,1.0,1.0,1560.151,212.235,6348.205,0,0.9950455,0,0.09942067;
custom,cuboid,metal1,1,1,25,0,1,1,1,1.0,1.0,1866.788,47.63107,6421.27,0,0.994446,0,0.105248;
custom,cuboid,metal1,1,1,25,0,1,1,1,1.0,1.0,1557.525,50.36153,6356.597,0,0.9939715,0,0.109639;
custom,cuboid,metal1,1,1,25,0,1,1,1,1.0,1.0,1467.281,50.22764,6205.926,0,0.7746179,0,-0.6324297;
custom,cuboid,metal1,1,1,25,0,1,1,1,1.0,1.0,1542.071,55.72571,5869.065,0,0.7764869,0,-0.6301335;
racing,killCuboid,23,1,70,1541.164,138.1322,5868.738,0,0.1055205,0,-0.9944171;
racing,killCuboid,25,1,70,1664.02,137.9118,6379.938,0,0.7802154,0,-0.6255111;
racing,killCuboid,25,1,70,1855.14,-56.54288,6419.416,0,0.7751829,0,-0.6317369;
racing,killCuboid,25,1,70,1492.483,-54.59117,6101.021,0,0.9948478,0,0.1013798;
racing,killCuboid,25,1,70,1668.735,257.0233,6382.141,0,0.7807352,0,-0.624862;
racing,killCuboid,25,1,70,1539.682,256.7455,5866.997,0,0.9941528,0,0.1079827;
custom,cuboid,default,0.1,1,0.1,1,0,1,1,1.0,1.0,2377.925,45.05855,6487.924,0,0.09226476,0,-0.9957345;
racing,checkpointCuboid,2,2,2,1966.092,-41.11636,6721.556,0,0.6335728,0,0.7736831;
custom,cuboid,default,0.1,1,0.1,1,0,1,1,1.0,1.0,2380.254,53.0799,6488.522,0.1660674,0.762527,0.2157734,-0.5868697;
custom,cuboid,metal3,1,20,105,0,1,1,1,1.0,1.0,202.0213,285.0702,643.4072,0,0.04044733,0,0.9991817;
misc,barrier,40,0.3,90,1981.319,141.4464,5241.069,0,0.6400211,0,0.7683574;
misc,barrier,60,0.3,60,2011.384,141.5771,5673.051,0,0.1047928,0,-0.9944941;
misc,barrier,50,0.3,80,2505.469,141.3547,5505.755,0,0.08792373,0,-0.9961272;
misc,barrier,50,0.3,50,2483.283,141.7992,6056.159,0,0.6218113,0,0.7831671;
custom,cuboid,metal1,1,32,95,0,1,1,1,1.0,1.0,1259.698,94.6609,6062.872,0,0.9945041,0,0.1046981;
custom,cuboid,metal1,1,32,120,0,1,1,1,1.0,1.0,1612.369,96.59594,6626.807,0,0.6255023,0,0.7802224;
custom,pyramid,default,2,2,2,1,1,0,0,1.0,1.0,932.3542,-26.75635,3730.397,0,0.6222245,0,0.7828389;
custom,cuboid,default,0.1,1,0.1,1,1,0,0,1.0,1.0,2390.128,50.08015,6490.56,0.2869942,0.683802,0.3660489,-0.5621899;
custom,cuboid,default,0.1,1.5,0.1,1,1,0,0,1.0,1.0,2386.407,47.40702,6489.321,0,0.1010134,0,-0.9948851;
custom,cuboid,default,0.1,1,0.1,1,1,0,0,1.0,1.0,2389.451,44.21093,6490.723,-0.1898817,0.743581,-0.2370208,-0.5956957;
custom,tube,default,1,0.1,1,1,0,0,0,1.0,1.0,2369.77,44.71101,6485.451,-0.6891766,0.06675482,-0.06401556,-0.7186665;
custom,tube,default,1,0.1,1,1,0,0,0,1.0,1.0,2398.647,45.06186,6492.456,-0.691936,0.07425464,-0.07190751,-0.714521;
custom,cuboid,metal1,3,0.5,23,0,1,1,1,1.0,1.0,1642.579,200.714,5401.889,0,0.6239356,0,0.7814758;
racing,checkpointCuboid,1,1,1,1647.084,207.2552,5398.304,0,0.9934148,0,0.1145737;
racing,checkpointCuboid,1,1,1,1544.268,64.82832,5869.568,0,0.1093537,0,-0.9940029;
racing,killCuboid,150,1,150,1890.257,-55.04187,5785.442,0,0.6276073,0,0.7785301;
custom,cuboid,metal1,50,1,50,0,1,1,1,1.0,1.0,2452.956,-47.811,6559.778,0,0.7756003,0,-0.6312244;
custom,cuboid,metal1,30,1,150,0,1,1,1,1.0,1.0,1601.881,-54.35419,6639.691,0,0.6278451,0,0.7783384;
racing,killCuboid,1,20,90,2067.571,46.39454,5069.884,0,0.6294174,0,0.7770675;
racing,killCuboid,1,20,80,2007.472,45.29359,5223.609,0,0.7745649,0,-0.6324946;
racing,killCuboid,1,20,80,2154.837,3.204264,5439.357,0,0.6283902,0,0.7778984;
racing,killCuboid,1.3,20,41,2133.667,45.35862,5545.243,0,0.6333659,0,0.7738526;
racing,killCuboid,1.3,20,41,2207.511,45.90493,5634.554,0,0.6364329,0,0.7713321;
racing,killCuboid,1,4,65,2125.39,122.9486,5431.999,0,0.7774834,0,-0.6289035;
racing,killCuboid,1.3,20,41,2109.274,47.80721,5687.1,0,0.7784526,0,-0.6277034;
racing,killCuboid,1.3,20,41,2177.775,48.60001,5777.506,0,0.6365181,0,0.7712618;
racing,killCuboid,1.3,20,41,2074.453,48.13326,5847.463,0,0.6333337,0,0.7738788;
racing,killCuboid,1.3,20,41,1894.632,45.41929,5700.512,0,0.994625,0,0.1035424;
racing,killCuboid,1.3,20,25,2246.35,47.72601,6004.094,0,0.09932792,0,-0.9950548;
racing,killCuboid,1.3,20,25,2289.455,47.59341,6135.203,0,0.6312428,0,0.7755854;
racing,killCuboid,1.3,20,50,2393.694,46.1525,5749.161,0,0.9943124,0,0.1065034;
racing,killCuboid,1,20,64,2473.415,48.17992,5840.188,0,0.1022059,0,-0.9947633;
custom,cuboid,metal1,1,20,20,0,1,1,1,1.0,1.0,2632.067,46.75081,6345.823,0,0.7756017,0,-0.6312226;
custom,cuboid,metal1,1,20,20,0,1,1,1,1,1.0,2309.701,44.63345,6666.946,0,0.7735469,0,-0.6337391;
custom,cuboid,metal1,1,20,50,0,1,1,1,1,1.0,2382.322,45.99284,6796.63,0,0.7773309,0,-0.6290919;
custom,cuboid,metal1,1,20,50,0,1,1,1,1,1.0,2675.691,46.68647,6611.333,0,0.9951722,0,0.09814408;
custom,cuboid,metal1,1,20,21,0,1,1,1,1.0,1.0,2341.986,46.45172,6475.056,-0.009630618,0.777819,0.007517066,-0.6283697;
custom,cuboid,metal1,1,20,20,0,1,1,1,1.0,1.0,2421.679,45.71853,6592.303,0,0.9955907,0,0.09380341;
custom,cuboid,metal1,1,20,20,0,1,1,1,1.0,1.0,1394.782,42.49389,5518.774,0,0.624887,0,0.7807152;
custom,cuboid,metal1,1,20,85,0,1,1,1,1.0,1.0,1201.961,42.39876,5907.488,0,0.9939914,0,0.109458;
custom,cuboid,metal1,1,20,20,0,1,1,1,1.0,1.0,1017.885,42.48676,6295.839,0,0.6201285,0,0.7845003;
custom,cuboid,metal1,1,20,30,0,1,1,1,1.0,1.0,892.3734,42.56506,6424.626,0,0.9941733,0,0.1077931;
custom,cuboid,metal1,1,20,100,0,1,1,1,1.0,1.0,1345.832,42.1414,6673.14,0,0.7815647,0,-0.6238243;
custom,cuboid,metal1,150,1,150,0,1,1,1,1.0,1.0,1418.221,-55.03031,7507.326,0,0.7765693,0,-0.6300318;
custom,cuboid,metal1,1,20,40,0,1,1,1,1.0,1.0,1945.989,42.12696,6907.31,0,0.9950454,0,0.09942156;
custom,cuboid,metal1,1,20,30,0,1,1,1,1.0,1.0,1799.202,42.0588,6925.1,0,0.9946859,0,0.1029563;
custom,cuboid,metal1,1,20,15,0,1,1,1,1.0,1.0,1877.079,143.5606,6896.573,-0.001615493,0.7713401,0.001332916,-0.6364198;
custom,cuboid,metal1,1,20,15,0,1,1,1,1.0,1.0,1839.265,42.0156,7081,0,0.7741737,0,-0.6329733;
custom,cuboid,metal1,15,1,120,0,1,1,1,1.0,1.0,1723.404,137.4066,7665.259,0,0.9952667,0,0.09718207;
custom,cuboid,metal1,15,1,100,0,1,1,1,1.0,1.0,1204.935,137.3422,8097.474,0,0.7725995,0,-0.6348938;
custom,cuboid,metal1,15,1,30,0,1,1,1,1.0,1.0,831.2656,137.3705,7798.551,0,0.09913155,0,-0.9950744;
custom,cuboid,metal1,15,20,1,0,1,1,1,1.0,1.0,859.9268,42.28002,7656.404,0,0.09914226,0,-0.9950733;
custom,cuboid,metal1,1,10,20,0,1,1,1,1.0,1.0,1928.755,191.9555,6993.129,0,0.9948943,0,0.1009222;
custom,cuboid,metal1,1,10,20,0,1,1,1,1.0,1.0,1790.88,192.2634,6968.012,0,0.99445,0,0.1052106;
custom,cuboid,metal1,15,1,20,0,1,1,1,1.0,1.0,1860.594,237.2493,6981.371,0,0.9955572,0,0.09415804;
custom,cylinder,metal1,2,5,2,0,1,1,1,1.0,1.0,1887.177,182.4375,7273.217,0,0.7762483,0,-0.6304274;
custom,cylinder,metal1,2,5,2,0,1,1,1,1.0,1.0,1721.353,182.5335,7238.282,0,0.6321054,0,0.7748825;
custom,cylinder,metal1,2,5,2,0,1,1,1,1.0,1.0,1628.364,181.904,7709.02,0,0.6370561,0,0.7708175;
custom,cylinder,metal1,2,5,2,0,1,1,1,1.0,1.0,1794.556,182.6382,7744.024,0,0.7694563,0,-0.6386995;
custom,cylinder,metal1,2,5,2,0,1,1,1,1.0,1.0,1554.76,182.4297,8079.442,0,0.2401572,0,0.970734;
custom,cylinder,metal1,2,5,2,0,1,1,1,1.0,1.0,1684.539,181.7358,8277.804,0,0.9514095,0,-0.3079287;
custom,cylinder,metal1,2,5,2,0,1,1,1,1.0,1.0,1722.414,182.759,8111.552,0,0.764046,0,-0.6451617;
custom,cylinder,metal1,2,5,2,0,1,1,1,1.0,1.0,1523.452,182.59,8247.256,0,0.9971519,0,0.07541946;
custom,cylinder,metal1,2,5,2,0,1,1,1,1.0,1.0,1219.78,182.7314,8013.268,0,0.09513551,0,-0.9954643;
custom,cylinder,metal1,2,5,2,0,1,1,1,1.0,1.0,1186.675,182.4153,8180.907,0,0.9956677,0,0.09298316;
custom,cylinder,metal1,2,5,2,0,1,1,1,1.0,1.0,888.5681,182.1561,7948.338,0,0.4727683,0,-0.8811868;
custom,cylinder,metal1,2,5,2,0,1,1,1,1.0,1.0,691.9623,182.4319,8081.063,0,0.8932389,0,0.4495823;
custom,cylinder,metal1,2,5,2,0,1,1,1,1.0,1.0,852.2646,182.4099,8114.56,0,0.9950227,0,0.09964907;
custom,cylinder,metal1,2,5,2,0,1,1,1,1.0,1.0,720.1299,182.5795,7918.401,0,0.6415159,0,0.7671098;
custom,cuboid,metal1,20,1,130,0,1,1,1,1.0,1.0,1727.651,237.3492,7642.22,0,0.0981801,0,-0.9951687;
custom,cuboid,metal1,20,1,90,0,1,1,1,1.0,1.0,1132.5,237.2702,8079.788,0,0.774767,0,-0.6322469;
custom,cylinder,metal1,2,5,2,0,1,1,1,1.0,1.0,775.4985,183.1735,7644.047,0,0.6305835,0,0.7761214;
custom,cylinder,metal1,2,5,2,0,1,1,1,1.0,1.0,942.2865,183.0745,7678.422,0,0.7747673,0,-0.6322466;
custom,cuboid,metal1,19,1,50,0,1,1,1,1.0,1.0,849.9727,237.3955,7707.802,0,0.09562479,0,-0.9954175;
custom,cuboid,metal1,19,20,1,0,1,1,1,1.0,1.0,896.0848,141.7865,7467.021,0,0.09488419,0,-0.9954884;
custom,cuboid,metal1,1,30,47,0,1,1,1,1.0,1.0,823.2549,88.60894,7413.31,0,0.0918129,0,-0.9957764;
custom,cuboid,metal1,1,30,40,0,1,1,1,1.0,1.0,979.5691,92.47795,7481.138,0,0.105891,0,-0.9943778;
custom,cuboid,metal1,1,20,30,0,1,1,1,1.0,1.0,1017.386,41.66031,7209.788,0,0.7704087,0,-0.6375504;
custom,cuboid,metal1,1,20,60,0,1,1,1,1.0,1.0,1103.233,41.73391,7530.033,0,0.9958026,0,0.09152705;
custom,cuboid,metal1,1,20,18,0,1,1,1,1.0,1.0,992.6671,41.21599,7801.849,0,0.6398388,0,0.7685092;
custom,cuboid,metal1,1,20,50,0,1,1,1,1.0,1.0,1502.609,40.59339,7110.674,0,0.6380174,0,0.770022;
custom,cuboid,metal1,1,20,40,0,1,1,1,1.0,1.0,1589.401,40.75799,7034.124,0,0.7684267,0,-0.6399378;
custom,cuboid,metal1,1,20,31,0,1,1,1,1.0,1.0,1424.508,40.97352,6850.853,0,0.08985321,0,-0.995955;
custom,cuboid,metal1,1,20,31,0,1,1,1,1.0,1.0,1319.461,41.79233,6923.684,0,0.09425424,0,-0.9955482;
custom,cuboid,metal1,1,20,31,0,1,1,1,1.0,1.0,1200.218,41.43546,6747.498,0,0.6360428,0,0.7716538;
custom,cuboid,metal1,1,20,31,0,1,1,1,1.0,1.0,1026.616,41.44722,6866.61,0,0.9961302,0,0.08788993;
custom,cuboid,metal1,1,20,31,0,1,1,1,1.0,1.0,1147.924,41.38391,7043.445,0,0.6367057,0,0.771107;
custom,cuboid,metal1,1,20,50,0,1,1,1,1.0,1.0,945.6526,42.30387,6836.411,0,0.995467,0,0.0951075;
custom,cuboid,metal1,1,20,55,0,1,1,1,1.0,1.0,1161.082,42.62757,7145.312,0,0.7806082,0,-0.6250206;
custom,cuboid,metal1,1,20,40,0,1,1,1,1.0,1.0,1523.217,40.99754,7323.093,0,0.9951045,0,0.09882825;
custom,cuboid,metal1,1,20,31,0,1,1,1,1.0,1.0,1394.867,42.44791,7351.592,0,0.09996783,0,-0.9949907;
custom,cuboid,metal1,1,20,17,0,1,1,1,1.0,1.0,1519.611,40.87141,7528.625,0,0.7686259,0,-0.6396986;
custom,cuboid,metal1,1,20,17,0,1,1,1,1.0,1.0,1331.588,41.66277,7492.629,0,0.7725916,0,-0.6349034;
custom,cuboid,metal1,0.5,10,5,0,1,1,1,1.0,1.0,1421.867,-33.2151,7512.133,0,0.7771173,0,-0.6293559;
custom,cuboid,metal1,0.5,10,5,0,1,1,1,1.0,1.0,1422.591,91.15852,7512.295,0,0.7798135,0,-0.6260119;
custom,cuboid,metal1,1,20,30,0,1,1,1,1.0,1.0,1565.689,41.42842,7690.507,0,0.994743,0,0.1024026;
custom,cuboid,metal1,1,20,30,0,1,1,1,1.0,1.0,1227.321,41.69307,7621.51,0,0.9960971,0,0.08826394;
custom,cuboid,metal1,1,20,40,0,1,1,1,1.0,1.0,1370.32,40.58877,7802.284,0,0.7703666,0,-0.6376013;
custom,cuboid,metal1,1,20,38,0,1,1,1,1.0,1.0,1412.539,42.6359,7596.589,0,0.6380017,0,0.770035;
racing,checkpointCuboid,5,5,5,1406.113,21.24679,7613.236,0,0.09272992,0,-0.9956913;
racing,killCuboid,5,5,0.2,1410.43,21.21924,7590.244,0,0.09308365,0,-0.9956583;
racing,endSphere,3,3,3,1368.674,-56.20739,7777.124,0,0.09984035,0,-0.9950035;
racing,killCuboid,2,35,95,1647.046,62.51991,7626.237,0,0.09540409,0,-0.9954386;
racing,killCuboid,2,35,125,1800.987,66.56023,7702.234,0,0.9952743,0,0.09710425;
racing,killCuboid,2,35,103,1172.395,65.68613,8174.375,0,0.634294,0,0.773092;
racing,killCuboid,2,35,70,1216.387,66.35204,8013.313,0,0.7716252,0,-0.6360775;
racing,killCuboid,2,35,48,731.6025,63.06709,7879.637,0,0.9952165,0,0.09769367;
racing,killCuboid,2,35,18,898.2401,62.97869,7872.182,0,0.9951988,0,0.09787454;
racing,killCuboid,2,10,10,925.2478,190.9487,7734.701,0,0.09414193,0,-0.9955588;
racing,killCuboid,2,10,10,1746.872,191.4584,7112.042,0,0.09809148,0,-0.9951774;
misc,barrier,40,1,100,1180.852,138.5746,6012.783,0,0.1030297,0,-0.9946783;
misc,barrier,34,1,130,1510.12,138.0391,6643.843,0,0.7802472,0,-0.6254714;
misc,barrier,55,1,55,2458.896,138.0069,6570.561,0,0.9956688,0,0.09297189;
racing,checkpointCuboid,2,2,2,1138.557,-39.44788,7248.326,0,0.9959733,0,0.08964998;
misc,barrier,77,1,85,1309.408,136.3005,7168.808,0,0.631287,0,0.7755494;
racing,killCuboid,20,1.3,121,1743.282,136.7292,7681.503,0,0.9952289,0,0.0975678;
racing,killCuboid,18,1.3,85,1130.553,136.3374,8083.585,0,0.7731837,0,-0.6341822;
racing,killCuboid,18,1.3,27,833.4265,136.3732,7794.528,0,0.9951121,0,0.09875192;
racing,killCuboid,18,1.3,123,1725.063,238.1854,7677.135,0,0.09862852,0,-0.9951243;
racing,killCuboid,18,1.3,86,1115.23,238.5283,8073.796,0,0.7762241,0,-0.6304572;
racing,killCuboid,18,1.3,28,834.5645,238.4411,7779.678,0,0.9944413,0,0.1052921;
racing,killCuboid,18,1.3,115,1696.801,-56.13325,7728.709,0,0.9950045,0,0.09983029;
racing,killCuboid,18,1.3,82,1117.673,-55.98654,8080.337,0,0.7717193,0,-0.6359634;
racing,killCuboid,18,1.3,16,829.0731,-55.82018,7852.753,0,0.9952874,0,0.09696965;
custom,cylinder,metal1,2,10,2,0,1,1,1,1.0,1.0,888.7972,43.33712,7948.445,0,0.6283662,0,0.7779177;
custom,cylinder,metal1,2,10,2,0,1,1,1,1.0,1.0,1554.922,33.05684,8079.388,0,0.7793478,0,-0.6265916;
custom,torus,metal1,3,1,3,0,1,1,1,1.0,1.0,1368.266,-49.90908,7774.838,0,0.7865,0,-0.6175902;
custom,tube,metal1,2,0.1,2,1,0,0,0,1.0,1.0,1328.386,78.99673,7788.582,-0.707481,0.06873007,-0.05440664,-0.7012751;
custom,tube,metal1,2,0.1,2,1,0,0,0,1.0,1.0,1328.131,58.82219,7788.641,-0.7271959,0.06391635,-0.06835029,-0.6800215;
custom,cuboid,metal1,0.5,4.5,0.5,1,0,0,0,1.0,1.0,1318.839,69.5802,7789.134,0,0.1174786,0,-0.9930754;
custom,cuboid,metal1,0.3,2,0.3,1,0,0,0,1.0,1.0,1349.779,75.62643,7792.957,-0.1711909,0.7455579,-0.2095669,-0.6090311;
custom,cuboid,metal1,0.3,2,0.3,1,0,0,0,1.0,1.0,1360.563,76.0901,7795.363,0.148061,0.7614056,0.1870192,-0.6027963;
custom,cuboid,metal1,0.3,2,0.3,1,0,0,0,1.0,1.0,1355.284,57.87631,7795.247,0,0.07427846,0,-0.9972376;
custom,cuboid,default,0.2,0.2,2,1,0,0.75,0.4318182,1.0,1.0,1345.672,27.48817,7791.586,-0.5776073,0.3256698,-0.6984007,-0.2693425;
custom,cuboid,default,0.2,0.2,2,1,0,0.75,0.4318182,1.0,1.0,1359.744,26.75172,7794.446,-0.2225965,0.7231181,-0.2703628,-0.5953614;
custom,cuboid,default,0.2,2,0.2,1,0,0.75,0.4318182,1.0,1.0,1352.043,9.97194,7792.9,0,0.0769297,0,-0.9970365;
custom,cuboid,default,0.2,3.5,0.2,0,1,1,1,1.0,1.0,1380.503,14.78948,7799.151,0.1969042,0.737415,0.2424498,-0.5988874;
custom,cuboid,default,2,0.2,0.1,0,1,1,1,1.0,1.0,1380.851,28.12263,7798.073,0,0.1043552,0,-0.9945401;
custom,cuboid,default,2,0.2,0.1,0,1,1,1,1.0,1.0,1380.467,1.418133,7798.094,0,0.09003945,0,-0.9959382;
racing,killCuboid,1,1,30,1810.349,6.654926,6685.844,0,0.1035852,0,-0.9946206;
racing,killCuboid,1,1,25,1504.982,44.16656,6586.249,0,0.1058034,0,-0.9943871;
racing,killCuboid,1,1,25,1279.427,63.37783,6533.533,0,0.1098416,0,-0.9939491;
racing,killCuboid,1,1,25,1228.278,67.86852,6156.872,0,0.775277,0,-0.6316214;
racing,killCuboid,1,1,25,1301.788,14.45345,5818.394,0,0.7780396,0,-0.6282152;
racing,killCuboid,1,1,11,1247.187,26.00535,6408.296,0,0.6213366,0,0.7835438;
racing,killCuboid,1,1,11,1062.411,-22.13687,6555.863,0,0.1060615,0,-0.9943596;
racing,killCuboid,1,1,18,1806.023,171.2714,7257.18,0,0.7781641,0,-0.6280611;
racing,killCuboid,1,1,18,1711.371,179.9242,7725.502,0,0.7678943,0,-0.6405766;
racing,killCuboid,1,1,18,1639.124,205.8977,8096.894,0,0.7643422,0,-0.6448109;
racing,killCuboid,1,1,18,1539.316,147.095,8164.938,0,0.1024089,0,-0.9947424;
racing,killCuboid,1,1,22,1620.567,179.0947,8179.774,0,0.2885625,0,0.9574611;
racing,killCuboid,1,1,18,1205.939,186.5707,8096.271,0,0.9952061,0,0.09780046;
racing,killCuboid,1,1,18,869.4921,212.9025,8031.938,0,0.106521,0,-0.9943105;
racing,killCuboid,1,1,18,804.9387,148.718,7931.281,0,0.7715512,0,-0.6361672;
racing,killCuboid,1,1,22,793.0264,182.4548,8012.562,0,0.4700249,0,-0.8826532;
racing,killCuboid,1,2,18,858.2398,164.0303,7662.123,0,0.6343593,0,0.7730384;
racing,killCuboid,1,2,18,859.3187,206.4646,7662.203,0,0.6332927,0,0.7739125;
racing,killCuboid,1,4,18,1812.359,43.91801,7192.644,0,0.7731041,0,-0.6342792;
custom,cuboid,metal3,1,20,30,0,1,1,1,1.0,1.0,-820.6034,252.453,976.5452,0,0.7245311,0,0.6892422;
custom,cuboid,metal3,1,20,30,0,1,1,1,1.0,1.0,-942.4352,262.5827,1067.136,0,0.9996322,0,-0.02712005;
custom,cuboid,metal3,1,20,30,0,1,1,1,1.0,1.0,-42.87568,295.5132,-7.074033,0,0.04016423,0,0.9991931;
custom,cuboid,metal3,1,20,30,0,1,1,1,1.0,1.0,155.0454,285.289,11.84031,0,0.02488818,0,0.9996902;
custom,cuboid,metal3,1,20,30,0,1,1,1,1.0,1.0,26.0051,263.5792,-137.6377,0,0.7247836,0,0.6889766;
custom,cuboid,metal3,20,2,120,0,1,1,1,1.0,1.0,-358.5757,352.807,1057.553,0,0.689522,0,-0.7242649;
custom,cuboid,metal3,1,2,20,0,1,1,1,1.0,1.0,-753.3886,180.4195,1047.225,0,0.9999745,0,-0.007142765;
custom,cuboid,lava1,1,20,150,0,1,1,1,1.0,1.0,-1206.463,259.6213,1512.488,0,0.02151054,0,0.9997686;
custom,cuboid,lava1,1,20,100,0,1,1,1,1.0,1.0,-1022.115,271.1382,1205.475,0,0.02137943,0,0.9997715;
custom,cuboid,lava1,1,20,150,0,1,1,1,1.0,1.0,-465.4766,258.3481,1856.103,0,0.7399483,0,0.6726638;
custom,cuboid,lava1,1,20,140,0,1,1,1,1.0,1.0,-307.5784,271.735,1658.539,0,0.6818112,0,-0.7315283;
custom,cuboid,lava1,1,20,50,0,1,1,1,1.0,1.0,616.2449,252.1404,1712.952,0,0.5420234,0,0.8403634;
custom,cuboid,lava1,1,20,40,0,1,1,1,1.0,1.0,460.7517,250.8647,1779.898,0,0.7022227,0,-0.7119573;
custom,cuboid,lava1,1,20,100,0,1,1,1,1.0,1.0,511.7345,241.0537,2266.632,0,0.1126617,0,-0.9936334;
custom,cuboid,lava1,1,20,110,0,1,1,1,1.0,1.0,612.0884,247.0309,2291.147,0,0.9891761,0,0.1467332;
custom,cuboid,lava1,1,20,20,0,1,1,1,1.0,1.0,-1136.056,263.3355,776.65,0,0.6961489,0,0.7178975;
custom,cuboid,lava1,20,1,150,0,1,1,1,1.0,1.0,-1105.834,355.4473,1518.617,0,0.01891479,0,0.9998211;
custom,cuboid,lava1,20,1,120,0,1,1,1,1.0,1.0,-430.0781,354.6712,1751.632,0,0.7395979,0,0.6730491;
custom,cuboid,lava1,20,1,50,0,1,1,1,1.0,1.0,353.2248,354.9216,1720.952,0,0.6886166,0,-0.7251256;
custom,cuboid,lava1,20,1,150,0,1,1,1,1.0,1.0,566.8636,346.1615,2238.301,0,0.123559,0,-0.9923372;
custom,cuboid,lava1,1,20,7,0,1,1,1,1.0,1.0,393.4877,245.3483,2784.763,0,0.9951285,0,0.09858704;
custom,cuboid,lava1,1,20,3,0,1,1,1,1.0,1.0,451.3047,243.2258,2821.161,0,0.9901845,0,0.1397667;
custom,cuboid,lava1,8,20,1,0,1,1,1,1.0,1.0,401.3222,244.8696,2906.812,0,0.9957455,0,0.09214587;
custom,cuboid,lava1,1,20,10,0,1,1,1,1.0,1.0,445.0921,246.3949,2865.783,0,0.9966825,0,0.08138808;
custom,cuboid,lava1,1,20,10,0,1,1,1,1.0,1.0,381.2263,242.9938,2846.383,0,0.9961276,0,0.08791938;
custom,cuboid,wood1,1,20,80,0,1,1,1,1.0,1.0,1119.543,245.925,3905.468,0,0.6054817,0,0.7958593;
custom,cuboid,wood1,1,20,100,0,1,1,1,1.0,1.0,1289.274,244.3149,3765.617,0,0.6121771,0,0.7907208;
custom,cuboid,wood1,1,20,111,0,1,1,1,1.0,1.0,1532.733,238.1935,4466.752,0,0.1053454,0,-0.9944357;
custom,cuboid,wood1,1,20,100,0,1,1,1,1.0,1.0,1425.089,245.9913,4506.158,0,0.9972926,0,0.07353602;
custom,cuboid,wood1,1,20,20,0,1,1,1,1.0,1.0,780.1232,238.1677,3720.47,0,0.1447209,0,-0.9894725;
custom,cuboid,wood1,1,20,20,0,1,1,1,1.0,1.0,1642.604,238.1462,3955.26,0,0.1058489,0,-0.9943823;
custom,cuboid,wood1,18,1,100,0,1,1,1,1.0,1.0,1261.736,343.2455,3848.055,0,0.6055733,0,0.7957896;
custom,cuboid,wood1,18,1,120,0,1,1,1,1.0,1.0,1463.926,343.1564,4574.756,0,0.0798929,0,-0.9968035;
custom,cuboid,wood1,7,20,1,0,1,1,1,1.0,1.0,1359.655,243.4262,5108.724,0,0.9962519,0,0.08649881;
custom,cuboid,wood1,1,20,12,0,1,1,1,1.0,1.0,1406.539,243.5062,5059.997,0,0.9952455,0,0.09739891;
custom,cuboid,wood1,1,20,12,0,1,1,1,1.0,1.0,1337.051,243.4506,5052.56,0,0.101765,0,-0.9948085;
map,disablebounds;
misc,barrier,99999999999999,1,9999999999999999,5.96707E+16,655.2915,-5.276225E+15,0,0.7375903,0,0.6752486;
misc,barrier,99999,1,99999,589151.9,608.2202,-37540.59,0,0.7301232,0,0.6833156;
misc,barrier,9999,1,9999,57374.95,495.808,1648.632,0,0.7073601,0,0.7068533;
custom,cuboid,metal3,7,1,15,0,1,1,1,1.0,1.0,164.5365,347.3693,1140.035,0,0.6575382,0,-0.7534212;
misc,barrier,10,1,50,-978.3914,166.1311,1191.257,0,0.02452693,0,0.9996992;
misc,barrier,30,1,60,-877.6716,160.6766,1436.597,0,0.9999372,0,-0.01121061;
misc,barrier,60,1,100,-1473.585,165.2014,1440.101,0,0.9998616,0,-0.0166372;
misc,barrier,80,1,100,-1625.088,164.3877,458.4388,0,0.9999288,0,0.01193716;
misc,barrier,20,1,80,-1133.714,166.4184,377.5746,0,-0.003152624,0,0.9999951;
misc,barrier,95,1,80,853.8773,139.0573,3244.115,0,0.1290912,0,-0.9916328;
misc,barrier,60,1,95,527.8632,142.7167,3432.047,0,0.9908398,0,0.1350428;
misc,barrier,20,1,40,902.1901,142.242,3949.112,0,0.6128953,0,0.7901642;
misc,barrier,3,1,20,769.5267,144.065,3703.539,0,0.9918885,0,0.1271109;
misc,barrier,19,1,60,1460.641,138.3857,5241.022,0,0.0967342,0,-0.9953102;
misc,barrier,19,1,50,1295.12,144.4218,5393.709,0,0.9960843,0,0.08840908;
misc,barrier,60,1,170,445.3537,190.8607,-94.35146,0,0.9993132,0,-0.03705528;
misc,barrier,50,1,75,-240.4621,190.8454,-394.4709,0,0.6984459,0,-0.715663;
misc,barrier,70,1,100,-372.9469,191.6309,257.8913,0,0.9993191,0,-0.03689672;
custom,cuboid,metal3,22,1,120,0,1,1,1,1.0,1.0,84.45245,358.5769,365.8466,0,0.9990969,0,-0.0424905;
custom,cuboid,metal3,3,1,10,0,1,1,1,1.0,1.0,41.07171,347.5216,1145.819,0,0.6659209,0,-0.7460224;
custom,cuboid,metal3,3,1,10,0,1,1,1,1.0,1.0,-58.99512,347.4067,1147.237,0,0.682048,0,-0.7313074;
misc,barrier,1,1,100,1464.176,141.3659,4507.296,0,0.08948111,0,-0.9959885;
racing,checkpointSphere,1,1,1,923.2577,-39.56473,3773.722,0,0.6543822,0,0.756164;
racing,killSphere,1,1,1,923.4653,-41.2448,3773.726,0,0.6543822,0,0.756164;
custom,cylinder,default,1,0.1,1,0,1,1,1,1.0,1.0,1545.562,-50.79287,4964.053,0,0.9530877,0,-0.3026942;
custom,cuboid,metal1,1,20,10,0,1,1,1,1.0,1.0,1541.683,33.33845,5058.294,0,0.6376706,0,0.7703092;
custom,cuboid,wood1,1,20,30,0,1,1,1,1.0,1.0,1594.525,242.8766,4271.247,0,0.6625804,0,0.7489908;
custom,cuboid,metal1,1,20,5,0,1,1,1,1.0,1.0,2353.724,39.32062,6279.457,0,0.77951,0,-0.6263899;
racing,checkpointCuboid,1,1,1,2298.521,-38.988,6454.428,0,0.09505981,0,-0.9954716;
racing,endCuboid,0.1,0.1,0.1,547.0681,16.92914,610.0233,0,0.02829791,0,0.9995996;
custom,pyramid,default,1,1,0,0,1,1,1,1.0,1.0,937.4598,-36.32545,3777.026,-0.5525156,0.4412784,0.4412783,0.5525154;
custom,cuboid,default,0.5,0,1,0,1,1,1,1.0,1.0,948.6911,-36.72077,3779.485,0,0.7854606,0,-0.6189117;