custom,cuboid,barriereditormat,7.5,0.05,4.25,1,.85,.85,.85,.015,.015,25.0,99.75,13.0,0,1,0,0;
custom,cuboid,default,0,0.5,0.5,1,1,1,1,1.0,1.0,0,100,2.5,0,1,0,0;
custom,cuboid,default,0,0.5,0.2,1,1,1,1,1.0,1.0,1,100,5,0,1,0,1;
custom,cuboid,default,0,0.5,0.6,1,1,1,1,1.0,1.0,2,100,8,0,1,0,0;
custom,cuboid,default,0,0.5,0.2,1,1,1,1,1.0,1.0,3,100,11,0,1,0,1;
custom,cuboid,default,0,0.5,0.8,1,1,1,1,1.0,1.0,4,100,15,0,1,0,0;
custom,cuboid,default,0,0.5,0.6,1,1,1,1,1.0,1.0,7,100,19,0,1,0,1;
custom,cuboid,default,0,0.5,0.6,1,1,1,1,1.0,1.0,10,100,16,0,1,0,0;
custom,cuboid,default,0,0.5,0.2,1,1,1,1,1.0,1.0,11,100,13,0,1,0,1;
custom,cuboid,default,0,0.5,0.2,1,1,1,1,1.0,1.0,15,100,13,0,1,0,1;
custom,cuboid,default,0,0.5,0.4,1,1,1,1,1.0,1.0,16,100,15,0,1,0,0;
custom,cuboid,default,0,0.5,0.7,1,1,1,.5,1.0,1.0,19.5,100,17,0,1,0,1;
custom,cuboid,default,0,0.5,0.4,1,1,1,1,1.0,1.0,23,100,15,0,1,0,0;
custom,cuboid,default,0,0.5,0.3,1,1,1,1,1.0,1.0,24.5,100,13,0,1,0,1;
custom,cuboid,default,0,0.5,.9,1,1,1,1,1.0,1.0,26,100,8.5,0,1,0,0;
custom,cuboid,default,0,0.5,.5,1,1,1,.5,1.0,1.0,23.5,100,4,0,1,0,1;
custom,cuboid,default,0,0.5,.7,1,1,1,1,1.0,1.0,17.6,100,4,0,1,0,1;
custom,cuboid,default,0,0.5,.2,1,1,1,1,1.0,1.0,11,100,4,0,1,0,1;
custom,cuboid,default,0,0.5,.4,1,1,1,1,1.0,1.0,10,100.04,2,0,1,0,0;
custom,cuboid,default,0,0.5,1.0,1,1,1,1,1.0,1.0,5,100,0,0,0.7071068,0,0.7071068;
custom,cuboid,default,0,0.5,.4,1,1,1,1,1.0,1.0,21,100,13,0,1,0,1;
custom,cuboid,default,0,0.5,.4,1,.5,1,.5,1.0,1.0,21,100,11,0,1,0,0;
custom,cuboid,default,0,0.5,.4,1,1,.5,.5,1.0,1.0,21,100,6,0,1,0,0;
custom,cuboid,default,0,0.5,.3,1,1,1,1,1.0,1.0,3.5,100,7,0,1,0,1;
custom,cuboid,default,0,0.6,.3,1,1,1,1,1.0,1.0,3.5,100,5,0,1,0,1;
custom,cuboid,default,0,0.5,.2,1,1,1,1,1.0,1.0,5,100,7,0,1,0,0;
custom,cuboid,default,0,0.5,.2,1,1,1,1,1.0,1.0,5,100,10,0,1,0,0;
custom,cuboid,default,0,0.5,.1,1,1,1,1,1.0,1.0,4.5,100,11,0,1,0,1;
custom,cuboid,default,0,0.5,.2,1,1,1,1,1.0,1.0,17,100,13,0,1,0,1;
custom,cuboid,default,0,0.5,0.5,1,1,1,1,1.0,1.0,0,105,2.5,0,1,0,0;
custom,cuboid,default,0,0.5,0.2,1,1,1,1,1.0,1.0,1,105,5,0,1,0,1;
custom,cuboid,default,0,0.5,0.6,1,1,1,1,1.0,1.0,2,105,8,0,1,0,0;
custom,cuboid,default,0,0.5,0.2,1,1,.5,.5,1.0,1.0,3,105,23,0,1,0,1;
custom,cuboid,default,0,0.5,1.2,1,.5,.5,1,1.0,1.0,2,105,17,0,1,0,0;
custom,cuboid,default,0,0.5,0.6,1,1,1,1,1.0,1.0,7,105,23,0,1,0,1;
custom,cuboid,default,0,0.5,1,1,1,1,1,1.0,1.0,10,105,18,0,1,0,0;
custom,cuboid,default,0,0.5,0.6,1,1,.5,.5,1.0,1.0,13,105,13,0,1,0,1;
custom,cuboid,default,0,0.5,0.4,1,1,1,1,1.0,1.0,16,105,15,0,1,0,0;
custom,cuboid,default,0,0.5,0.7,1,1,1,.5,1.0,1.0,19.5,105,17,0,1,0,1;
custom,cuboid,default,0,0.5,0.4,1,1,1,1,1.0,1.0,26,105,15,0,1,0,0;
custom,cuboid,default,0,0.5,0.3,1,1,1,1,1.0,1.0,24.5,105,17,0,1,0,1;
custom,cuboid,default,0,0.5,.9,1,1,1,1,1.0,1.0,26,105,8.5,0,1,0,0;
custom,cuboid,default,0,0.5,.5,1,1,1,.5,1.0,1.0,23.5,105,4,0,1,0,1;
custom,cuboid,default,0,0.5,.7,1,1,1,1,1.0,1.0,17.6,105,4,0,1,0,1;
custom,cuboid,default,0,0.5,.45,1,1,1,1,1.0,1.0,12,105,4,0,1,0,1;
custom,cuboid,default,0,0.5,.4,1,1,1,1,1.0,1.0,10,105,2,0,1,0,0;
custom,cuboid,default,0,0.5,1.0,1,1,1,1,1.0,1.0,5,105,0,0,1,0,1;
custom,cuboid,default,0,0.45,0.6,1,.5,.5,.5,1.0,1.0,5,105.25,5,0,1,0,1;
custom,cuboid,default,0,0.45,1.4,1,.5,.5,.5,1.0,1.0,8,105.25,12,0,1,0,0;
custom,cuboid,default,0,0.45,.3,1,.5,.5,.5,1.0,1.0,6.5,105.25,19,0,1,0,1;
custom,cuboid,default,0,0.45,.2,1,.5,.5,.5,1.0,1.0,3,105.25,19,0,1,0,1;
custom,cuboid,default,0,0.45,.3,1,.5,.5,.5,1.0,1.0,6.5,105.25,8,0,1,0,1;
custom,cuboid,default,0,0.45,.3,1,.5,.5,.5,1.0,1.0,5,105.25,9.5,0,1,0,0;
custom,cuboid,default,0,0.45,.3,1,.5,.5,.5,1.0,1.0,5.5,105.25,11,0,1,0,1;
custom,cuboid,default,0,0.45,.1,1,.5,.5,.5,1.0,1.0,2.5,105.25,11,0,1,0,1;
custom,cuboid,default,0,0.45,.4,1,.5,.5,.5,1.0,1.0,18,105.25,9,0,1,0,0;
custom,cuboid,default,0,0.45,.8,1,.5,.5,.5,1.0,1.0,22,105.25,11,0,1,0,1;
custom,cuboid,default,0,0.45,.5,1,.5,.5,.5,1.0,1.0,18.5,105.25,13,0,1,0,1;
custom,cuboid,default,0,0.45,.3,1,.5,.5,.5,1.0,1.0,21,105.25,15.5,0,1,0,0;
custom,cuboid,default,0,0.45,.2,1,.5,.5,.5,1.0,1.0,18,105.25,5,0,1,0,0;
custom,cuboid,default,0,0.45,.1,1,.5,.5,.5,1.0,1.0,18,105.25,12.5,0,1,0,0;
custom,cuboid,default,.8,0.033,1.8,1,1,1,1,1.0,1.0,6,103,14,0,1,0,0;
custom,cuboid,default,.2,0.033,.3,1,1,1,1,1.0,1.0,9,103,3.5,0,1,0,0;
custom,cuboid,default,.6,0.033,.2,1,1,1,1,1.0,1.0,13,103,5,0,1,0,0;
custom,cuboid,default,.2,0.033,.9,1,1,1,1,1.0,1.0,17,103,8.5,0,1,0,0;
custom,cuboid,default,.8,0.033,.7,1,1,1,1,1.0,1.0,22,103,7.5,0,1,0,0;
custom,cuboid,default,.8,0.033,.6,1,1,1,1,1.0,1.0,22,103,14,0,1,0,0;
custom,cuboid,default,.2,0.033,.4,1,1,1,1,1.0,1.0,17,103,15,0,1,0,0;
custom,cuboid,default,.2,0.025,.1,1,1,1,1,1.0,1.0,13,100.125,6.5,0,1,0,0;
custom,cuboid,default,.1,0.025,.3,1,1,1,1,1.0,1.0,12.5,100.125,8.5,0,1,0,0;
custom,cuboid,default,.2,0.025,.1,1,1,1,1,1.0,1.0,13,100.125,10.5,0,1,0,0;
custom,cuboid,default,.2,0.075,.025,1,1,1,1,1.0,1.0,13,100.5,6.125,0,1,0,0;
custom,cuboid,default,.1,0.025,.3,1,1,1,1,1.0,1.0,12.5,100.125,8.5,0,1,0,0;
custom,cuboid,default,.025,0.075,.5,1,1,1,1,1.0,1.0,12.125,100.5,8.5,0,1,0,0;
custom,cuboid,default,.2,0.075,.025,1,1,1,1,1.0,1.0,13,100.5,10.875,0,1,0,0;
custom,cuboid,default,0.089,0.016,0.064,1,0.5,0.5,0.5,1,1,13.5,100.33,6.625,0,1,0,0;
custom,cuboid,default,0.089,0.016,0.064,1,0.5,0.5,0.5,1,1,13.5,100.42,6.625,0,1,0,0;
custom,cuboid,default,0.009,0.016,0.064,1,0.5,0.5,0.5,1,1,13.055,100.375,6.625,1,1,0,0;
custom,cuboid,default,0.009,0.016,0.064,1,0.5,0.5,0.5,1,1,13.945,100.375,6.625,1,1,0,0;
custom,cuboid,default,0.089,0.016,0.009,1,0.5,0.5,0.5,1,1,13.5,100.375,6.945,0,1,1,0;
custom,cuboid,default,0.089,0.016,0.009,1,0.5,0.5,0.5,1,1,13.5,100.375,6.305,0,1,1,0;
custom,cylinder,default,0.016,0.0045,0.016,1,0.5,0.5,0.5,1,1,13.945,100.375,6.305,0,1,0,0;
custom,cylinder,default,0.016,0.0045,0.016,1,0.5,0.5,0.5,1,1,13.055,100.375,6.305,0,1,0,0;
custom,cylinder,default,0.016,0.0045,0.016,1,0.5,0.5,0.5,1,1,13.055,100.375,6.945,0,1,0,0;
custom,cylinder,default,0.016,0.0045,0.016,1,0.5,0.5,0.5,1,1,13.945,100.375,6.945,0,1,0,0;
custom,cylinder,default,0.016,0.0445,0.016,1,0.5,0.5,0.5,1,1,13.5,100.42,6.305,1,1,0,0;
custom,cylinder,default,0.016,0.0445,0.016,1,0.5,0.5,0.5,1,1,13.5,100.42,6.945,1,1,0,0;
custom,cylinder,default,0.016,0.0445,0.016,1,0.5,0.5,0.5,1,1,13.5,100.33,6.305,1,1,0,0;
custom,cylinder,default,0.016,0.0445,0.016,1,0.5,0.5,0.5,1,1,13.5,100.33,6.945,1,1,0,0;
custom,cylinder,default,0.016,0.032,0.016,1,0.5,0.5,0.5,1,1,13.055,100.42,6.625,0,1,1,0;
custom,cylinder,default,0.016,0.032,0.016,1,0.5,0.5,0.5,1,1,13.945,100.42,6.625,0,1,1,0;
custom,cylinder,default,0.016,0.032,0.016,1,0.5,0.5,0.5,1,1,13.055,100.33,6.625,0,1,1,0;
custom,cylinder,default,0.016,0.032,0.016,1,0.5,0.5,0.5,1,1,13.945,100.33,6.625,0,1,1,0;
custom,sphere,default,0.014800000000000002,0.014800000000000002,0.014800000000000002,1,0.5,0.5,0.5,1,1,13.949160000000001,100.3164,6.936920000000001,0,1,0,0;
custom,sphere,default,0.014800000000000002,0.014800000000000002,0.014800000000000002,1,0.5,0.5,0.5,1,1,13.949160000000001,100.3164,6.29692,0,1,0,0;
custom,sphere,default,0.014800000000000002,0.014800000000000002,0.014800000000000002,1,0.5,0.5,0.5,1,1,13.05916,100.3164,6.936920000000001,0,1,0,0;
custom,sphere,default,0.014800000000000002,0.014800000000000002,0.014800000000000002,1,0.5,0.5,0.5,1,1,13.05916,100.3164,6.29692,0,1,0,0;
custom,sphere,default,0.014800000000000002,0.014800000000000002,0.014800000000000002,1,0.5,0.5,0.5,1,1,13.949160000000001,100.4064,6.936920000000001,0,1,0,0;
custom,sphere,default,0.014800000000000002,0.014800000000000002,0.014800000000000002,1,0.5,0.5,0.5,1,1,13.949160000000001,100.4064,6.29692,0,1,0,0;
custom,sphere,default,0.014800000000000002,0.014800000000000002,0.014800000000000002,1,0.5,0.5,0.5,1,1,13.05916,100.4064,6.936920000000001,0,1,0,0;
custom,sphere,default,0.014800000000000002,0.014800000000000002,0.014800000000000002,1,0.5,0.5,0.5,1,1,13.05916,100.4064,6.29692,0,1,0,0;
custom,cuboid,default,0.064,0.016,0.064,1,0.5,0.5,0.5,1,1,12.625,100.33,6.625,0,1,0,0;
custom,cuboid,default,0.064,0.016,0.064,1,0.5,0.5,0.5,1,1,12.625,100.42,6.625,0,1,0,0;
custom,cuboid,default,0.009,0.016,0.064,1,0.5,0.5,0.5,1,1,12.305,100.375,6.625,1,1,0,0;
custom,cuboid,default,0.009,0.016,0.064,1,0.5,0.5,0.5,1,1,12.945,100.375,6.625,1,1,0,0;
custom,cuboid,default,0.064,0.016,0.009,1,0.5,0.5,0.5,1,1,12.625,100.375,6.945,0,1,1,0;
custom,cuboid,default,0.064,0.016,0.009,1,0.5,0.5,0.5,1,1,12.625,100.375,6.305,0,1,1,0;
custom,cylinder,default,0.016,0.0045,0.016,1,0.5,0.5,0.5,1,1,12.945,100.375,6.305,0,1,0,0;
custom,cylinder,default,0.016,0.0045,0.016,1,0.5,0.5,0.5,1,1,12.305,100.375,6.305,0,1,0,0;
custom,cylinder,default,0.016,0.0045,0.016,1,0.5,0.5,0.5,1,1,12.305,100.375,6.945,0,1,0,0;
custom,cylinder,default,0.016,0.0045,0.016,1,0.5,0.5,0.5,1,1,12.945,100.375,6.945,0,1,0,0;
custom,cylinder,default,0.016,0.032,0.016,1,0.5,0.5,0.5,1,1,12.625,100.42,6.305,1,1,0,0;
custom,cylinder,default,0.016,0.032,0.016,1,0.5,0.5,0.5,1,1,12.625,100.42,6.945,1,1,0,0;
custom,cylinder,default,0.016,0.032,0.016,1,0.5,0.5,0.5,1,1,12.625,100.33,6.305,1,1,0,0;
custom,cylinder,default,0.016,0.032,0.016,1,0.5,0.5,0.5,1,1,12.625,100.33,6.945,1,1,0,0;
custom,cylinder,default,0.016,0.032,0.016,1,0.5,0.5,0.5,1,1,12.305,100.42,6.625,0,1,1,0;
custom,cylinder,default,0.016,0.032,0.016,1,0.5,0.5,0.5,1,1,12.945,100.42,6.625,0,1,1,0;
custom,cylinder,default,0.016,0.032,0.016,1,0.5,0.5,0.5,1,1,12.305,100.33,6.625,0,1,1,0;
custom,cylinder,default,0.016,0.032,0.016,1,0.5,0.5,0.5,1,1,12.945,100.33,6.625,0,1,1,0;
custom,sphere,default,0.014800000000000002,0.014800000000000002,0.014800000000000002,1,0.5,0.5,0.5,1,1,12.949160000000001,100.3164,6.936920000000001,0,1,0,0;
custom,sphere,default,0.014800000000000002,0.014800000000000002,0.014800000000000002,1,0.5,0.5,0.5,1,1,12.949160000000001,100.3164,6.29692,0,1,0,0;
custom,sphere,default,0.014800000000000002,0.014800000000000002,0.014800000000000002,1,0.5,0.5,0.5,1,1,12.30916,100.3164,6.936920000000001,0,1,0,0;
custom,sphere,default,0.014800000000000002,0.014800000000000002,0.014800000000000002,1,0.5,0.5,0.5,1,1,12.30916,100.3164,6.29692,0,1,0,0;
custom,sphere,default,0.014800000000000002,0.014800000000000002,0.014800000000000002,1,0.5,0.5,0.5,1,1,12.949160000000001,100.4064,6.936920000000001,0,1,0,0;
custom,sphere,default,0.014800000000000002,0.014800000000000002,0.014800000000000002,1,0.5,0.5,0.5,1,1,12.949160000000001,100.4064,6.29692,0,1,0,0;
custom,sphere,default,0.014800000000000002,0.014800000000000002,0.014800000000000002,1,0.5,0.5,0.5,1,1,12.30916,100.4064,6.936920000000001,0,1,0,0;
custom,sphere,default,0.014800000000000002,0.014800000000000002,0.014800000000000002,1,0.5,0.5,0.5,1,1,12.30916,100.4064,6.29692,0,1,0,0;
custom,cuboid,default,0.064,0.016,0.089,1,0.5,0.5,0.5,1,1,12.625,100.33,7.5,0,1,0,0;
custom,cuboid,default,0.064,0.016,0.089,1,0.5,0.5,0.5,1,1,12.625,100.42,7.5,0,1,0,0;
custom,cuboid,default,0.009,0.016,0.089,1,0.5,0.5,0.5,1,1,12.305,100.375,7.5,1,1,0,0;
custom,cuboid,default,0.009,0.016,0.089,1,0.5,0.5,0.5,1,1,12.945,100.375,7.5,1,1,0,0;
custom,cuboid,default,0.064,0.016,0.009,1,0.5,0.5,0.5,1,1,12.625,100.375,7.945,0,1,1,0;
custom,cuboid,default,0.064,0.016,0.009,1,0.5,0.5,0.5,1,1,12.625,100.375,7.055,0,1,1,0;
custom,cylinder,default,0.016,0.0045,0.016,1,0.5,0.5,0.5,1,1,12.945,100.375,7.055,0,1,0,0;
custom,cylinder,default,0.016,0.0045,0.016,1,0.5,0.5,0.5,1,1,12.305,100.375,7.055,0,1,0,0;
custom,cylinder,default,0.016,0.0045,0.016,1,0.5,0.5,0.5,1,1,12.305,100.375,7.945,0,1,0,0;
custom,cylinder,default,0.016,0.0045,0.016,1,0.5,0.5,0.5,1,1,12.945,100.375,7.945,0,1,0,0;
custom,cylinder,default,0.016,0.032,0.016,1,0.5,0.5,0.5,1,1,12.625,100.42,7.055,1,1,0,0;
custom,cylinder,default,0.016,0.032,0.016,1,0.5,0.5,0.5,1,1,12.625,100.42,7.945,1,1,0,0;
custom,cylinder,default,0.016,0.032,0.016,1,0.5,0.5,0.5,1,1,12.625,100.33,7.055,1,1,0,0;
custom,cylinder,default,0.016,0.032,0.016,1,0.5,0.5,0.5,1,1,12.625,100.33,7.945,1,1,0,0;
custom,cylinder,default,0.016,0.0445,0.016,1,0.5,0.5,0.5,1,1,12.305,100.42,7.5,0,1,1,0;
custom,cylinder,default,0.016,0.0445,0.016,1,0.5,0.5,0.5,1,1,12.945,100.42,7.5,0,1,1,0;
custom,cylinder,default,0.016,0.0445,0.016,1,0.5,0.5,0.5,1,1,12.305,100.33,7.5,0,1,1,0;
custom,cylinder,default,0.016,0.0445,0.016,1,0.5,0.5,0.5,1,1,12.945,100.33,7.5,0,1,1,0;
custom,sphere,default,0.014800000000000002,0.014800000000000002,0.014800000000000002,1,0.5,0.5,0.5,1,1,12.949160000000001,100.3164,7.936920000000001,0,1,0,0;
custom,sphere,default,0.014800000000000002,0.014800000000000002,0.014800000000000002,1,0.5,0.5,0.5,1,1,12.949160000000001,100.3164,7.04692,0,1,0,0;
custom,sphere,default,0.014800000000000002,0.014800000000000002,0.014800000000000002,1,0.5,0.5,0.5,1,1,12.30916,100.3164,7.936920000000001,0,1,0,0;
custom,sphere,default,0.014800000000000002,0.014800000000000002,0.014800000000000002,1,0.5,0.5,0.5,1,1,12.30916,100.3164,7.04692,0,1,0,0;
custom,sphere,default,0.014800000000000002,0.014800000000000002,0.014800000000000002,1,0.5,0.5,0.5,1,1,12.949160000000001,100.4064,7.936920000000001,0,1,0,0;
custom,sphere,default,0.014800000000000002,0.014800000000000002,0.014800000000000002,1,0.5,0.5,0.5,1,1,12.949160000000001,100.4064,7.04692,0,1,0,0;
custom,sphere,default,0.014800000000000002,0.014800000000000002,0.014800000000000002,1,0.5,0.5,0.5,1,1,12.30916,100.4064,7.936920000000001,0,1,0,0;
custom,sphere,default,0.014800000000000002,0.014800000000000002,0.014800000000000002,1,0.5,0.5,0.5,1,1,12.30916,100.4064,7.04692,0,1,0,0;
custom,cuboid,default,0.064,0.016,0.089,1,0.5,0.5,0.5,1,1,12.625,100.33,8.5,0,1,0,0;
custom,cuboid,default,0.064,0.016,0.089,1,0.5,0.5,0.5,1,1,12.625,100.42,8.5,0,1,0,0;
custom,cuboid,default,0.009,0.016,0.089,1,0.5,0.5,0.5,1,1,12.305,100.375,8.5,1,1,0,0;
custom,cuboid,default,0.009,0.016,0.089,1,0.5,0.5,0.5,1,1,12.945,100.375,8.5,1,1,0,0;
custom,cuboid,default,0.064,0.016,0.009,1,0.5,0.5,0.5,1,1,12.625,100.375,8.945,0,1,1,0;
custom,cuboid,default,0.064,0.016,0.009,1,0.5,0.5,0.5,1,1,12.625,100.375,8.055,0,1,1,0;
custom,cylinder,default,0.016,0.0045,0.016,1,0.5,0.5,0.5,1,1,12.945,100.375,8.055,0,1,0,0;
custom,cylinder,default,0.016,0.0045,0.016,1,0.5,0.5,0.5,1,1,12.305,100.375,8.055,0,1,0,0;
custom,cylinder,default,0.016,0.0045,0.016,1,0.5,0.5,0.5,1,1,12.305,100.375,8.945,0,1,0,0;
custom,cylinder,default,0.016,0.0045,0.016,1,0.5,0.5,0.5,1,1,12.945,100.375,8.945,0,1,0,0;
custom,cylinder,default,0.016,0.032,0.016,1,0.5,0.5,0.5,1,1,12.625,100.42,8.055,1,1,0,0;
custom,cylinder,default,0.016,0.032,0.016,1,0.5,0.5,0.5,1,1,12.625,100.42,8.945,1,1,0,0;
custom,cylinder,default,0.016,0.032,0.016,1,0.5,0.5,0.5,1,1,12.625,100.33,8.055,1,1,0,0;
custom,cylinder,default,0.016,0.032,0.016,1,0.5,0.5,0.5,1,1,12.625,100.33,8.945,1,1,0,0;
custom,cylinder,default,0.016,0.0445,0.016,1,0.5,0.5,0.5,1,1,12.305,100.42,8.5,0,1,1,0;
custom,cylinder,default,0.016,0.0445,0.016,1,0.5,0.5,0.5,1,1,12.945,100.42,8.5,0,1,1,0;
custom,cylinder,default,0.016,0.0445,0.016,1,0.5,0.5,0.5,1,1,12.305,100.33,8.5,0,1,1,0;
custom,cylinder,default,0.016,0.0445,0.016,1,0.5,0.5,0.5,1,1,12.945,100.33,8.5,0,1,1,0;
custom,sphere,default,0.014800000000000002,0.014800000000000002,0.014800000000000002,1,0.5,0.5,0.5,1,1,12.949160000000001,100.3164,8.93692,0,1,0,0;
custom,sphere,default,0.014800000000000002,0.014800000000000002,0.014800000000000002,1,0.5,0.5,0.5,1,1,12.949160000000001,100.3164,8.04692,0,1,0,0;
custom,sphere,default,0.014800000000000002,0.014800000000000002,0.014800000000000002,1,0.5,0.5,0.5,1,1,12.30916,100.3164,8.93692,0,1,0,0;
custom,sphere,default,0.014800000000000002,0.014800000000000002,0.014800000000000002,1,0.5,0.5,0.5,1,1,12.30916,100.3164,8.04692,0,1,0,0;
custom,sphere,default,0.014800000000000002,0.014800000000000002,0.014800000000000002,1,0.5,0.5,0.5,1,1,12.949160000000001,100.4064,8.93692,0,1,0,0;
custom,sphere,default,0.014800000000000002,0.014800000000000002,0.014800000000000002,1,0.5,0.5,0.5,1,1,12.949160000000001,100.4064,8.04692,0,1,0,0;
custom,sphere,default,0.014800000000000002,0.014800000000000002,0.014800000000000002,1,0.5,0.5,0.5,1,1,12.30916,100.4064,8.93692,0,1,0,0;
custom,sphere,default,0.014800000000000002,0.014800000000000002,0.014800000000000002,1,0.5,0.5,0.5,1,1,12.30916,100.4064,8.04692,0,1,0,0;
custom,cuboid,default,0.064,0.016,0.089,1,0.5,0.5,0.5,1,1,12.625,100.33,9.5,0,1,0,0;
custom,cuboid,default,0.064,0.016,0.089,1,0.5,0.5,0.5,1,1,12.625,100.42,9.5,0,1,0,0;
custom,cuboid,default,0.009,0.016,0.089,1,0.5,0.5,0.5,1,1,12.305,100.375,9.5,1,1,0,0;
custom,cuboid,default,0.009,0.016,0.089,1,0.5,0.5,0.5,1,1,12.945,100.375,9.5,1,1,0,0;
custom,cuboid,default,0.064,0.016,0.009,1,0.5,0.5,0.5,1,1,12.625,100.375,9.945,0,1,1,0;
custom,cuboid,default,0.064,0.016,0.009,1,0.5,0.5,0.5,1,1,12.625,100.375,9.055,0,1,1,0;
custom,cylinder,default,0.016,0.0045,0.016,1,0.5,0.5,0.5,1,1,12.945,100.375,9.055,0,1,0,0;
custom,cylinder,default,0.016,0.0045,0.016,1,0.5,0.5,0.5,1,1,12.305,100.375,9.055,0,1,0,0;
custom,cylinder,default,0.016,0.0045,0.016,1,0.5,0.5,0.5,1,1,12.305,100.375,9.945,0,1,0,0;
custom,cylinder,default,0.016,0.0045,0.016,1,0.5,0.5,0.5,1,1,12.945,100.375,9.945,0,1,0,0;
custom,cylinder,default,0.016,0.032,0.016,1,0.5,0.5,0.5,1,1,12.625,100.42,9.055,1,1,0,0;
custom,cylinder,default,0.016,0.032,0.016,1,0.5,0.5,0.5,1,1,12.625,100.42,9.945,1,1,0,0;
custom,cylinder,default,0.016,0.032,0.016,1,0.5,0.5,0.5,1,1,12.625,100.33,9.055,1,1,0,0;
custom,cylinder,default,0.016,0.032,0.016,1,0.5,0.5,0.5,1,1,12.625,100.33,9.945,1,1,0,0;
custom,cylinder,default,0.016,0.0445,0.016,1,0.5,0.5,0.5,1,1,12.305,100.42,9.5,0,1,1,0;
custom,cylinder,default,0.016,0.0445,0.016,1,0.5,0.5,0.5,1,1,12.945,100.42,9.5,0,1,1,0;
custom,cylinder,default,0.016,0.0445,0.016,1,0.5,0.5,0.5,1,1,12.305,100.33,9.5,0,1,1,0;
custom,cylinder,default,0.016,0.0445,0.016,1,0.5,0.5,0.5,1,1,12.945,100.33,9.5,0,1,1,0;
custom,sphere,default,0.014800000000000002,0.014800000000000002,0.014800000000000002,1,0.5,0.5,0.5,1,1,12.949160000000001,100.3164,9.93692,0,1,0,0;
custom,sphere,default,0.014800000000000002,0.014800000000000002,0.014800000000000002,1,0.5,0.5,0.5,1,1,12.949160000000001,100.3164,9.04692,0,1,0,0;
custom,sphere,default,0.014800000000000002,0.014800000000000002,0.014800000000000002,1,0.5,0.5,0.5,1,1,12.30916,100.3164,9.93692,0,1,0,0;
custom,sphere,default,0.014800000000000002,0.014800000000000002,0.014800000000000002,1,0.5,0.5,0.5,1,1,12.30916,100.3164,9.04692,0,1,0,0;
custom,sphere,default,0.014800000000000002,0.014800000000000002,0.014800000000000002,1,0.5,0.5,0.5,1,1,12.949160000000001,100.4064,9.93692,0,1,0,0;
custom,sphere,default,0.014800000000000002,0.014800000000000002,0.014800000000000002,1,0.5,0.5,0.5,1,1,12.949160000000001,100.4064,9.04692,0,1,0,0;
custom,sphere,default,0.014800000000000002,0.014800000000000002,0.014800000000000002,1,0.5,0.5,0.5,1,1,12.30916,100.4064,9.93692,0,1,0,0;
custom,sphere,default,0.014800000000000002,0.014800000000000002,0.014800000000000002,1,0.5,0.5,0.5,1,1,12.30916,100.4064,9.04692,0,1,0,0;
custom,cuboid,default,0.0675,0.0125,0.0675,1,0.5,0.5,0.5,1,1,12.625,100.3125,10.375,0,1,0,0;
custom,cuboid,default,0.0675,0.0125,0.0675,1,0.5,0.5,0.5,1,1,12.625,100.4375,10.375,0,1,0,0;
custom,cuboid,default,0.0125,0.0125,0.0675,1,0.5,0.5,0.5,1,1,12.2875,100.375,10.375,1,1,0,0;
custom,cuboid,default,0.0125,0.0125,0.0675,1,0.5,0.5,0.5,1,1,12.9625,100.375,10.375,1,1,0,0;
custom,cuboid,default,0.0675,0.0125,0.0125,1,0.5,0.5,0.5,1,1,12.625,100.375,10.7125,0,1,1,0;
custom,cuboid,default,0.0675,0.0125,0.0125,1,0.5,0.5,0.5,1,1,12.625,100.375,10.0375,0,1,1,0;
custom,cylinder,default,0.0125,0.00625,0.0125,1,0.5,0.5,0.5,1,1,12.9625,100.375,10.0375,0,1,0,0;
custom,cylinder,default,0.0125,0.00625,0.0125,1,0.5,0.5,0.5,1,1,12.2875,100.375,10.0375,0,1,0,0;
custom,cylinder,default,0.0125,0.00625,0.0125,1,0.5,0.5,0.5,1,1,12.2875,100.375,10.7125,0,1,0,0;
custom,cylinder,default,0.0125,0.00625,0.0125,1,0.5,0.5,0.5,1,1,12.9625,100.375,10.7125,0,1,0,0;
custom,cylinder,default,0.0125,0.03375,0.0125,1,0.5,0.5,0.5,1,1,12.625,100.4375,10.0375,1,1,0,0;
custom,cylinder,default,0.0125,0.03375,0.0125,1,0.5,0.5,0.5,1,1,12.625,100.4375,10.7125,1,1,0,0;
custom,cylinder,default,0.0125,0.03375,0.0125,1,0.5,0.5,0.5,1,1,12.625,100.3125,10.0375,1,1,0,0;
custom,cylinder,default,0.0125,0.03375,0.0125,1,0.5,0.5,0.5,1,1,12.625,100.3125,10.7125,1,1,0,0;
custom,cylinder,default,0.0125,0.03375,0.0125,1,0.5,0.5,0.5,1,1,12.2875,100.4375,10.375,0,1,1,0;
custom,cylinder,default,0.0125,0.03375,0.0125,1,0.5,0.5,0.5,1,1,12.9625,100.4375,10.375,0,1,1,0;
custom,cylinder,default,0.0125,0.03375,0.0125,1,0.5,0.5,0.5,1,1,12.2875,100.3125,10.375,0,1,1,0;
custom,cylinder,default,0.0125,0.03375,0.0125,1,0.5,0.5,0.5,1,1,12.9625,100.3125,10.375,0,1,1,0;
custom,sphere,default,0.0115625,0.0115625,0.0115625,1,0.5,0.5,0.5,1,1,12.96575,100.301875,10.7061875,0,1,0,0;
custom,sphere,default,0.0115625,0.0115625,0.0115625,1,0.5,0.5,0.5,1,1,12.96575,100.301875,10.0311875,0,1,0,0;
custom,sphere,default,0.0115625,0.0115625,0.0115625,1,0.5,0.5,0.5,1,1,12.29075,100.301875,10.7061875,0,1,0,0;
custom,sphere,default,0.0115625,0.0115625,0.0115625,1,0.5,0.5,0.5,1,1,12.29075,100.301875,10.0311875,0,1,0,0;
custom,sphere,default,0.0115625,0.0115625,0.0115625,1,0.5,0.5,0.5,1,1,12.96575,100.426875,10.7061875,0,1,0,0;
custom,sphere,default,0.0115625,0.0115625,0.0115625,1,0.5,0.5,0.5,1,1,12.96575,100.426875,10.0311875,0,1,0,0;
custom,sphere,default,0.0115625,0.0115625,0.0115625,1,0.5,0.5,0.5,1,1,12.29075,100.426875,10.7061875,0,1,0,0;
custom,sphere,default,0.0115625,0.0115625,0.0115625,1,0.5,0.5,0.5,1,1,12.29075,100.426875,10.0311875,0,1,0,0;
custom,cuboid,default,0.0925,0.0125,0.0675,1,0.5,0.5,0.5,1,1,13.5,100.3125,10.375,0,1,0,0;
custom,cuboid,default,0.0925,0.0125,0.0675,1,0.5,0.5,0.5,1,1,13.5,100.4375,10.375,0,1,0,0;
custom,cuboid,default,0.0125,0.0125,0.0675,1,0.5,0.5,0.5,1,1,13.0375,100.375,10.375,1,1,0,0;
custom,cuboid,default,0.0125,0.0125,0.0675,1,0.5,0.5,0.5,1,1,13.9625,100.375,10.375,1,1,0,0;
custom,cuboid,default,0.0925,0.0125,0.0125,1,0.5,0.5,0.5,1,1,13.5,100.375,10.7125,0,1,1,0;
custom,cuboid,default,0.0925,0.0125,0.0125,1,0.5,0.5,0.5,1,1,13.5,100.375,10.0375,0,1,1,0;
custom,cylinder,default,0.0125,0.00625,0.0125,1,0.5,0.5,0.5,1,1,13.9625,100.375,10.0375,0,1,0,0;
custom,cylinder,default,0.0125,0.00625,0.0125,1,0.5,0.5,0.5,1,1,13.0375,100.375,10.0375,0,1,0,0;
custom,cylinder,default,0.0125,0.00625,0.0125,1,0.5,0.5,0.5,1,1,13.0375,100.375,10.7125,0,1,0,0;
custom,cylinder,default,0.0125,0.00625,0.0125,1,0.5,0.5,0.5,1,1,13.9625,100.375,10.7125,0,1,0,0;
custom,cylinder,default,0.0125,0.04625,0.0125,1,0.5,0.5,0.5,1,1,13.5,100.4375,10.0375,1,1,0,0;
custom,cylinder,default,0.0125,0.04625,0.0125,1,0.5,0.5,0.5,1,1,13.5,100.4375,10.7125,1,1,0,0;
custom,cylinder,default,0.0125,0.04625,0.0125,1,0.5,0.5,0.5,1,1,13.5,100.3125,10.0375,1,1,0,0;
custom,cylinder,default,0.0125,0.04625,0.0125,1,0.5,0.5,0.5,1,1,13.5,100.3125,10.7125,1,1,0,0;
custom,cylinder,default,0.0125,0.03375,0.0125,1,0.5,0.5,0.5,1,1,13.0375,100.4375,10.375,0,1,1,0;
custom,cylinder,default,0.0125,0.03375,0.0125,1,0.5,0.5,0.5,1,1,13.9625,100.4375,10.375,0,1,1,0;
custom,cylinder,default,0.0125,0.03375,0.0125,1,0.5,0.5,0.5,1,1,13.0375,100.3125,10.375,0,1,1,0;
custom,cylinder,default,0.0125,0.03375,0.0125,1,0.5,0.5,0.5,1,1,13.9625,100.3125,10.375,0,1,1,0;
custom,sphere,default,0.0115625,0.0115625,0.0115625,1,0.5,0.5,0.5,1,1,13.96575,100.301875,10.7061875,0,1,0,0;
custom,sphere,default,0.0115625,0.0115625,0.0115625,1,0.5,0.5,0.5,1,1,13.96575,100.301875,10.0311875,0,1,0,0;
custom,sphere,default,0.0115625,0.0115625,0.0115625,1,0.5,0.5,0.5,1,1,13.04075,100.301875,10.7061875,0,1,0,0;
custom,sphere,default,0.0115625,0.0115625,0.0115625,1,0.5,0.5,0.5,1,1,13.04075,100.301875,10.0311875,0,1,0,0;
custom,sphere,default,0.0115625,0.0115625,0.0115625,1,0.5,0.5,0.5,1,1,13.96575,100.426875,10.7061875,0,1,0,0;
custom,sphere,default,0.0115625,0.0115625,0.0115625,1,0.5,0.5,0.5,1,1,13.96575,100.426875,10.0311875,0,1,0,0;
custom,sphere,default,0.0115625,0.0115625,0.0115625,1,0.5,0.5,0.5,1,1,13.04075,100.426875,10.7061875,0,1,0,0;
custom,sphere,default,0.0115625,0.0115625,0.0115625,1,0.5,0.5,0.5,1,1,13.04075,100.426875,10.0311875,0,1,0,0;
custom,cuboid,default,0.085,0.02,0.009999999999999998,1,0.5,0.5,0.5,1,1,13.5,100.57499999999999,6.375,0,1,0,0;
custom,cuboid,default,0.085,0.02,0.009999999999999998,1,0.5,0.5,0.5,1,1,13.5,100.92500000000001,6.375,0,1,0,0;
custom,cuboid,default,0.035,0.02,0.009999999999999998,1,0.5,0.5,0.5,1,1,13.075,100.75,6.375,1,1,0,0;
custom,cuboid,default,0.035,0.02,0.009999999999999998,1,0.5,0.5,0.5,1,1,13.925,100.75,6.375,1,1,0,0;
custom,cuboid,default,0.085,0.02,0.035,1,0.5,0.5,0.5,1,1,13.5,100.75,6.425000000000001,0,1,1,0;
custom,cuboid,default,0.085,0.02,0.035,1,0.5,0.5,0.5,1,1,13.5,100.75,6.324999999999999,0,1,1,0;
custom,cylinder,default,0.02,0.0175,0.02,1,0.5,0.5,0.5,1,1,13.925,100.75,6.324999999999999,0,1,0,0;
custom,cylinder,default,0.02,0.0175,0.02,1,0.5,0.5,0.5,1,1,13.075,100.75,6.324999999999999,0,1,0,0;
custom,cylinder,default,0.02,0.0175,0.02,1,0.5,0.5,0.5,1,1,13.075,100.75,6.425000000000001,0,1,0,0;
custom,cylinder,default,0.02,0.0175,0.02,1,0.5,0.5,0.5,1,1,13.925,100.75,6.425000000000001,0,1,0,0;
custom,cylinder,default,0.02,0.0425,0.02,1,0.5,0.5,0.5,1,1,13.5,100.92500000000001,6.324999999999999,1,1,0,0;
custom,cylinder,default,0.02,0.0425,0.02,1,0.5,0.5,0.5,1,1,13.5,100.92500000000001,6.425000000000001,1,1,0,0;
custom,cylinder,default,0.02,0.0425,0.02,1,0.5,0.5,0.5,1,1,13.5,100.57499999999999,6.324999999999999,1,1,0,0;
custom,cylinder,default,0.02,0.0425,0.02,1,0.5,0.5,0.5,1,1,13.5,100.57499999999999,6.425000000000001,1,1,0,0;
custom,cylinder,default,0.02,0.004999999999999999,0.02,1,0.5,0.5,0.5,1,1,13.075,100.92500000000001,6.375,0,1,1,0;
custom,cylinder,default,0.02,0.004999999999999999,0.02,1,0.5,0.5,0.5,1,1,13.925,100.92500000000001,6.375,0,1,1,0;
custom,cylinder,default,0.02,0.004999999999999999,0.02,1,0.5,0.5,0.5,1,1,13.075,100.57499999999999,6.375,0,1,1,0;
custom,cylinder,default,0.02,0.004999999999999999,0.02,1,0.5,0.5,0.5,1,1,13.925,100.57499999999999,6.375,0,1,1,0;
custom,sphere,default,0.018500000000000003,0.018500000000000003,0.018500000000000003,1,0.5,0.5,0.5,1,1,13.930200000000001,100.55799999999999,6.4149,0,1,0,0;
custom,sphere,default,0.018500000000000003,0.018500000000000003,0.018500000000000003,1,0.5,0.5,0.5,1,1,13.930200000000001,100.55799999999999,6.314899999999999,0,1,0,0;
custom,sphere,default,0.018500000000000003,0.018500000000000003,0.018500000000000003,1,0.5,0.5,0.5,1,1,13.0802,100.55799999999999,6.4149,0,1,0,0;
custom,sphere,default,0.018500000000000003,0.018500000000000003,0.018500000000000003,1,0.5,0.5,0.5,1,1,13.0802,100.55799999999999,6.314899999999999,0,1,0,0;
custom,sphere,default,0.018500000000000003,0.018500000000000003,0.018500000000000003,1,0.5,0.5,0.5,1,1,13.930200000000001,100.90800000000002,6.4149,0,1,0,0;
custom,sphere,default,0.018500000000000003,0.018500000000000003,0.018500000000000003,1,0.5,0.5,0.5,1,1,13.930200000000001,100.90800000000002,6.314899999999999,0,1,0,0;
custom,sphere,default,0.018500000000000003,0.018500000000000003,0.018500000000000003,1,0.5,0.5,0.5,1,1,13.0802,100.90800000000002,6.4149,0,1,0,0;
custom,sphere,default,0.018500000000000003,0.018500000000000003,0.018500000000000003,1,0.5,0.5,0.5,1,1,13.0802,100.90800000000002,6.314899999999999,0,1,0,0;
custom,cuboid,default,0.06000000000000001,0.02,0.009999999999999998,1,0.5,0.5,0.5,1,1,12.625,100.57499999999999,6.375,0,1,0,0;
custom,cuboid,default,0.06000000000000001,0.02,0.009999999999999998,1,0.5,0.5,0.5,1,1,12.625,100.92500000000001,6.375,0,1,0,0;
custom,cuboid,default,0.035,0.02,0.009999999999999998,1,0.5,0.5,0.5,1,1,12.325,100.75,6.375,1,1,0,0;
custom,cuboid,default,0.035,0.02,0.009999999999999998,1,0.5,0.5,0.5,1,1,12.925,100.75,6.375,1,1,0,0;
custom,cuboid,default,0.06000000000000001,0.02,0.035,1,0.5,0.5,0.5,1,1,12.625,100.75,6.425000000000001,0,1,1,0;
custom,cuboid,default,0.06000000000000001,0.02,0.035,1,0.5,0.5,0.5,1,1,12.625,100.75,6.324999999999999,0,1,1,0;
custom,cylinder,default,0.02,0.0175,0.02,1,0.5,0.5,0.5,1,1,12.925,100.75,6.324999999999999,0,1,0,0;
custom,cylinder,default,0.02,0.0175,0.02,1,0.5,0.5,0.5,1,1,12.325,100.75,6.324999999999999,0,1,0,0;
custom,cylinder,default,0.02,0.0175,0.02,1,0.5,0.5,0.5,1,1,12.325,100.75,6.425000000000001,0,1,0,0;
custom,cylinder,default,0.02,0.0175,0.02,1,0.5,0.5,0.5,1,1,12.925,100.75,6.425000000000001,0,1,0,0;
custom,cylinder,default,0.02,0.030000000000000006,0.02,1,0.5,0.5,0.5,1,1,12.625,100.92500000000001,6.324999999999999,1,1,0,0;
custom,cylinder,default,0.02,0.030000000000000006,0.02,1,0.5,0.5,0.5,1,1,12.625,100.92500000000001,6.425000000000001,1,1,0,0;
custom,cylinder,default,0.02,0.030000000000000006,0.02,1,0.5,0.5,0.5,1,1,12.625,100.57499999999999,6.324999999999999,1,1,0,0;
custom,cylinder,default,0.02,0.030000000000000006,0.02,1,0.5,0.5,0.5,1,1,12.625,100.57499999999999,6.425000000000001,1,1,0,0;
custom,cylinder,default,0.02,0.004999999999999999,0.02,1,0.5,0.5,0.5,1,1,12.325,100.92500000000001,6.375,0,1,1,0;
custom,cylinder,default,0.02,0.004999999999999999,0.02,1,0.5,0.5,0.5,1,1,12.925,100.92500000000001,6.375,0,1,1,0;
custom,cylinder,default,0.02,0.004999999999999999,0.02,1,0.5,0.5,0.5,1,1,12.325,100.57499999999999,6.375,0,1,1,0;
custom,cylinder,default,0.02,0.004999999999999999,0.02,1,0.5,0.5,0.5,1,1,12.925,100.57499999999999,6.375,0,1,1,0;
custom,sphere,default,0.018500000000000003,0.018500000000000003,0.018500000000000003,1,0.5,0.5,0.5,1,1,12.930200000000001,100.55799999999999,6.4149,0,1,0,0;
custom,sphere,default,0.018500000000000003,0.018500000000000003,0.018500000000000003,1,0.5,0.5,0.5,1,1,12.930200000000001,100.55799999999999,6.314899999999999,0,1,0,0;
custom,sphere,default,0.018500000000000003,0.018500000000000003,0.018500000000000003,1,0.5,0.5,0.5,1,1,12.3302,100.55799999999999,6.4149,0,1,0,0;
custom,sphere,default,0.018500000000000003,0.018500000000000003,0.018500000000000003,1,0.5,0.5,0.5,1,1,12.3302,100.55799999999999,6.314899999999999,0,1,0,0;
custom,sphere,default,0.018500000000000003,0.018500000000000003,0.018500000000000003,1,0.5,0.5,0.5,1,1,12.930200000000001,100.90800000000002,6.4149,0,1,0,0;
custom,sphere,default,0.018500000000000003,0.018500000000000003,0.018500000000000003,1,0.5,0.5,0.5,1,1,12.930200000000001,100.90800000000002,6.314899999999999,0,1,0,0;
custom,sphere,default,0.018500000000000003,0.018500000000000003,0.018500000000000003,1,0.5,0.5,0.5,1,1,12.3302,100.90800000000002,6.4149,0,1,0,0;
custom,sphere,default,0.018500000000000003,0.018500000000000003,0.018500000000000003,1,0.5,0.5,0.5,1,1,12.3302,100.90800000000002,6.314899999999999,0,1,0,0;
custom,cuboid,default,0.009999999999999998,0.02,0.06000000000000001,1,0.5,0.5,0.5,1,1,12.375,100.57499999999999,6.625,0,1,0,0;
custom,cuboid,default,0.009999999999999998,0.02,0.06000000000000001,1,0.5,0.5,0.5,1,1,12.375,100.92500000000001,6.625,0,1,0,0;
custom,cuboid,default,0.035,0.02,0.06000000000000001,1,0.5,0.5,0.5,1,1,12.325,100.75,6.625,1,1,0,0;
custom,cuboid,default,0.035,0.02,0.06000000000000001,1,0.5,0.5,0.5,1,1,12.425,100.75,6.625,1,1,0,0;
custom,cuboid,default,0.009999999999999998,0.02,0.035,1,0.5,0.5,0.5,1,1,12.375,100.75,6.925000000000001,0,1,1,0;
custom,cuboid,default,0.009999999999999998,0.02,0.035,1,0.5,0.5,0.5,1,1,12.375,100.75,6.324999999999999,0,1,1,0;
custom,cylinder,default,0.02,0.0175,0.02,1,0.5,0.5,0.5,1,1,12.425,100.75,6.324999999999999,0,1,0,0;
custom,cylinder,default,0.02,0.0175,0.02,1,0.5,0.5,0.5,1,1,12.325,100.75,6.324999999999999,0,1,0,0;
custom,cylinder,default,0.02,0.0175,0.02,1,0.5,0.5,0.5,1,1,12.325,100.75,6.925000000000001,0,1,0,0;
custom,cylinder,default,0.02,0.0175,0.02,1,0.5,0.5,0.5,1,1,12.425,100.75,6.925000000000001,0,1,0,0;
custom,cylinder,default,0.02,0.004999999999999999,0.02,1,0.5,0.5,0.5,1,1,12.375,100.92500000000001,6.324999999999999,1,1,0,0;
custom,cylinder,default,0.02,0.004999999999999999,0.02,1,0.5,0.5,0.5,1,1,12.375,100.92500000000001,6.925000000000001,1,1,0,0;
custom,cylinder,default,0.02,0.004999999999999999,0.02,1,0.5,0.5,0.5,1,1,12.375,100.57499999999999,6.324999999999999,1,1,0,0;
custom,cylinder,default,0.02,0.004999999999999999,0.02,1,0.5,0.5,0.5,1,1,12.375,100.57499999999999,6.925000000000001,1,1,0,0;
custom,cylinder,default,0.02,0.030000000000000006,0.02,1,0.5,0.5,0.5,1,1,12.325,100.92500000000001,6.625,0,1,1,0;
custom,cylinder,default,0.02,0.030000000000000006,0.02,1,0.5,0.5,0.5,1,1,12.425,100.92500000000001,6.625,0,1,1,0;
custom,cylinder,default,0.02,0.030000000000000006,0.02,1,0.5,0.5,0.5,1,1,12.325,100.57499999999999,6.625,0,1,1,0;
custom,cylinder,default,0.02,0.030000000000000006,0.02,1,0.5,0.5,0.5,1,1,12.425,100.57499999999999,6.625,0,1,1,0;
custom,sphere,default,0.018500000000000003,0.018500000000000003,0.018500000000000003,1,0.5,0.5,0.5,1,1,12.430200000000001,100.55799999999999,6.9149,0,1,0,0;
custom,sphere,default,0.018500000000000003,0.018500000000000003,0.018500000000000003,1,0.5,0.5,0.5,1,1,12.430200000000001,100.55799999999999,6.314899999999999,0,1,0,0;
custom,sphere,default,0.018500000000000003,0.018500000000000003,0.018500000000000003,1,0.5,0.5,0.5,1,1,12.3302,100.55799999999999,6.9149,0,1,0,0;
custom,sphere,default,0.018500000000000003,0.018500000000000003,0.018500000000000003,1,0.5,0.5,0.5,1,1,12.3302,100.55799999999999,6.314899999999999,0,1,0,0;
custom,sphere,default,0.018500000000000003,0.018500000000000003,0.018500000000000003,1,0.5,0.5,0.5,1,1,12.430200000000001,100.90800000000002,6.9149,0,1,0,0;
custom,sphere,default,0.018500000000000003,0.018500000000000003,0.018500000000000003,1,0.5,0.5,0.5,1,1,12.430200000000001,100.90800000000002,6.314899999999999,0,1,0,0;
custom,sphere,default,0.018500000000000003,0.018500000000000003,0.018500000000000003,1,0.5,0.5,0.5,1,1,12.3302,100.90800000000002,6.9149,0,1,0,0;
custom,sphere,default,0.018500000000000003,0.018500000000000003,0.018500000000000003,1,0.5,0.5,0.5,1,1,12.3302,100.90800000000002,6.314899999999999,0,1,0,0;
custom,cuboid,default,0.009999999999999998,0.02,0.085,1,0.5,0.5,0.5,1,1,12.375,100.57499999999999,7.5,0,1,0,0;
custom,cuboid,default,0.009999999999999998,0.02,0.085,1,0.5,0.5,0.5,1,1,12.375,100.92500000000001,7.5,0,1,0,0;
custom,cuboid,default,0.035,0.02,0.085,1,0.5,0.5,0.5,1,1,12.325,100.75,7.5,1,1,0,0;
custom,cuboid,default,0.035,0.02,0.085,1,0.5,0.5,0.5,1,1,12.425,100.75,7.5,1,1,0,0;
custom,cuboid,default,0.009999999999999998,0.02,0.035,1,0.5,0.5,0.5,1,1,12.375,100.75,7.925000000000001,0,1,1,0;
custom,cuboid,default,0.009999999999999998,0.02,0.035,1,0.5,0.5,0.5,1,1,12.375,100.75,7.074999999999999,0,1,1,0;
custom,cylinder,default,0.02,0.0175,0.02,1,0.5,0.5,0.5,1,1,12.425,100.75,7.074999999999999,0,1,0,0;
custom,cylinder,default,0.02,0.0175,0.02,1,0.5,0.5,0.5,1,1,12.325,100.75,7.074999999999999,0,1,0,0;
custom,cylinder,default,0.02,0.0175,0.02,1,0.5,0.5,0.5,1,1,12.325,100.75,7.925000000000001,0,1,0,0;
custom,cylinder,default,0.02,0.0175,0.02,1,0.5,0.5,0.5,1,1,12.425,100.75,7.925000000000001,0,1,0,0;
custom,cylinder,default,0.02,0.004999999999999999,0.02,1,0.5,0.5,0.5,1,1,12.375,100.92500000000001,7.074999999999999,1,1,0,0;
custom,cylinder,default,0.02,0.004999999999999999,0.02,1,0.5,0.5,0.5,1,1,12.375,100.92500000000001,7.925000000000001,1,1,0,0;
custom,cylinder,default,0.02,0.004999999999999999,0.02,1,0.5,0.5,0.5,1,1,12.375,100.57499999999999,7.074999999999999,1,1,0,0;
custom,cylinder,default,0.02,0.004999999999999999,0.02,1,0.5,0.5,0.5,1,1,12.375,100.57499999999999,7.925000000000001,1,1,0,0;
custom,cylinder,default,0.02,0.0425,0.02,1,0.5,0.5,0.5,1,1,12.325,100.92500000000001,7.5,0,1,1,0;
custom,cylinder,default,0.02,0.0425,0.02,1,0.5,0.5,0.5,1,1,12.425,100.92500000000001,7.5,0,1,1,0;
custom,cylinder,default,0.02,0.0425,0.02,1,0.5,0.5,0.5,1,1,12.325,100.57499999999999,7.5,0,1,1,0;
custom,cylinder,default,0.02,0.0425,0.02,1,0.5,0.5,0.5,1,1,12.425,100.57499999999999,7.5,0,1,1,0;
custom,sphere,default,0.018500000000000003,0.018500000000000003,0.018500000000000003,1,0.5,0.5,0.5,1,1,12.430200000000001,100.55799999999999,7.9149,0,1,0,0;
custom,sphere,default,0.018500000000000003,0.018500000000000003,0.018500000000000003,1,0.5,0.5,0.5,1,1,12.430200000000001,100.55799999999999,7.064899999999999,0,1,0,0;
custom,sphere,default,0.018500000000000003,0.018500000000000003,0.018500000000000003,1,0.5,0.5,0.5,1,1,12.3302,100.55799999999999,7.9149,0,1,0,0;
custom,sphere,default,0.018500000000000003,0.018500000000000003,0.018500000000000003,1,0.5,0.5,0.5,1,1,12.3302,100.55799999999999,7.064899999999999,0,1,0,0;
custom,sphere,default,0.018500000000000003,0.018500000000000003,0.018500000000000003,1,0.5,0.5,0.5,1,1,12.430200000000001,100.90800000000002,7.9149,0,1,0,0;
custom,sphere,default,0.018500000000000003,0.018500000000000003,0.018500000000000003,1,0.5,0.5,0.5,1,1,12.430200000000001,100.90800000000002,7.064899999999999,0,1,0,0;
custom,sphere,default,0.018500000000000003,0.018500000000000003,0.018500000000000003,1,0.5,0.5,0.5,1,1,12.3302,100.90800000000002,7.9149,0,1,0,0;
custom,sphere,default,0.018500000000000003,0.018500000000000003,0.018500000000000003,1,0.5,0.5,0.5,1,1,12.3302,100.90800000000002,7.064899999999999,0,1,0,0;
custom,cuboid,default,0.009999999999999998,0.02,0.085,1,0.5,0.5,0.5,1,1,12.375,100.57499999999999,8.5,0,1,0,0;
custom,cuboid,default,0.009999999999999998,0.02,0.085,1,0.5,0.5,0.5,1,1,12.375,100.92500000000001,8.5,0,1,0,0;
custom,cuboid,default,0.035,0.02,0.085,1,0.5,0.5,0.5,1,1,12.325,100.75,8.5,1,1,0,0;
custom,cuboid,default,0.035,0.02,0.085,1,0.5,0.5,0.5,1,1,12.425,100.75,8.5,1,1,0,0;
custom,cuboid,default,0.009999999999999998,0.02,0.035,1,0.5,0.5,0.5,1,1,12.375,100.75,8.925,0,1,1,0;
custom,cuboid,default,0.009999999999999998,0.02,0.035,1,0.5,0.5,0.5,1,1,12.375,100.75,8.075,0,1,1,0;
custom,cylinder,default,0.02,0.0175,0.02,1,0.5,0.5,0.5,1,1,12.425,100.75,8.075,0,1,0,0;
custom,cylinder,default,0.02,0.0175,0.02,1,0.5,0.5,0.5,1,1,12.325,100.75,8.075,0,1,0,0;
custom,cylinder,default,0.02,0.0175,0.02,1,0.5,0.5,0.5,1,1,12.325,100.75,8.925,0,1,0,0;
custom,cylinder,default,0.02,0.0175,0.02,1,0.5,0.5,0.5,1,1,12.425,100.75,8.925,0,1,0,0;
custom,cylinder,default,0.02,0.004999999999999999,0.02,1,0.5,0.5,0.5,1,1,12.375,100.92500000000001,8.075,1,1,0,0;
custom,cylinder,default,0.02,0.004999999999999999,0.02,1,0.5,0.5,0.5,1,1,12.375,100.92500000000001,8.925,1,1,0,0;
custom,cylinder,default,0.02,0.004999999999999999,0.02,1,0.5,0.5,0.5,1,1,12.375,100.57499999999999,8.075,1,1,0,0;
custom,cylinder,default,0.02,0.004999999999999999,0.02,1,0.5,0.5,0.5,1,1,12.375,100.57499999999999,8.925,1,1,0,0;
custom,cylinder,default,0.02,0.0425,0.02,1,0.5,0.5,0.5,1,1,12.325,100.92500000000001,8.5,0,1,1,0;
custom,cylinder,default,0.02,0.0425,0.02,1,0.5,0.5,0.5,1,1,12.425,100.92500000000001,8.5,0,1,1,0;
custom,cylinder,default,0.02,0.0425,0.02,1,0.5,0.5,0.5,1,1,12.325,100.57499999999999,8.5,0,1,1,0;
custom,cylinder,default,0.02,0.0425,0.02,1,0.5,0.5,0.5,1,1,12.425,100.57499999999999,8.5,0,1,1,0;
custom,sphere,default,0.018500000000000003,0.018500000000000003,0.018500000000000003,1,0.5,0.5,0.5,1,1,12.430200000000001,100.55799999999999,8.914900000000001,0,1,0,0;
custom,sphere,default,0.018500000000000003,0.018500000000000003,0.018500000000000003,1,0.5,0.5,0.5,1,1,12.430200000000001,100.55799999999999,8.0649,0,1,0,0;
custom,sphere,default,0.018500000000000003,0.018500000000000003,0.018500000000000003,1,0.5,0.5,0.5,1,1,12.3302,100.55799999999999,8.914900000000001,0,1,0,0;
custom,sphere,default,0.018500000000000003,0.018500000000000003,0.018500000000000003,1,0.5,0.5,0.5,1,1,12.3302,100.55799999999999,8.0649,0,1,0,0;
custom,sphere,default,0.018500000000000003,0.018500000000000003,0.018500000000000003,1,0.5,0.5,0.5,1,1,12.430200000000001,100.90800000000002,8.914900000000001,0,1,0,0;
custom,sphere,default,0.018500000000000003,0.018500000000000003,0.018500000000000003,1,0.5,0.5,0.5,1,1,12.430200000000001,100.90800000000002,8.0649,0,1,0,0;
custom,sphere,default,0.018500000000000003,0.018500000000000003,0.018500000000000003,1,0.5,0.5,0.5,1,1,12.3302,100.90800000000002,8.914900000000001,0,1,0,0;
custom,sphere,default,0.018500000000000003,0.018500000000000003,0.018500000000000003,1,0.5,0.5,0.5,1,1,12.3302,100.90800000000002,8.0649,0,1,0,0;
custom,cuboid,default,0.009999999999999998,0.02,0.085,1,0.5,0.5,0.5,1,1,12.375,100.57499999999999,9.5,0,1,0,0;
custom,cuboid,default,0.009999999999999998,0.02,0.085,1,0.5,0.5,0.5,1,1,12.375,100.92500000000001,9.5,0,1,0,0;
custom,cuboid,default,0.035,0.02,0.085,1,0.5,0.5,0.5,1,1,12.325,100.75,9.5,1,1,0,0;
custom,cuboid,default,0.035,0.02,0.085,1,0.5,0.5,0.5,1,1,12.425,100.75,9.5,1,1,0,0;
custom,cuboid,default,0.009999999999999998,0.02,0.035,1,0.5,0.5,0.5,1,1,12.375,100.75,9.925,0,1,1,0;
custom,cuboid,default,0.009999999999999998,0.02,0.035,1,0.5,0.5,0.5,1,1,12.375,100.75,9.075,0,1,1,0;
custom,cylinder,default,0.02,0.0175,0.02,1,0.5,0.5,0.5,1,1,12.425,100.75,9.075,0,1,0,0;
custom,cylinder,default,0.02,0.0175,0.02,1,0.5,0.5,0.5,1,1,12.325,100.75,9.075,0,1,0,0;
custom,cylinder,default,0.02,0.0175,0.02,1,0.5,0.5,0.5,1,1,12.325,100.75,9.925,0,1,0,0;
custom,cylinder,default,0.02,0.0175,0.02,1,0.5,0.5,0.5,1,1,12.425,100.75,9.925,0,1,0,0;
custom,cylinder,default,0.02,0.004999999999999999,0.02,1,0.5,0.5,0.5,1,1,12.375,100.92500000000001,9.075,1,1,0,0;
custom,cylinder,default,0.02,0.004999999999999999,0.02,1,0.5,0.5,0.5,1,1,12.375,100.92500000000001,9.925,1,1,0,0;
custom,cylinder,default,0.02,0.004999999999999999,0.02,1,0.5,0.5,0.5,1,1,12.375,100.57499999999999,9.075,1,1,0,0;
custom,cylinder,default,0.02,0.004999999999999999,0.02,1,0.5,0.5,0.5,1,1,12.375,100.57499999999999,9.925,1,1,0,0;
custom,cylinder,default,0.02,0.0425,0.02,1,0.5,0.5,0.5,1,1,12.325,100.92500000000001,9.5,0,1,1,0;
custom,cylinder,default,0.02,0.0425,0.02,1,0.5,0.5,0.5,1,1,12.425,100.92500000000001,9.5,0,1,1,0;
custom,cylinder,default,0.02,0.0425,0.02,1,0.5,0.5,0.5,1,1,12.325,100.57499999999999,9.5,0,1,1,0;
custom,cylinder,default,0.02,0.0425,0.02,1,0.5,0.5,0.5,1,1,12.425,100.57499999999999,9.5,0,1,1,0;
custom,sphere,default,0.018500000000000003,0.018500000000000003,0.018500000000000003,1,0.5,0.5,0.5,1,1,12.430200000000001,100.55799999999999,9.914900000000001,0,1,0,0;
custom,sphere,default,0.018500000000000003,0.018500000000000003,0.018500000000000003,1,0.5,0.5,0.5,1,1,12.430200000000001,100.55799999999999,9.0649,0,1,0,0;
custom,sphere,default,0.018500000000000003,0.018500000000000003,0.018500000000000003,1,0.5,0.5,0.5,1,1,12.3302,100.55799999999999,9.914900000000001,0,1,0,0;
custom,sphere,default,0.018500000000000003,0.018500000000000003,0.018500000000000003,1,0.5,0.5,0.5,1,1,12.3302,100.55799999999999,9.0649,0,1,0,0;
custom,sphere,default,0.018500000000000003,0.018500000000000003,0.018500000000000003,1,0.5,0.5,0.5,1,1,12.430200000000001,100.90800000000002,9.914900000000001,0,1,0,0;
custom,sphere,default,0.018500000000000003,0.018500000000000003,0.018500000000000003,1,0.5,0.5,0.5,1,1,12.430200000000001,100.90800000000002,9.0649,0,1,0,0;
custom,sphere,default,0.018500000000000003,0.018500000000000003,0.018500000000000003,1,0.5,0.5,0.5,1,1,12.3302,100.90800000000002,9.914900000000001,0,1,0,0;
custom,sphere,default,0.018500000000000003,0.018500000000000003,0.018500000000000003,1,0.5,0.5,0.5,1,1,12.3302,100.90800000000002,9.0649,0,1,0,0;
custom,cuboid,default,0.009999999999999998,0.02,0.06000000000000001,1,0.5,0.5,0.5,1,1,12.375,100.57499999999999,10.375,0,1,0,0;
custom,cuboid,default,0.009999999999999998,0.02,0.06000000000000001,1,0.5,0.5,0.5,1,1,12.375,100.92500000000001,10.375,0,1,0,0;
custom,cuboid,default,0.035,0.02,0.06000000000000001,1,0.5,0.5,0.5,1,1,12.325,100.75,10.375,1,1,0,0;
custom,cuboid,default,0.035,0.02,0.06000000000000001,1,0.5,0.5,0.5,1,1,12.425,100.75,10.375,1,1,0,0;
custom,cuboid,default,0.009999999999999998,0.02,0.035,1,0.5,0.5,0.5,1,1,12.375,100.75,10.675,0,1,1,0;
custom,cuboid,default,0.009999999999999998,0.02,0.035,1,0.5,0.5,0.5,1,1,12.375,100.75,10.075,0,1,1,0;
custom,cylinder,default,0.02,0.0175,0.02,1,0.5,0.5,0.5,1,1,12.425,100.75,10.075,0,1,0,0;
custom,cylinder,default,0.02,0.0175,0.02,1,0.5,0.5,0.5,1,1,12.325,100.75,10.075,0,1,0,0;
custom,cylinder,default,0.02,0.0175,0.02,1,0.5,0.5,0.5,1,1,12.325,100.75,10.675,0,1,0,0;
custom,cylinder,default,0.02,0.0175,0.02,1,0.5,0.5,0.5,1,1,12.425,100.75,10.675,0,1,0,0;
custom,cylinder,default,0.02,0.004999999999999999,0.02,1,0.5,0.5,0.5,1,1,12.375,100.92500000000001,10.075,1,1,0,0;
custom,cylinder,default,0.02,0.004999999999999999,0.02,1,0.5,0.5,0.5,1,1,12.375,100.92500000000001,10.675,1,1,0,0;
custom,cylinder,default,0.02,0.004999999999999999,0.02,1,0.5,0.5,0.5,1,1,12.375,100.57499999999999,10.075,1,1,0,0;
custom,cylinder,default,0.02,0.004999999999999999,0.02,1,0.5,0.5,0.5,1,1,12.375,100.57499999999999,10.675,1,1,0,0;
custom,cylinder,default,0.02,0.030000000000000006,0.02,1,0.5,0.5,0.5,1,1,12.325,100.92500000000001,10.375,0,1,1,0;
custom,cylinder,default,0.02,0.030000000000000006,0.02,1,0.5,0.5,0.5,1,1,12.425,100.92500000000001,10.375,0,1,1,0;
custom,cylinder,default,0.02,0.030000000000000006,0.02,1,0.5,0.5,0.5,1,1,12.325,100.57499999999999,10.375,0,1,1,0;
custom,cylinder,default,0.02,0.030000000000000006,0.02,1,0.5,0.5,0.5,1,1,12.425,100.57499999999999,10.375,0,1,1,0;
custom,sphere,default,0.018500000000000003,0.018500000000000003,0.018500000000000003,1,0.5,0.5,0.5,1,1,12.430200000000001,100.55799999999999,10.664900000000001,0,1,0,0;
custom,sphere,default,0.018500000000000003,0.018500000000000003,0.018500000000000003,1,0.5,0.5,0.5,1,1,12.430200000000001,100.55799999999999,10.0649,0,1,0,0;
custom,sphere,default,0.018500000000000003,0.018500000000000003,0.018500000000000003,1,0.5,0.5,0.5,1,1,12.3302,100.55799999999999,10.664900000000001,0,1,0,0;
custom,sphere,default,0.018500000000000003,0.018500000000000003,0.018500000000000003,1,0.5,0.5,0.5,1,1,12.3302,100.55799999999999,10.0649,0,1,0,0;
custom,sphere,default,0.018500000000000003,0.018500000000000003,0.018500000000000003,1,0.5,0.5,0.5,1,1,12.430200000000001,100.90800000000002,10.664900000000001,0,1,0,0;
custom,sphere,default,0.018500000000000003,0.018500000000000003,0.018500000000000003,1,0.5,0.5,0.5,1,1,12.430200000000001,100.90800000000002,10.0649,0,1,0,0;
custom,sphere,default,0.018500000000000003,0.018500000000000003,0.018500000000000003,1,0.5,0.5,0.5,1,1,12.3302,100.90800000000002,10.664900000000001,0,1,0,0;
custom,sphere,default,0.018500000000000003,0.018500000000000003,0.018500000000000003,1,0.5,0.5,0.5,1,1,12.3302,100.90800000000002,10.0649,0,1,0,0;
custom,cuboid,default,0.05500000000000001,0.02,0.009999999999999998,1,0.5,0.5,0.5,1,1,12.625,100.92500000000001,10.625,0,1,0,0;
custom,cuboid,default,0.035,0.02,0.009999999999999998,1,0.5,0.5,0.5,1,1,12.35,100.75,10.625,1,1,0,0;
custom,cuboid,default,0.035,0.02,0.009999999999999998,1,0.5,0.5,0.5,1,1,12.9,100.75,10.625,1,1,0,0;
custom,cuboid,default,0.05500000000000001,0.02,0.035,1,0.5,0.5,0.5,1,1,12.625,100.75,10.675,0,1,1,0;
custom,cuboid,default,0.05500000000000001,0.02,0.035,1,0.5,0.5,0.5,1,1,12.625,100.75,10.575,0,1,1,0;
custom,cylinder,default,0.02,0.0175,0.02,1,0.5,0.5,0.5,1,1,12.9,100.75,10.575,0,1,0,0;
custom,cylinder,default,0.02,0.0175,0.02,1,0.5,0.5,0.5,1,1,12.35,100.75,10.575,0,1,0,0;
custom,cylinder,default,0.02,0.0175,0.02,1,0.5,0.5,0.5,1,1,12.35,100.75,10.675,0,1,0,0;
custom,cylinder,default,0.02,0.0175,0.02,1,0.5,0.5,0.5,1,1,12.9,100.75,10.675,0,1,0,0;
custom,cylinder,default,0.02,0.027500000000000004,0.02,1,0.5,0.5,0.5,1,1,12.625,100.92500000000001,10.575,1,1,0,0;
custom,cylinder,default,0.02,0.027500000000000004,0.02,1,0.5,0.5,0.5,1,1,12.625,100.92500000000001,10.675,1,1,0,0;
custom,cylinder,default,0.02,0.027500000000000004,0.02,1,0.5,0.5,0.5,1,1,12.625,100.57499999999999,10.575,1,1,0,0;
custom,cylinder,default,0.02,0.027500000000000004,0.02,1,0.5,0.5,0.5,1,1,12.625,100.57499999999999,10.675,1,1,0,0;
custom,cylinder,default,0.02,0.004999999999999999,0.02,1,0.5,0.5,0.5,1,1,12.35,100.92500000000001,10.625,0,1,1,0;
custom,cylinder,default,0.02,0.004999999999999999,0.02,1,0.5,0.5,0.5,1,1,12.9,100.92500000000001,10.625,0,1,1,0;
custom,cylinder,default,0.02,0.004999999999999999,0.02,1,0.5,0.5,0.5,1,1,12.35,100.57499999999999,10.625,0,1,1,0;
custom,cylinder,default,0.02,0.004999999999999999,0.02,1,0.5,0.5,0.5,1,1,12.9,100.57499999999999,10.625,0,1,1,0;
custom,sphere,default,0.018500000000000003,0.018500000000000003,0.018500000000000003,1,0.5,0.5,0.5,1,1,12.9052,100.55799999999999,10.664900000000001,0,1,0,0;
custom,sphere,default,0.018500000000000003,0.018500000000000003,0.018500000000000003,1,0.5,0.5,0.5,1,1,12.9052,100.55799999999999,10.5649,0,1,0,0;
custom,sphere,default,0.018500000000000003,0.018500000000000003,0.018500000000000003,1,0.5,0.5,0.5,1,1,12.3552,100.55799999999999,10.664900000000001,0,1,0,0;
custom,sphere,default,0.018500000000000003,0.018500000000000003,0.018500000000000003,1,0.5,0.5,0.5,1,1,12.3552,100.55799999999999,10.5649,0,1,0,0;
custom,sphere,default,0.018500000000000003,0.018500000000000003,0.018500000000000003,1,0.5,0.5,0.5,1,1,12.9052,100.90800000000002,10.664900000000001,0,1,0,0;
custom,sphere,default,0.018500000000000003,0.018500000000000003,0.018500000000000003,1,0.5,0.5,0.5,1,1,12.9052,100.90800000000002,10.5649,0,1,0,0;
custom,sphere,default,0.018500000000000003,0.018500000000000003,0.018500000000000003,1,0.5,0.5,0.5,1,1,12.3552,100.90800000000002,10.664900000000001,0,1,0,0;
custom,sphere,default,0.018500000000000003,0.018500000000000003,0.018500000000000003,1,0.5,0.5,0.5,1,1,12.3552,100.90800000000002,10.5649,0,1,0,0;
custom,cuboid,default,0.085,0.02,0.009999999999999998,1,0.5,0.5,0.5,1,1,13.5,100.92500000000001,10.625,0,1,0,0;
custom,cuboid,default,0.035,0.02,0.009999999999999998,1,0.5,0.5,0.5,1,1,13.075,100.75,10.625,1,1,0,0;
custom,cuboid,default,0.035,0.02,0.009999999999999998,1,0.5,0.5,0.5,1,1,13.925,100.75,10.625,1,1,0,0;
custom,cuboid,default,0.085,0.02,0.035,1,0.5,0.5,0.5,1,1,13.5,100.75,10.675,0,1,1,0;
custom,cuboid,default,0.085,0.02,0.035,1,0.5,0.5,0.5,1,1,13.5,100.75,10.575,0,1,1,0;
custom,cylinder,default,0.02,0.0175,0.02,1,0.5,0.5,0.5,1,1,13.925,100.75,10.575,0,1,0,0;
custom,cylinder,default,0.02,0.0175,0.02,1,0.5,0.5,0.5,1,1,13.075,100.75,10.575,0,1,0,0;
custom,cylinder,default,0.02,0.0175,0.02,1,0.5,0.5,0.5,1,1,13.075,100.75,10.675,0,1,0,0;
custom,cylinder,default,0.02,0.0175,0.02,1,0.5,0.5,0.5,1,1,13.925,100.75,10.675,0,1,0,0;
custom,cylinder,default,0.02,0.0425,0.02,1,0.5,0.5,0.5,1,1,13.5,100.92500000000001,10.575,1,1,0,0;
custom,cylinder,default,0.02,0.0425,0.02,1,0.5,0.5,0.5,1,1,13.5,100.92500000000001,10.675,1,1,0,0;
custom,cylinder,default,0.02,0.0425,0.02,1,0.5,0.5,0.5,1,1,13.5,100.57499999999999,10.575,1,1,0,0;
custom,cylinder,default,0.02,0.0425,0.02,1,0.5,0.5,0.5,1,1,13.5,100.57499999999999,10.675,1,1,0,0;
custom,cylinder,default,0.02,0.004999999999999999,0.02,1,0.5,0.5,0.5,1,1,13.075,100.92500000000001,10.625,0,1,1,0;
custom,cylinder,default,0.02,0.004999999999999999,0.02,1,0.5,0.5,0.5,1,1,13.925,100.92500000000001,10.625,0,1,1,0;
custom,cylinder,default,0.02,0.004999999999999999,0.02,1,0.5,0.5,0.5,1,1,13.075,100.57499999999999,10.625,0,1,1,0;
custom,cylinder,default,0.02,0.004999999999999999,0.02,1,0.5,0.5,0.5,1,1,13.925,100.57499999999999,10.625,0,1,1,0;
custom,sphere,default,0.018500000000000003,0.018500000000000003,0.018500000000000003,1,0.5,0.5,0.5,1,1,13.930200000000001,100.55799999999999,10.664900000000001,0,1,0,0;
custom,sphere,default,0.018500000000000003,0.018500000000000003,0.018500000000000003,1,0.5,0.5,0.5,1,1,13.930200000000001,100.55799999999999,10.5649,0,1,0,0;
custom,sphere,default,0.018500000000000003,0.018500000000000003,0.018500000000000003,1,0.5,0.5,0.5,1,1,13.0802,100.55799999999999,10.664900000000001,0,1,0,0;
custom,sphere,default,0.018500000000000003,0.018500000000000003,0.018500000000000003,1,0.5,0.5,0.5,1,1,13.0802,100.55799999999999,10.5649,0,1,0,0;
custom,sphere,default,0.018500000000000003,0.018500000000000003,0.018500000000000003,1,0.5,0.5,0.5,1,1,13.930200000000001,100.90800000000002,10.664900000000001,0,1,0,0;
custom,sphere,default,0.018500000000000003,0.018500000000000003,0.018500000000000003,1,0.5,0.5,0.5,1,1,13.930200000000001,100.90800000000002,10.5649,0,1,0,0;
custom,sphere,default,0.018500000000000003,0.018500000000000003,0.018500000000000003,1,0.5,0.5,0.5,1,1,13.0802,100.90800000000002,10.664900000000001,0,1,0,0;
custom,sphere,default,0.018500000000000003,0.018500000000000003,0.018500000000000003,1,0.5,0.5,0.5,1,1,13.0802,100.90800000000002,10.5649,0,1,0,0;
custom,cuboid,default,0.1,0.00625,0.025,1,.25,.25,.25,1.0,1.0,14.5,100.5,7.625,0,1,0,0;
custom,cuboid,default,0.1,0.00625,0.025,1,.25,.25,.25,1.0,1.0,14.5,100.5,9.375,0,1,0,0;
custom,cuboid,default,0.2,0.00625,0.025,1,.25,.25,.25,1.0,1.0,14.125,100.5,8.5,0,1,0,1;
custom,cuboid,default,0.2,0.00625,0.025,1,.25,.25,.25,1.0,1.0,14.875,100.5,8.5,0,1,0,1;
custom,cuboid,default,0.05,0.0125,0.00625,1,.25,.25,.25,1.0,1.0,14.5,100.4375,7.6875,0,1,0,0;
custom,cuboid,default,0.05,0.0125,0.00625,1,.25,.25,.25,1.0,1.0,14.5,100.4375,9.3125,0,1,0,0;
custom,cuboid,default,0.15,0.0125,0.00625,1,.25,.25,.25,1.0,1.0,14.1875,100.4375,8.5,0,1,0,1;
custom,cuboid,default,0.15,0.0125,0.00625,1,.25,.25,.25,1.0,1.0,14.8125,100.4375,8.5,0,1,0,1;
custom,cuboid,default,0.01,0.05,0.01,1,.25,.25,.25,1.0,1.0,14.8125,100.25,7.6875,0,1,0,0;
custom,cuboid,default,0.01,0.05,0.01,1,.25,.25,.25,1.0,1.0,14.8125,100.25,9.3125,0,1,0,0;
custom,cuboid,default,0.01,0.05,0.01,1,.25,.25,.25,1.0,1.0,14.1875,100.25,7.6875,0,1,0,1;
custom,cuboid,default,0.01,0.05,0.01,1,.25,.25,.25,1.0,1.0,14.1875,100.25,9.3125,0,1,0,1;
custom,cuboid,default,0.07,0.00625,.17,1,.25,.25,.25,1.0,1.0,14.5,100.125,8.5,0,1,0,0;
custom,cuboid,barriereditormat,0.07,0.005,.17,1,.25,.25,.25,1.0,1.0,14.5,100.5,8.5,0,1,0,0;
custom,cuboid,default,0.5,0.025,.1,1,.25,.25,.25,1.0,1.0,16.5,100.125,8.5,0,1,0,1;
custom,cuboid,default,0.504,0.00625,.104,1,.5,.5,.5,1.0,1.0,16.5,100.25,8.5,0,1,0,1;
custom,cuboid,default,0.204,0.025,.554,1,.25,.25,.25,1.0,1.0,18,100.125,8.5,0,1,0,0;
custom,cuboid,default,0.2,.3,.15,1,.5,.5,.5,1.0,1.0,18,101.5,10.5,0,1,0,0;
custom,cuboid,default,0.2,.3,.15,1,.5,.5,.5,1.0,1.0,18,101.5,6.5,0,1,0,0;
custom,cuboid,default,0.2,.2,.25,1,.5,.5,.5,1.0,1.0,18,102,8.5,0,1,0,0;
custom,cuboid,default,0.025,.075,.25,1,.5,.5,.5,1.0,1.0,18.875,100.625,8.5,0,1,0,0;
custom,cuboid,default,0.1,.025,.4,1,1,1,1,1.0,1.0,17,101.875,8.5,0,1,0,0;
custom,cuboid,default,0.05,.025,.025,1,.5,.5,.5,1.0,1.0,17,101.625,9.875,0,1,0,0;
custom,cuboid,default,0.05,.025,.025,1,.5,.5,.5,1.0,1.0,17,101.625,7.125,0,1,0,0;
custom,cuboid,default,0.033,.01,.299,1,.5,.5,.5,1.0,1.0,6.5,100.75,15,0,1,0,0;
custom,cuboid,default,0.033,.01,.299,1,.5,.5,.5,1.0,1.0,7.5,100.75,15,0,1,0,0;
custom,cuboid,default,0.033,.01,.299,1,.5,.5,.5,1.0,1.0,6.165,100.75,15,0,1,0,0;
custom,cuboid,default,0.033,.01,.299,1,.5,.5,.5,1.0,1.0,6.835,100.75,15,0,1,0,0;
custom,cuboid,default,0.033,.01,.299,1,.5,.5,.5,1.0,1.0,7.835,100.75,15,0,1,0,0;
custom,cuboid,default,0.033,.01,.299,1,.5,.5,.5,1.0,1.0,7.165,100.75,15,0,1,0,0;
custom,cuboid,default,0.2,.01,.05,1,.5,.5,.5,1.0,1.0,7,100.75,16.75,0,1,0,0;
custom,cuboid,default,0.2,.01,.05,1,.5,.5,.5,1.0,1.0,7,100.75,13.25,0,1,0,0;
custom,cuboid,default,0.1,.02,.01,1,.25,.25,.25,1.0,1.0,7,100.65,16.5,0,1,0,0;
custom,cuboid,default,0.3,.02,.01,1,.25,.25,.25,1.0,1.0,6.5,100.65,15,0,1,0,1;
custom,cuboid,default,0.1,.02,.01,1,.25,.25,.25,1.0,1.0,7,100.65,13.5,0,1,0,0;
custom,cuboid,default,0.3,.02,.01,1,.25,.25,.25,1.0,1.0,7.5,100.65,15,0,1,0,1;
custom,cuboid,default,0.02,.075,.02,1,.4,.4,.4,1.0,1.0,6.5,100.35,13.5,0,1,0,1;
custom,cuboid,default,0.02,.075,.02,1,.4,.4,.4,1.0,1.0,7.5,100.35,13.5,0,1,0,1;
custom,cuboid,default,0.02,.075,.02,1,.4,.4,.4,1.0,1.0,6.5,100.35,16.5,0,1,0,1;
custom,cuboid,default,0.02,.075,.02,1,.4,.4,.4,1.0,1.0,7.5,100.35,16.5,0,1,0,1;
custom,cuboid,default,0.125,.0125,.0125,1,1,1,1,1.0,1.0,23.0625,100.1875,7.125,0,1,0,1;
custom,cuboid,default,0.125,.0125,.0125,1,1,1,1,1.0,1.0,24.9375,100.1875,7.125,0,1,0,1;
custom,cuboid,default,0.2,.0125,.0125,1,1,1,1,1.0,1.0,24,100.1875,7.6875,0,1,0,0;
custom,cuboid,default,0.2,.0125,.0125,1,1,1,1,1.0,1.0,24,100.1875,6.5625,0,1,0,0;
custom,cuboid,default,0.0125,.025,.0125,1,1,1,1,1.0,1.0,23.0625,100.125,7.6875,0,1,0,1;
custom,cuboid,default,0.0125,.025,.0125,1,1,1,1,1.0,1.0,23.0625,100.125,6.5625,0,1,0,1;
custom,cuboid,default,0.0125,.025,.0125,1,1,1,1,1.0,1.0,24.9375,100.125,7.6875,0,1,0,1;
custom,cuboid,default,0.0125,.025,.0125,1,1,1,1,1.0,1.0,24.9375,100.125,6.5625,0,1,0,1;
custom,capsule,default,0.1,.055,.025,1,1,1,1,1.0,1.0,23.575,100.75,7.5625,1,1,0,0;
custom,capsule,default,0.1,.055,.025,1,1,1,1,1.0,1.0,24.575,100.75,7.5625,1,1,0,0;
custom,cuboid,default,0.085,0.02,0.085,1,0.1,0.1,0.1,1,1,23.5,100.32499999999999,7.0,0,1,0,0;
custom,cuboid,default,0.085,0.02,0.085,1,0.1,0.1,0.1,1,1,23.5,100.42500000000001,7.0,0,1,0,0;
custom,cuboid,default,0.009999999999999998,0.02,0.085,1,0.1,0.1,0.1,1,1,23.075000000000003,100.375,7.0,1,1,0,0;
custom,cuboid,default,0.009999999999999998,0.02,0.085,1,0.1,0.1,0.1,1,1,23.924999999999997,100.375,7.0,1,1,0,0;
custom,cuboid,default,0.085,0.02,0.009999999999999998,1,0.1,0.1,0.1,1,1,23.5,100.375,7.425000000000001,0,1,1,0;
custom,cuboid,default,0.085,0.02,0.009999999999999998,1,0.1,0.1,0.1,1,1,23.5,100.375,6.574999999999999,0,1,1,0;
custom,cylinder,default,0.02,0.004999999999999999,0.02,1,0.1,0.1,0.1,1,1,23.924999999999997,100.375,6.574999999999999,0,1,0,0;
custom,cylinder,default,0.02,0.004999999999999999,0.02,1,0.1,0.1,0.1,1,1,23.075000000000003,100.375,6.574999999999999,0,1,0,0;
custom,cylinder,default,0.02,0.004999999999999999,0.02,1,0.1,0.1,0.1,1,1,23.075000000000003,100.375,7.425000000000001,0,1,0,0;
custom,cylinder,default,0.02,0.004999999999999999,0.02,1,0.1,0.1,0.1,1,1,23.924999999999997,100.375,7.425000000000001,0,1,0,0;
custom,cylinder,default,0.02,0.0425,0.02,1,0.1,0.1,0.1,1,1,23.5,100.42500000000001,6.574999999999999,1,1,0,0;
custom,cylinder,default,0.02,0.0425,0.02,1,0.1,0.1,0.1,1,1,23.5,100.42500000000001,7.425000000000001,1,1,0,0;
custom,cylinder,default,0.02,0.0425,0.02,1,0.1,0.1,0.1,1,1,23.5,100.32499999999999,6.574999999999999,1,1,0,0;
custom,cylinder,default,0.02,0.0425,0.02,1,0.1,0.1,0.1,1,1,23.5,100.32499999999999,7.425000000000001,1,1,0,0;
custom,cylinder,default,0.02,0.0425,0.02,1,0.1,0.1,0.1,1,1,23.075000000000003,100.42500000000001,7.0,0,1,1,0;
custom,cylinder,default,0.02,0.0425,0.02,1,0.1,0.1,0.1,1,1,23.924999999999997,100.42500000000001,7.0,0,1,1,0;
custom,cylinder,default,0.02,0.0425,0.02,1,0.1,0.1,0.1,1,1,23.075000000000003,100.32499999999999,7.0,0,1,1,0;
custom,cylinder,default,0.02,0.0425,0.02,1,0.1,0.1,0.1,1,1,23.924999999999997,100.32499999999999,7.0,0,1,1,0;
custom,sphere,default,0.018500000000000003,0.018500000000000003,0.018500000000000003,1,0.1,0.1,0.1,1,1,23.930199999999996,100.30799999999999,7.4149,0,1,0,0;
custom,sphere,default,0.018500000000000003,0.018500000000000003,0.018500000000000003,1,0.1,0.1,0.1,1,1,23.930199999999996,100.30799999999999,6.564899999999999,0,1,0,0;
custom,sphere,default,0.018500000000000003,0.018500000000000003,0.018500000000000003,1,0.1,0.1,0.1,1,1,23.0802,100.30799999999999,7.4149,0,1,0,0;
custom,sphere,default,0.018500000000000003,0.018500000000000003,0.018500000000000003,1,0.1,0.1,0.1,1,1,23.0802,100.30799999999999,6.564899999999999,0,1,0,0;
custom,sphere,default,0.018500000000000003,0.018500000000000003,0.018500000000000003,1,0.1,0.1,0.1,1,1,23.930199999999996,100.40800000000002,7.4149,0,1,0,0;
custom,sphere,default,0.018500000000000003,0.018500000000000003,0.018500000000000003,1,0.1,0.1,0.1,1,1,23.930199999999996,100.40800000000002,6.564899999999999,0,1,0,0;
custom,sphere,default,0.018500000000000003,0.018500000000000003,0.018500000000000003,1,0.1,0.1,0.1,1,1,23.0802,100.40800000000002,7.4149,0,1,0,0;
custom,sphere,default,0.018500000000000003,0.018500000000000003,0.018500000000000003,1,0.1,0.1,0.1,1,1,23.0802,100.40800000000002,6.564899999999999,0,1,0,0;
custom,cuboid,default,0.085,0.02,0.085,1,0.1,0.1,0.1,1,1,24.5,100.32499999999999,7.0,0,1,0,0;
custom,cuboid,default,0.085,0.02,0.085,1,0.1,0.1,0.1,1,1,24.5,100.42500000000001,7.0,0,1,0,0;
custom,cuboid,default,0.009999999999999998,0.02,0.085,1,0.1,0.1,0.1,1,1,24.075000000000003,100.375,7.0,1,1,0,0;
custom,cuboid,default,0.009999999999999998,0.02,0.085,1,0.1,0.1,0.1,1,1,24.924999999999997,100.375,7.0,1,1,0,0;
custom,cuboid,default,0.085,0.02,0.009999999999999998,1,0.1,0.1,0.1,1,1,24.5,100.375,7.425000000000001,0,1,1,0;
custom,cuboid,default,0.085,0.02,0.009999999999999998,1,0.1,0.1,0.1,1,1,24.5,100.375,6.574999999999999,0,1,1,0;
custom,cylinder,default,0.02,0.004999999999999999,0.02,1,0.1,0.1,0.1,1,1,24.924999999999997,100.375,6.574999999999999,0,1,0,0;
custom,cylinder,default,0.02,0.004999999999999999,0.02,1,0.1,0.1,0.1,1,1,24.075000000000003,100.375,6.574999999999999,0,1,0,0;
custom,cylinder,default,0.02,0.004999999999999999,0.02,1,0.1,0.1,0.1,1,1,24.075000000000003,100.375,7.425000000000001,0,1,0,0;
custom,cylinder,default,0.02,0.004999999999999999,0.02,1,0.1,0.1,0.1,1,1,24.924999999999997,100.375,7.425000000000001,0,1,0,0;
custom,cylinder,default,0.02,0.0425,0.02,1,0.1,0.1,0.1,1,1,24.5,100.42500000000001,6.574999999999999,1,1,0,0;
custom,cylinder,default,0.02,0.0425,0.02,1,0.1,0.1,0.1,1,1,24.5,100.42500000000001,7.425000000000001,1,1,0,0;
custom,cylinder,default,0.02,0.0425,0.02,1,0.1,0.1,0.1,1,1,24.5,100.32499999999999,6.574999999999999,1,1,0,0;
custom,cylinder,default,0.02,0.0425,0.02,1,0.1,0.1,0.1,1,1,24.5,100.32499999999999,7.425000000000001,1,1,0,0;
custom,cylinder,default,0.02,0.0425,0.02,1,0.1,0.1,0.1,1,1,24.075000000000003,100.42500000000001,7.0,0,1,1,0;
custom,cylinder,default,0.02,0.0425,0.02,1,0.1,0.1,0.1,1,1,24.924999999999997,100.42500000000001,7.0,0,1,1,0;
custom,cylinder,default,0.02,0.0425,0.02,1,0.1,0.1,0.1,1,1,24.075000000000003,100.32499999999999,7.0,0,1,1,0;
custom,cylinder,default,0.02,0.0425,0.02,1,0.1,0.1,0.1,1,1,24.924999999999997,100.32499999999999,7.0,0,1,1,0;
custom,sphere,default,0.018500000000000003,0.018500000000000003,0.018500000000000003,1,0.1,0.1,0.1,1,1,24.930199999999996,100.30799999999999,7.4149,0,1,0,0;
custom,sphere,default,0.018500000000000003,0.018500000000000003,0.018500000000000003,1,0.1,0.1,0.1,1,1,24.930199999999996,100.30799999999999,6.564899999999999,0,1,0,0;
custom,sphere,default,0.018500000000000003,0.018500000000000003,0.018500000000000003,1,0.1,0.1,0.1,1,1,24.0802,100.30799999999999,7.4149,0,1,0,0;
custom,sphere,default,0.018500000000000003,0.018500000000000003,0.018500000000000003,1,0.1,0.1,0.1,1,1,24.0802,100.30799999999999,6.564899999999999,0,1,0,0;
custom,sphere,default,0.018500000000000003,0.018500000000000003,0.018500000000000003,1,0.1,0.1,0.1,1,1,24.930199999999996,100.40800000000002,7.4149,0,1,0,0;
custom,sphere,default,0.018500000000000003,0.018500000000000003,0.018500000000000003,1,0.1,0.1,0.1,1,1,24.930199999999996,100.40800000000002,6.564899999999999,0,1,0,0;
custom,sphere,default,0.018500000000000003,0.018500000000000003,0.018500000000000003,1,0.1,0.1,0.1,1,1,24.0802,100.40800000000002,7.4149,0,1,0,0;
custom,sphere,default,0.018500000000000003,0.018500000000000003,0.018500000000000003,1,0.1,0.1,0.1,1,1,24.0802,100.40800000000002,6.564899999999999,0,1,0,0;
custom,cuboid,default,.05,.009375,.1,1,.8,1,1,1,1,25.625,100.046875,4.5,0,1,0,0;
custom,cuboid,default,.04,.025,.075,1,.8,1,1,1,1,25.625,100.125,4.5,0,1,0,0;
custom,cuboid,default,.05,.15,.09,1,.8,1,1,1,1,25.625,100.875,4.5,0,1,0,0;
custom,cuboid,default,.05,.009375,.1,1,.8,1,1,1,1,22.375,100.046875,4.5,0,1,0,0;
custom,cuboid,default,.04,.025,.075,1,.8,1,1,1,1,22.375,100.125,4.5,0,1,0,0;
custom,cuboid,default,.05,.15,.09,1,.8,1,1,1,1,22.375,100.875,4.5,0,1,0,0;
custom,cuboid,default,.25,.003125,.1,1,.8,1,1,1,1,24,100.359375,4.5,0,1,0,0;
custom,cuboid,default,.25,.003125,.09,1,.8,1,1,1,1,24,100.125,4.5,0,1,0,0;
custom,cuboid,default,.003125,.0375,.1,1,.8,1,1,1,1,25.234375,100.1875,4.5,0,1,0,0;
custom,cuboid,default,.003125,.0375,.1,1,.8,1,1,1,1,22.765625,100.1875,4.5,0,1,0,0;
custom,cuboid,default,.003125,.2,.1,1,.8,1,1,1,1,21.109375,101,4.5,0,1,0,0;
custom,cuboid,default,.003125,.2,.1,1,.8,1,1,1,1,21.890625,101,4.5,0,1,0,0;
custom,cuboid,default,.08125,.003125,.1,1,.8,1,1,1,1,21.5,102.015625,4.5,0,1,0,0;
custom,cuboid,default,.075,.0125,.08,1,.8,1,1,1,1,21.5,100.0625,4.5,0,1,0,0;
custom,cuboid,default,.075,.003125,.09,1,.9,1,1,1,1,21.5,100.140625,4.5,0,1,0,0;
custom,cuboid,default,.075,.003125,.09,1,.9,1,1,1,1,21.5,100.484375,4.5,0,1,0,0;
custom,cuboid,default,.075,.003125,.09,1,.9,1,1,1,1,21.5,100.859375,4.5,0,1,0,0;
custom,cuboid,default,.075,.003125,.09,1,.9,1,1,1,1,21.5,101.234375,4.5,0,1,0,0;
custom,cuboid,default,.075,.003125,.09,1,.9,1,1,1,1,21.5,101.609375,4.5,0,1,0,0;
custom,cuboid,default,.2,.00625,.0125,1,.9,.5,1,1,1,24,100.96875,9.0625,0,1,0,0;
custom,cuboid,default,.2,.00625,.0125,1,.9,.5,1,1,1,24,100.96875,11.9375,0,1,0,0;
custom,cuboid,default,.3,.00625,.0125,1,.9,.5,1,1,1,23.0625,100.96875,10.5,0,1,0,1;
custom,cuboid,default,.3,.00625,.0125,1,.9,.5,1,1,1,24.9375,100.96875,10.5,0,1,0,1;
custom,cuboid,default,.15,.0125,.25,1,.25,1,.25,1,1,24,100.875,10.5,0,1,0,0;
custom,cuboid,default,.1875,.03125,.00625,1,.5,.5,.5,1,1,24,100.78125,9.09375,0,1,0,0;
custom,cuboid,default,.1875,.03125,.00625,1,.5,.5,.5,1,1,24,100.78125,11.90625,0,1,0,0;
custom,cuboid,default,.2875,.03125,.00625,1,.5,.5,.5,1,1,23.09375,100.78125,10.5,0,1,0,1;
custom,cuboid,default,.2875,.03125,.00625,1,.5,.5,.5,1,1,24.90625,100.78125,10.5,0,1,0,1;
custom,cuboid,default,.025,.075,.025,1,.5,.5,.5,1,1,23.25,100.375,9.25,0,1,0,0;
custom,cuboid,default,.025,.075,.025,1,.5,.5,.5,1,1,23.25,100.375,11.75,0,1,0,0;
custom,cuboid,default,.025,.075,.025,1,.5,.5,.5,1,1,24.75,100.375,9.25,0,1,0,0;
custom,cuboid,default,.025,.075,.025,1,.5,.5,.5,1,1,24.75,100.375,11.75,0,1,0,0;
custom,cuboid,default,.15,.025,.00625,1,.25,1,.25,1,1,24,100.875,9.15625,0,1,0,0;
custom,cuboid,default,.15,.025,.00625,1,.25,1,.25,1,1,24,100.875,11.84375,0,1,0,0;
custom,cuboid,default,.11875,.025,.00625,1,.25,1,.25,1,1,23.15625,100.875,9.84375,0,1,0,1;
custom,cuboid,default,.11875,.025,.00625,1,.25,1,.25,1,1,23.15625,100.875,11.15625,0,1,0,1;
custom,cuboid,default,.11875,.025,.00625,1,.25,1,.25,1,1,24.84375,100.875,9.84375,0,1,0,1;
custom,cuboid,default,.11875,.025,.00625,1,.25,1,.25,1,1,24.84375,100.875,11.15625,0,1,0,1;
custom,cuboid,default,.15,.0125,.0125,1,.25,1,.25,1,1,24,100.875,9.25,0,1,0,0;
custom,cuboid,default,.15,.0125,.0125,1,.25,1,.25,1,1,24,100.875,11.75,0,1,0,0;
custom,cuboid,default,.11875,.0125,.0125,1,.25,1,.25,1,1,23.25,100.875,9.84375,0,1,0,1;
custom,cuboid,default,.11875,.0125,.0125,1,.25,1,.25,1,1,24.75,100.875,9.84375,0,1,0,1;
custom,cuboid,default,.11875,.0125,.0125,1,.25,1,.25,1,1,23.25,100.875,11.15625,0,1,0,1;
custom,cuboid,default,.11875,.0125,.0125,1,.25,1,.25,1,1,24.75,100.875,11.15625,0,1,0,1;
custom,cuboid,default,-0.00385,0.026000000000000002,0.0022500000000000007,1,0.1,0.1,0.1,1,1,23.1875,100.875,9.25875,0,0,0,1;
custom,cuboid,default,-0.00385,0.026000000000000002,0.0022500000000000007,1,0.1,0.1,0.1,1,1,23.15515,100.875,9.25098,0,-0.23345,0,0.97237;
custom,cuboid,default,-0.00385,0.026000000000000002,0.0022500000000000007,1,0.1,0.1,0.1,1,1,23.12986,100.875,9.22938,0,-0.45399,0,0.89101;
custom,cuboid,default,-0.00385,0.026000000000000002,0.0022500000000000007,1,0.1,0.1,0.1,1,1,23.11713,100.875,9.19865,0,-0.64945,0,0.76041;
custom,cuboid,default,-0.00385,0.026000000000000002,0.0022500000000000007,1,0.1,0.1,0.1,1,1,23.11974,100.875,9.16548,0,-0.80902,0,0.58779;
custom,cuboid,default,-0.00385,0.026000000000000002,0.0022500000000000007,1,0.1,0.1,0.1,1,1,23.13712,100.875,9.13712,0,-0.92388,0,0.38268;
custom,cuboid,default,-0.00385,0.026000000000000002,0.0022500000000000007,1,0.1,0.1,0.1,1,1,23.16548,100.875,9.11974,0,-0.98769,0,0.15643;
custom,cuboid,default,-0.00385,0.026000000000000002,0.0022500000000000007,1,0.1,0.1,0.1,1,1,23.19865,100.875,9.11713,0,-0.99692,0,-0.07846;
custom,cuboid,default,-0.00385,0.026000000000000002,0.0022500000000000007,1,0.1,0.1,0.1,1,1,23.22938,100.875,9.12986,0,-0.95106,0,-0.30902;
custom,cuboid,default,-0.00385,0.026000000000000002,0.0022500000000000007,1,0.1,0.1,0.1,1,1,23.25098,100.875,9.15515,0,-0.85264,0,-0.5225;
custom,cuboid,default,-0.00385,0.026000000000000002,0.0022500000000000007,1,0.1,0.1,0.1,1,1,23.25875,100.875,9.1875,0,-0.70711,0,-0.70711;
custom,cuboid,default,-0.00258,0.026000000000000002,0.0022500000000000007,1,0.1,0.1,0.1,1,1,23.1875,100.875,10.57125,0,0,0,1;
custom,cuboid,default,-0.00258,0.026000000000000002,0.0022500000000000007,1,0.1,0.1,0.1,1,1,23.16548,100.875,10.56776,0,-0.15643,0,0.98769;
custom,cuboid,default,-0.00258,0.026000000000000002,0.0022500000000000007,1,0.1,0.1,0.1,1,1,23.14562,100.875,10.55764,0,-0.30902,0,0.95106;
custom,cuboid,default,-0.00258,0.026000000000000002,0.0022500000000000007,1,0.1,0.1,0.1,1,1,23.12986,100.875,10.54188,0,-0.45399,0,0.89101;
custom,cuboid,default,-0.00258,0.026000000000000002,0.0022500000000000007,1,0.1,0.1,0.1,1,1,23.11974,100.875,10.52202,0,-0.58779,0,0.80902;
custom,cuboid,default,-0.00258,0.026000000000000002,0.0022500000000000007,1,0.1,0.1,0.1,1,1,23.11625,100.875,10.5,0,-0.70711,0,0.70711;
custom,cuboid,default,-0.00258,0.026000000000000002,0.0022500000000000007,1,0.1,0.1,0.1,1,1,23.11974,100.875,10.47798,0,-0.80902,0,0.58779;
custom,cuboid,default,-0.00258,0.026000000000000002,0.0022500000000000007,1,0.1,0.1,0.1,1,1,23.12986,100.875,10.45812,0,-0.89101,0,0.45399;
custom,cuboid,default,-0.00258,0.026000000000000002,0.0022500000000000007,1,0.1,0.1,0.1,1,1,23.14562,100.875,10.44236,0,-0.95106,0,0.30902;
custom,cuboid,default,-0.00258,0.026000000000000002,0.0022500000000000007,1,0.1,0.1,0.1,1,1,23.16548,100.875,10.43224,0,-0.98769,0,0.15643;
custom,cuboid,default,-0.00258,0.026000000000000002,0.0022500000000000007,1,0.1,0.1,0.1,1,1,23.1875,100.875,10.42875,0,-1,0,0;
custom,cuboid,default,-0.00385,0.026000000000000002,0.0022500000000000007,1,0.1,0.1,0.1,1,1,23.25875,100.875,11.8125,0,0.70711,0,0.70711;
custom,cuboid,default,-0.00385,0.026000000000000002,0.0022500000000000007,1,0.1,0.1,0.1,1,1,23.25098,100.875,11.84485,0,0.5225,0,0.85264;
custom,cuboid,default,-0.00385,0.026000000000000002,0.0022500000000000007,1,0.1,0.1,0.1,1,1,23.22938,100.875,11.87014,0,0.30902,0,0.95106;
custom,cuboid,default,-0.00385,0.026000000000000002,0.0022500000000000007,1,0.1,0.1,0.1,1,1,23.19865,100.875,11.88287,0,0.07846,0,0.99692;
custom,cuboid,default,-0.00385,0.026000000000000002,0.0022500000000000007,1,0.1,0.1,0.1,1,1,23.16548,100.875,11.88026,0,-0.15643,0,0.98769;
custom,cuboid,default,-0.00385,0.026000000000000002,0.0022500000000000007,1,0.1,0.1,0.1,1,1,23.13712,100.875,11.86288,0,-0.38268,0,0.92388;
custom,cuboid,default,-0.00385,0.026000000000000002,0.0022500000000000007,1,0.1,0.1,0.1,1,1,23.11974,100.875,11.83452,0,-0.58779,0,0.80902;
custom,cuboid,default,-0.00385,0.026000000000000002,0.0022500000000000007,1,0.1,0.1,0.1,1,1,23.11713,100.875,11.80135,0,-0.76041,0,0.64945;
custom,cuboid,default,-0.00385,0.026000000000000002,0.0022500000000000007,1,0.1,0.1,0.1,1,1,23.12986,100.875,11.77062,0,-0.89101,0,0.45399;
custom,cuboid,default,-0.00385,0.026000000000000002,0.0022500000000000007,1,0.1,0.1,0.1,1,1,23.15515,100.875,11.74902,0,-0.97237,0,0.23345;
custom,cuboid,default,-0.00385,0.026000000000000002,0.0022500000000000007,1,0.1,0.1,0.1,1,1,23.1875,100.875,11.74125,0,-1,0,0;
custom,cuboid,default,-0.00385,0.026000000000000002,0.0022500000000000007,1,0.1,0.1,0.1,1,1,24.8125,100.875,11.74125,0,1,0,0;
custom,cuboid,default,-0.00385,0.026000000000000002,0.0022500000000000007,1,0.1,0.1,0.1,1,1,24.84485,100.875,11.74902,0,0.97237,0,0.23345;
custom,cuboid,default,-0.00385,0.026000000000000002,0.0022500000000000007,1,0.1,0.1,0.1,1,1,24.87014,100.875,11.77062,0,0.89101,0,0.45399;
custom,cuboid,default,-0.00385,0.026000000000000002,0.0022500000000000007,1,0.1,0.1,0.1,1,1,24.88287,100.875,11.80135,0,0.76041,0,0.64945;
custom,cuboid,default,-0.00385,0.026000000000000002,0.0022500000000000007,1,0.1,0.1,0.1,1,1,24.88026,100.875,11.83452,0,0.58779,0,0.80902;
custom,cuboid,default,-0.00385,0.026000000000000002,0.0022500000000000007,1,0.1,0.1,0.1,1,1,24.86288,100.875,11.86288,0,0.38268,0,0.92388;
custom,cuboid,default,-0.00385,0.026000000000000002,0.0022500000000000007,1,0.1,0.1,0.1,1,1,24.83452,100.875,11.88026,0,0.15643,0,0.98769;
custom,cuboid,default,-0.00385,0.026000000000000002,0.0022500000000000007,1,0.1,0.1,0.1,1,1,24.80135,100.875,11.88287,0,-0.07846,0,0.99692;
custom,cuboid,default,-0.00385,0.026000000000000002,0.0022500000000000007,1,0.1,0.1,0.1,1,1,24.77062,100.875,11.87014,0,-0.30902,0,0.95106;
custom,cuboid,default,-0.00385,0.026000000000000002,0.0022500000000000007,1,0.1,0.1,0.1,1,1,24.74902,100.875,11.84485,0,-0.5225,0,0.85264;
custom,cuboid,default,-0.00385,0.026000000000000002,0.0022500000000000007,1,0.1,0.1,0.1,1,1,24.74125,100.875,11.8125,0,-0.70711,0,0.70711;
custom,cuboid,default,-0.00258,0.026,0.00225,1,0.1,0.1,0.1,1,1,24.8125,100.875,10.42875,0,1,0,0;
custom,cuboid,default,-0.00258,0.026000000000000002,0.0022500000000000007,1,0.1,0.1,0.1,1,1,24.83452,100.875,10.43224,0,0.98769,0,0.15643;
custom,cuboid,default,-0.00258,0.026000000000000002,0.0022500000000000007,1,0.1,0.1,0.1,1,1,24.85438,100.875,10.44236,0,0.95106,0,0.30902;
custom,cuboid,default,-0.00258,0.026000000000000002,0.0022500000000000007,1,0.1,0.1,0.1,1,1,24.87014,100.875,10.45812,0,0.89101,0,0.45399;
custom,cuboid,default,-0.00258,0.026000000000000002,0.0022500000000000007,1,0.1,0.1,0.1,1,1,24.88026,100.875,10.47798,0,0.80902,0,0.58779;
custom,cuboid,default,-0.00258,0.026000000000000002,0.0022500000000000007,1,0.1,0.1,0.1,1,1,24.88375,100.875,10.5,0,0.70711,0,0.70711;
custom,cuboid,default,-0.00258,0.026000000000000002,0.0022500000000000007,1,0.1,0.1,0.1,1,1,24.88026,100.875,10.52202,0,0.58779,0,0.80902;
custom,cuboid,default,-0.00258,0.026000000000000002,0.0022500000000000007,1,0.1,0.1,0.1,1,1,24.87014,100.875,10.54188,0,0.45399,0,0.89101;
custom,cuboid,default,-0.00258,0.026000000000000002,0.0022500000000000007,1,0.1,0.1,0.1,1,1,24.85438,100.875,10.55764,0,0.30902,0,0.95106;
custom,cuboid,default,-0.00258,0.026000000000000002,0.0022500000000000007,1,0.1,0.1,0.1,1,1,24.83452,100.875,10.56776,0,0.15643,0,0.98769;
custom,cuboid,default,-0.00258,0.026000000000000002,0.0022500000000000007,1,0.1,0.1,0.1,1,1,24.8125,100.875,10.57125,0,0,0,1;
custom,cuboid,default,-0.00385,0.026000000000000002,0.0022500000000000007,1,0.1,0.1,0.1,1,1,24.74125,100.875,9.1875,0,0.70711,0,-0.70711;
custom,cuboid,default,-0.00385,0.026000000000000002,0.0022500000000000007,1,0.1,0.1,0.1,1,1,24.74902,100.875,9.15515,0,0.85264,0,-0.5225;
custom,cuboid,default,-0.00385,0.026000000000000002,0.0022500000000000007,1,0.1,0.1,0.1,1,1,24.77062,100.875,9.12986,0,0.95106,0,-0.30902;
custom,cuboid,default,-0.00385,0.026000000000000002,0.0022500000000000007,1,0.1,0.1,0.1,1,1,24.80135,100.875,9.11713,0,0.99692,0,-0.07846;
custom,cuboid,default,-0.00385,0.026000000000000002,0.0022500000000000007,1,0.1,0.1,0.1,1,1,24.83452,100.875,9.11974,0,0.98769,0,0.15643;
custom,cuboid,default,-0.00385,0.026000000000000002,0.0022500000000000007,1,0.1,0.1,0.1,1,1,24.86288,100.875,9.13712,0,0.92388,0,0.38268;
custom,cuboid,default,-0.00385,0.026000000000000002,0.0022500000000000007,1,0.1,0.1,0.1,1,1,24.88026,100.875,9.16548,0,0.80902,0,0.58779;
custom,cuboid,default,-0.00385,0.026000000000000002,0.0022500000000000007,1,0.1,0.1,0.1,1,1,24.88287,100.875,9.19865,0,0.64945,0,0.76041;
custom,cuboid,default,-0.00385,0.026000000000000002,0.0022500000000000007,1,0.1,0.1,0.1,1,1,24.87014,100.875,9.22938,0,0.45399,0,0.89101;
custom,cuboid,default,-0.00385,0.026000000000000002,0.0022500000000000007,1,0.1,0.1,0.1,1,1,24.84485,100.875,9.25098,0,0.23345,0,0.97237;
custom,cuboid,default,-0.00385,0.026000000000000002,0.0022500000000000007,1,0.1,0.1,0.1,1,1,24.8125,100.875,9.25875,0,0,0,1;
custom,cuboid,default,-0.00313,0.0125,0.004000000000000001,1,0.25,1,0.25,1,1,23.2675,100.875,9.1875,0,0.70711,0,0.70711;
custom,cuboid,default,-0.00313,0.0125,0.004000000000000001,1,0.25,1,0.25,1,1,23.26358,100.875,9.21222,0,0.58779,0,0.80902;
custom,cuboid,default,-0.00313,0.0125,0.004000000000000001,1,0.25,1,0.25,1,1,23.25222,100.875,9.23452,0,0.45399,0,0.89101;
custom,cuboid,default,-0.00313,0.0125,0.004000000000000001,1,0.25,1,0.25,1,1,23.23452,100.875,9.25222,0,0.30902,0,0.95106;
custom,cuboid,default,-0.00313,0.0125,0.004000000000000001,1,0.25,1,0.25,1,1,23.21222,100.875,9.26358,0,0.15643,0,0.98769;
custom,cuboid,default,-0.00313,0.0125,0.004000000000000001,1,0.25,1,0.25,1,1,23.1875,100.875,9.2675,0,0,0,1;
custom,cuboid,default,-0.00618,0.0125,0.004000000000000001,1,0.25,1,0.25,1,1,23.1875,100.875,10.42,0,1,0,0;
custom,cuboid,default,-0.00618,0.0125,0.004000000000000001,1,0.25,1,0.25,1,1,23.23452,100.875,10.43528,0,0.95106,0,0.30902;
custom,cuboid,default,-0.00618,0.0125,0.004000000000000001,1,0.25,1,0.25,1,1,23.26358,100.875,10.47528,0,0.80902,0,0.58779;
custom,cuboid,default,-0.00618,0.0125,0.004000000000000001,1,0.25,1,0.25,1,1,23.26358,100.875,10.52472,0,0.58779,0,0.80902;
custom,cuboid,default,-0.00618,0.0125,0.004000000000000001,1,0.25,1,0.25,1,1,23.23452,100.875,10.56472,0,0.30902,0,0.95106;
custom,cuboid,default,-0.00618,0.0125,0.004000000000000001,1,0.25,1,0.25,1,1,23.1875,100.875,10.58,0,0,0,1;
custom,cuboid,default,-0.00313,0.0125,0.004000000000000001,1,0.25,1,0.25,1,1,23.1875,100.875,11.7325,0,1,0,0;
custom,cuboid,default,-0.00313,0.0125,0.004000000000000001,1,0.25,1,0.25,1,1,23.21222,100.875,11.73642,0,0.98769,0,0.15643;
custom,cuboid,default,-0.00313,0.0125,0.004000000000000001,1,0.25,1,0.25,1,1,23.23452,100.875,11.74778,0,0.95106,0,0.30902;
custom,cuboid,default,-0.00313,0.0125,0.004000000000000001,1,0.25,1,0.25,1,1,23.25222,100.875,11.76548,0,0.89101,0,0.45399;
custom,cuboid,default,-0.00313,0.0125,0.004000000000000001,1,0.25,1,0.25,1,1,23.26358,100.875,11.78778,0,0.80902,0,0.58779;
custom,cuboid,default,-0.00313,0.0125,0.004000000000000001,1,0.25,1,0.25,1,1,23.2675,100.875,11.8125,0,0.70711,0,0.70711;
custom,cuboid,default,-0.00313,0.0125,0.004000000000000001,1,0.25,1,0.25,1,1,24.7325,100.875,11.8125,0,-0.70711,0,0.70711;
custom,cuboid,default,-0.00313,0.0125,0.004000000000000001,1,0.25,1,0.25,1,1,24.73642,100.875,11.78778,0,-0.80902,0,0.58779;
custom,cuboid,default,-0.00313,0.0125,0.004000000000000001,1,0.25,1,0.25,1,1,24.74778,100.875,11.76548,0,-0.89101,0,0.45399;
custom,cuboid,default,-0.00313,0.0125,0.004000000000000001,1,0.25,1,0.25,1,1,24.76548,100.875,11.74778,0,-0.95106,0,0.30902;
custom,cuboid,default,-0.00313,0.0125,0.004000000000000001,1,0.25,1,0.25,1,1,24.78778,100.875,11.73642,0,-0.98769,0,0.15643;
custom,cuboid,default,-0.00313,0.0125,0.004000000000000001,1,0.25,1,0.25,1,1,24.8125,100.875,11.7325,0,-1,0,0;
custom,cuboid,default,-0.00618,0.0125,0.004000000000000001,1,0.25,1,0.25,1,1,24.8125,100.875,10.58,0,0,0,1;
custom,cuboid,default,-0.00618,0.0125,0.004000000000000001,1,0.25,1,0.25,1,1,24.76548,100.875,10.56472,0,-0.30902,0,0.95106;
custom,cuboid,default,-0.00618,0.0125,0.004000000000000001,1,0.25,1,0.25,1,1,24.73642,100.875,10.52472,0,-0.58779,0,0.80902;
custom,cuboid,default,-0.00618,0.0125,0.004000000000000001,1,0.25,1,0.25,1,1,24.73642,100.875,10.47528,0,-0.80902,0,0.58779;
custom,cuboid,default,-0.00618,0.0125,0.004000000000000001,1,0.25,1,0.25,1,1,24.76548,100.875,10.43528,0,-0.95106,0,0.30902;
custom,cuboid,default,-0.00618,0.0125,0.004000000000000001,1,0.25,1,0.25,1,1,24.8125,100.875,10.42,0,-1,0,0;
custom,cuboid,default,-0.00313,0.0125,0.004000000000000001,1,0.25,1,0.25,1,1,24.8125,100.875,9.2675,0,0,0,1;
custom,cuboid,default,-0.00313,0.0125,0.004000000000000001,1,0.25,1,0.25,1,1,24.78778,100.875,9.26358,0,-0.15643,0,0.98769;
custom,cuboid,default,-0.00313,0.0125,0.004000000000000001,1,0.25,1,0.25,1,1,24.76548,100.875,9.25222,0,-0.30902,0,0.95106;
custom,cuboid,default,-0.00313,0.0125,0.004000000000000001,1,0.25,1,0.25,1,1,24.74778,100.875,9.23452,0,-0.45399,0,0.89101;
custom,cuboid,default,-0.00313,0.0125,0.004000000000000001,1,0.25,1,0.25,1,1,24.73642,100.875,9.21222,0,-0.58779,0,0.80902;
custom,cuboid,default,-0.00313,0.0125,0.004000000000000001,1,0.25,1,0.25,1,1,24.7325,100.875,9.1875,0,-0.70711,0,0.70711;
custom,cuboid,default,0.27,0.01875,0.045,1,01,1,1.25,1.0,1.0,8.375,100.8125,3.25,0,1,0,0;
custom,cuboid,default,0.2625,0.025,0.00625,1,0.5,0.5,0.5,1.0,1.0,8.375,101.03125,3.234375,0,1,0,0;
custom,cylinder,default,0.00625,0.13125,0.00625,1,0.5,0.5,0.5,1.0,1.0,8.375,101.15,3.234375,1,1,0,0;
custom,cuboid,default,0.00625,0.2625,0.00625,1,0.5,0.5,0.5,1.0,1.0,8.375,101.15,3.25,1,1,0,0;
custom,cuboid,default,0.265,0.0125,0.05,1,0.25,0.25,0.25,1.0,1.0,8.375,100.8125,3.25,0,1,0,0;
custom,cuboid,default,0.00625,0.0125,0.0625,1,0.25,0.25,0.25,1.0,1.0,7.03125,100.8125,3.25,0,1,0,0;
custom,cuboid,default,0.00625,0.0125,0.025,1,0.25,0.25,0.25,1.0,1.0,7.03125,101.1875,3.15625,0,1,0,0;
custom,cuboid,default,0.00625,0.0125,0.04,1,0.25,0.25,0.25,1.0,1.0,7.03125,100.9,3.25,0,1,0,0;
custom,cuboid,default,0.00625,0.025,0.02,1,0.25,0.25,0.25,1.0,1.0,7.03125,101,3.125,0,1,0,0;
custom,cuboid,default,0.00625,-0.00391,0.0125,1,0.25,0.25,0.25,1.0,1.0,7.03125,100.90625,3.4375,0,-0.70711,0.70711,0;
custom,cuboid,default,0.00625,-0.00391,0.0125,1,0.25,0.25,0.25,1.0,1.0,7.03125,100.90319,3.45681,0,-0.80902,0.58779,0;
custom,cuboid,default,0.00625,-0.00391,0.0125,1,0.25,0.25,0.25,1.0,1.0,7.03125,100.89431,3.47424,0,-0.89101,0.45399,0;
custom,cuboid,default,0.00625,-0.00391,0.0125,1,0.25,0.25,0.25,1.0,1.0,7.03125,100.88049,3.48806,0,-0.95106,0.30902,0;
custom,cuboid,default,0.00625,-0.00391,0.0125,1,0.25,0.25,0.25,1.0,1.0,7.03125,100.86306,3.49694,0,-0.98769,0.15643,0;
custom,cuboid,default,0.00625,-0.00391,0.0125,1,0.25,0.25,0.25,1.0,1.0,7.03125,100.84375,3.5,0,-1,0,0;
custom,cuboid,default,0.00625,-0.00782,0.009375,1,0.25,0.25,0.25,1.0,1.0,7.03125,100.92188,3.40625,0,0.70711,0.70711,0;
custom,cuboid,default,0.00625,-0.00782,0.009375,1,0.25,0.25,0.25,1.0,1.0,7.03125,100.93182,3.34348,0,0.58779,0.80902,0;
custom,cuboid,default,0.00625,-0.00782,0.009375,1,0.25,0.25,0.25,1.0,1.0,7.03125,100.96067,3.28686,0,0.45399,0.89101,0;
custom,cuboid,default,0.00625,-0.00782,0.009375,1,0.25,0.25,0.25,1.0,1.0,7.03125,101.00561,3.24192,0,0.30902,0.95106,0;
custom,cuboid,default,0.00625,-0.00782,0.009375,1,0.25,0.25,0.25,1.0,1.0,7.03125,101.06223,3.21307,0,0.15643,0.98769,0;
custom,cuboid,default,0.00625,-0.00782,0.009375,1,0.25,0.25,0.25,1.0,1.0,7.03125,101.125,3.20312,0,0,1,0;
custom,cuboid,default,0.00625,0.0125,0.0625,1,0.25,0.25,0.25,1.0,1.0,9.71875,100.8125,3.25,0,1,0,0;
custom,cuboid,default,0.00625,0.0125,0.025,1,0.25,0.25,0.25,1.0,1.0,9.71875,101.1875,3.15625,0,1,0,0;
custom,cuboid,default,0.00625,0.0125,0.04,1,0.25,0.25,0.25,1.0,1.0,9.71875,100.9,3.25,0,1,0,0;
custom,cuboid,default,0.00625,0.025,0.02,1,0.25,0.25,0.25,1.0,1.0,9.71875,101,3.125,0,1,0,0;
custom,cuboid,default,0.00625,-0.00391,0.0125,1,0.25,0.25,0.25,1.0,1.0,9.71875,100.90625,3.4375,0,-0.70711,0.70711,0;
custom,cuboid,default,0.00625,-0.00391,0.0125,1,0.25,0.25,0.25,1.0,1.0,9.71875,100.90319,3.45681,0,-0.80902,0.58779,0;
custom,cuboid,default,0.00625,-0.00391,0.0125,1,0.25,0.25,0.25,1.0,1.0,9.71875,100.89431,3.47424,0,-0.89101,0.45399,0;
custom,cuboid,default,0.00625,-0.00391,0.0125,1,0.25,0.25,0.25,1.0,1.0,9.71875,100.88049,3.48806,0,-0.95106,0.30902,0;
custom,cuboid,default,0.00625,-0.00391,0.0125,1,0.25,0.25,0.25,1.0,1.0,9.71875,100.86306,3.49694,0,-0.98769,0.15643,0;
custom,cuboid,default,0.00625,-0.00391,0.0125,1,0.25,0.25,0.25,1.0,1.0,9.71875,100.84375,3.5,0,-1,0,0;
custom,cuboid,default,0.00625,-0.00782,0.009375,1,0.25,0.25,0.25,1.0,1.0,9.71875,100.92188,3.40625,0,0.70711,0.70711,0;
custom,cuboid,default,0.00625,-0.00782,0.009375,1,0.25,0.25,0.25,1.0,1.0,9.71875,100.93182,3.34348,0,0.58779,0.80902,0;
custom,cuboid,default,0.00625,-0.00782,0.009375,1,0.25,0.25,0.25,1.0,1.0,9.71875,100.96067,3.28686,0,0.45399,0.89101,0;
custom,cuboid,default,0.00625,-0.00782,0.009375,1,0.25,0.25,0.25,1.0,1.0,9.71875,101.00561,3.24192,0,0.30902,0.95106,0;
custom,cuboid,default,0.00625,-0.00782,0.009375,1,0.25,0.25,0.25,1.0,1.0,9.71875,101.06223,3.21307,0,0.15643,0.98769,0;
custom,cuboid,default,0.00625,-0.00782,0.009375,1,0.25,0.25,0.25,1.0,1.0,9.71875,101.125,3.20312,0,0,1,0;
custom,cylinder,default,.075,0.003125,.0625,1,1,1,1,1.0,1.0,9,100.71875,.625,0,0,0,0;
custom,cylinder,default,.05,0.003125,.0375,1,.75,.75,.75,1.0,1.0,9,100.65625,.5625,0,0,0,0;
custom,cuboid,default,.025,0.00625,.0125,1,.5,.5,.5,1.0,1.0,9,100.59375,.5625,0,0,0,0;
custom,cuboid,default,.0125,0.05,.0125,1,.25,.25,.25,1.0,1.0,9,100.375,.5625,0,0,0,0;
custom,cuboid,default,.015,0.0125,.015,1,.5,.5,.5,1.0,1.0,9,100.1875,.5625,0,0,0,0;
custom,cylinder,default,.005,0.0125,.005,1,.5,.5,.5,1.0,1.0,9,100.1875,.5625,0,0,0,0;
custom,cylinder,default,.005,0.009,.005,1,0,0,0,1.0,1.0,8.97,100.0625,.5925,0.6532814824381883,0.27059805007309845,-0.27059805007309845,0.6532814824381882;
custom,cylinder,default,.0115,0.003,.0115,1,0,0,0,1.0,1.0,9.005,100.0625,.6275,0.6532814824381883,0.27059805007309845,-0.27059805007309845,0.6532814824381882;
custom,cylinder,default,.011,0.0035,.011,1,.75,.75,.75,1.0,1.0,9.005,100.0625,.6275,0.6532814824381883,0.27059805007309845,-0.27059805007309845,0.6532814824381882;
custom,cylinder,default,.0115,0.003,.0115,1,0,0,0,1.0,1.0,8.935,100.0625,.5575,0.6532814824381883,0.27059805007309845,-0.27059805007309845,0.6532814824381882;
custom,cylinder,default,.011,0.0035,.011,1,.75,.75,.75,1.0,1.0,8.935,100.0625,.5575,0.6532814824381883,0.27059805007309845,-0.27059805007309845,0.6532814824381882;
custom,cuboid,default,.275,0.009375,.0875,1,.5,.5,.5,1.0,1.0,8.375,100.703125,3.0625,0,0,0,0;
custom,cuboid,default,.2625,0.00625,.0625,1,.5,.5,.5,1.0,1.0,8.375,100.625,3.0625,0,0,0,0;
custom,cuboid,default,.0125,0.00625,.025,1,.5,.5,.5,1.0,1.0,7.1875,100.5625,3.0625,0,0,0,0;
custom,cuboid,default,.0125,0.05,.0125,1,.5,.5,.5,1.0,1.0,7.1875,100.5,3.0625,0,0,0,0;
custom,cuboid,default,.015,0.0125,.015,1,.5,.5,.5,1.0,1.0,7.1875,100.1875,3.0625,0,0,0,0;
custom,cylinder,default,.005,0.0125,.005,1,.5,.5,.5,1.0,1.0,7.1875,100.1875,3.0625,0,0,0,0;
custom,cylinder,default,.005,0.01,.005,1,0,0,0,1.0,1.0,7.1575,100.0625,3.0925,0.6532814824381883,0.27059805007309845,-0.27059805007309845,0.6532814824381882;
custom,cylinder,default,.0115,0.003,.0115,1,0,0,0,1.0,1.0,7.1975,100.0625,3.1325,0.6532814824381883,0.27059805007309845,-0.27059805007309845,0.6532814824381882;
custom,cylinder,default,.011,0.0035,.011,1,.75,.75,.75,1.0,1.0,7.1975,100.0625,3.1325,0.6532814824381883,0.27059805007309845,-0.27059805007309845,0.6532814824381882;
custom,cylinder,default,.0115,0.003,.0115,1,0,0,0,1.0,1.0,7.1175,100.0625,3.0525,0.6532814824381883,0.27059805007309845,-0.27059805007309845,0.6532814824381882;
custom,cylinder,default,.011,0.0035,.011,1,.75,.75,.75,1.0,1.0,7.1175,100.0625,3.0525,0.6532814824381883,0.27059805007309845,-0.27059805007309845,0.6532814824381882;
custom,cuboid,default,.0125,0.00625,.025,1,.5,.5,.5,1.0,1.0,9.5625,100.5625,3.0625,0,0,0,0;
custom,cuboid,default,.0125,0.05,.0125,1,.5,.5,.5,1.0,1.0,9.5625,100.5,3.0625,0,0,0,0;
custom,cuboid,default,.015,0.0125,.015,1,.5,.5,.5,1.0,1.0,9.5625,100.1875,3.0625,0,0,0,0;
custom,cylinder,default,.005,0.0125,.005,1,.5,.5,.5,1.0,1.0,9.5625,100.1875,3.0625,0,0,0,0;
custom,cylinder,default,.005,0.01,.005,1,0,0,0,1.0,1.0,9.5325,100.0625,3.0925,0.6532814824381883,0.27059805007309845,-0.27059805007309845,0.6532814824381882;
custom,cylinder,default,.0115,0.003,.0115,1,0,0,0,1.0,1.0,9.5725,100.0625,3.1325,0.6532814824381883,0.27059805007309845,-0.27059805007309845,0.6532814824381882;
custom,cylinder,default,.011,0.0035,.011,1,.75,.75,.75,1.0,1.0,9.5725,100.0625,3.1325,0.6532814824381883,0.27059805007309845,-0.27059805007309845,0.6532814824381882;
custom,cylinder,default,.0115,0.003,.0115,1,0,0,0,1.0,1.0,9.4925,100.0625,3.0525,0.6532814824381883,0.27059805007309845,-0.27059805007309845,0.6532814824381882;
custom,cylinder,default,.011,0.0035,.011,1,.75,.75,.75,1.0,1.0,9.4925,100.0625,3.0525,0.6532814824381883,0.27059805007309845,-0.27059805007309845,0.6532814824381882;
custom,cylinder,default,.15,0.001,.15,1,0.25,0.25,0.25,1.0,1.0,9,100.75,1,0,0,0,0;
custom,cuboid,default,.15,0.002,.25,1,0.25,0.25,0.25,1.0,1.0,9,100.75,2.25,0,0,0,0;
custom,cuboid,default,.125,0.002,.0875,1,0.25,0.25,0.25,1.0,1.0,7.625,100.75,3.0625,0,0,0,0;
custom,cylinder,default,.05,0.001,.05,1,0.25,0.25,0.25,1.0,1.0,7.25,100.75,2.625,0,0,0,0;
custom,cuboid,default,.1,0.002,.025,1,0.25,0.25,0.25,1.0,1.0,7.75,100.75,2.5,0,0,0,0;
custom,cuboid,default,-0.01309,0.002,0.05,1,0.25,0.25,0.25,1.0,1.0,8.5,100.75,1.375,0,0.70711,0,0.70711;
custom,cuboid,default,-0.01309,0.002,0.05,1,0.25,0.25,0.25,1.0,1.0,8.49524,100.75,1.48394,0,0.67559,0,0.73728;
custom,cuboid,default,-0.01309,0.002,0.05,1,0.25,0.25,0.25,1.0,1.0,8.48101,100.75,1.59206,0,0.64279,0,0.76604;
custom,cuboid,default,-0.01309,0.002,0.05,1,0.25,0.25,0.25,1.0,1.0,8.45741,100.75,1.69852,0,0.60876,0,0.79335;
custom,cuboid,default,-0.01309,0.002,0.05,1,0.25,0.25,0.25,1.0,1.0,8.42462,100.75,1.80253,0,0.57358,0,0.81915;
custom,cuboid,default,-0.01309,0.002,0.05,1,0.25,0.25,0.25,1.0,1.0,8.38288,100.75,1.90327,0,0.5373,0,0.84339;
custom,cuboid,default,-0.01309,0.002,0.05,1,0.25,0.25,0.25,1.0,1.0,8.33253,100.75,2,0,0.5,0,0.86603;
custom,cuboid,default,-0.01309,0.002,0.05,1,0.25,0.25,0.25,1.0,1.0,8.27394,100.75,2.09197,0,0.46175,0,0.88701;
custom,cuboid,default,-0.01309,0.002,0.05,1,0.25,0.25,0.25,1.0,1.0,8.20756,100.75,2.17848,0,0.42262,0,0.90631;
custom,cuboid,default,-0.01309,0.002,0.05,1,0.25,0.25,0.25,1.0,1.0,8.13388,100.75,2.25888,0,0.38268,0,0.92388;
custom,cuboid,default,-0.01309,0.002,0.05,1,0.25,0.25,0.25,1.0,1.0,8.05348,100.75,2.33256,0,0.34202,0,0.93969;
custom,cuboid,default,-0.01309,0.002,0.05,1,0.25,0.25,0.25,1.0,1.0,7.96697,100.75,2.39894,0,0.30071,0,0.95372;
custom,cuboid,default,-0.01309,0.002,0.05,1,0.25,0.25,0.25,1.0,1.0,7.875,100.75,2.45753,0,0.25882,0,0.96593;
custom,cuboid,default,-0.01309,0.002,0.05,1,0.25,0.25,0.25,1.0,1.0,7.77827,100.75,2.50788,0,0.21644,0,0.9763;
custom,cuboid,default,-0.01309,0.002,0.05,1,0.25,0.25,0.25,1.0,1.0,7.67753,100.75,2.54962,0,0.17365,0,0.98481;
custom,cuboid,default,-0.01309,0.002,0.05,1,0.25,0.25,0.25,1.0,1.0,7.57352,100.75,2.58241,0,0.13053,0,0.99144;
custom,cuboid,default,-0.01309,0.002,0.05,1,0.25,0.25,0.25,1.0,1.0,7.46706,100.75,2.60601,0,0.08716,0,0.99619;
custom,cuboid,default,-0.01309,0.002,0.05,1,0.25,0.25,0.25,1.0,1.0,7.35894,100.75,2.62024,0,0.04362,0,0.99905;
custom,cuboid,default,-0.01309,0.002,0.05,1,0.25,0.25,0.25,1.0,1.0,7.25,100.75,2.625,0,0,0,1;
custom,cuboid,default,0.001,0.05,0.2,1,0.25,0.25,0.25,1.0,1.0,9.75,101,2,0,1,0,0;
custom,cuboid,default,0.001,0.05,0.0375,1,0.25,0.25,0.25,1.0,1.0,8.25,101,1.1875,0,1,0,0;
custom,cuboid,default,0.001,0.05,0.0375,1,0.25,0.25,0.25,1.0,1.0,7,101,2.8125,0,1,0,0;
custom,cuboid,default,0.276,0.05,0.0125,1,0.25,0.25,0.25,1.0,1.0,8.375,101,3.125,0,1,0,0;
custom,cuboid,default,0.276,0.05,0.0125,1,0.25,0.25,0.25,1.0,1.0,8.375,101,3.,0,1,0,0;
custom,cuboid,default,-0.01316,0.05,0.0010000000000000009,1,0.25,0.25,0.25,1.0,1.0,8.25,101,1,0,-0.70711,0,0.70711;
custom,cuboid,default,-0.01316,0.05,0.0010000000000000009,1,0.25,0.25,0.25,1.0,1.0,8.26139,101,0.86976,0,-0.76604,0,0.64279;
custom,cuboid,default,-0.01316,0.05,0.0010000000000000009,1,0.25,0.25,0.25,1.0,1.0,8.29523,101,0.74348,0,-0.81915,0,0.57358;
custom,cuboid,default,-0.01316,0.05,0.0010000000000000009,1,0.25,0.25,0.25,1.0,1.0,8.35048,101,0.625,0,-0.86603,0,0.5;
custom,cuboid,default,-0.01316,0.05,0.0010000000000000009,1,0.25,0.25,0.25,1.0,1.0,8.42547,101,0.51791,0,-0.90631,0,0.42262;
custom,cuboid,default,-0.01316,0.05,0.0010000000000000009,1,0.25,0.25,0.25,1.0,1.0,8.51791,101,0.42547,0,-0.93969,0,0.34202;
custom,cuboid,default,-0.01316,0.05,0.0010000000000000009,1,0.25,0.25,0.25,1.0,1.0,8.625,101,0.35048,0,-0.9659258,0,0.2588189;
custom,cuboid,default,-0.01316,0.05,0.0010000000000000009,1,0.25,0.25,0.25,1.0,1.0,8.74348,101,0.29523,0,-0.98481,0,0.17365;
custom,cuboid,default,-0.01316,0.05,0.0010000000000000009,1,0.25,0.25,0.25,1.0,1.0,8.86976,101,0.26139,0,-0.99619,0,0.08716;
custom,cuboid,default,-0.01316,0.05,0.0010000000000000009,1,0.25,0.25,0.25,1.0,1.0,9,101,0.25,0,-1,0,0;
custom,cuboid,default,-0.01316,0.05,0.0010000000000000009,1,0.25,0.25,0.25,1.0,1.0,9.13024,101,0.26139,0,-0.99619,0,-0.08716;
custom,cuboid,default,-0.01316,0.05,0.0010000000000000009,1,0.25,0.25,0.25,1.0,1.0,9.25652,101,0.29523,0,-0.98481,0,-0.17365;
custom,cuboid,default,-0.01316,0.05,0.0010000000000000009,1,0.25,0.25,0.25,1.0,1.0,9.375,101,0.35048,0,-0.96593,0,-0.25882;
custom,cuboid,default,-0.01316,0.05,0.0010000000000000009,1,0.25,0.25,0.25,1.0,1.0,9.48209,101,0.42547,0,-0.93969,0,-0.34202;
custom,cuboid,default,-0.01316,0.05,0.0010000000000000009,1,0.25,0.25,0.25,1.0,1.0,9.57453,101,0.51791,0,-0.90631,0,-0.42262;
custom,cuboid,default,-0.01316,0.05,0.0010000000000000009,1,0.25,0.25,0.25,1.0,1.0,9.64952,101,0.625,0,-0.86603,0,-0.5;
custom,cuboid,default,-0.01316,0.05,0.0010000000000000009,1,0.25,0.25,0.25,1.0,1.0,9.70477,101,0.74348,0,-0.81915,0,-0.57358;
custom,cuboid,default,-0.01316,0.05,0.0010000000000000009,1,0.25,0.25,0.25,1.0,1.0,9.73861,101,0.86976,0,-0.76604,0,-0.64279;
custom,cuboid,default,-0.01316,0.05,0.0010000000000000009,1,0.25,0.25,0.25,1.0,1.0,9.75,101,1,0,-0.70711,0,-0.70711;
custom,cuboid,default,-0.00877,0.05,9.999999999999898E-4,1,0.25,0.25,0.25,1.0,1.0,8.25,101,1.375,0,0.70711,0,0.70711;
custom,cuboid,default,-0.00877,0.05,9.999999999999898E-4,1,0.25,0.25,0.25,1.0,1.0,8.24619,101,1.46216,0,0.67559,0,0.73728;
custom,cuboid,default,-0.00877,0.05,9.999999999999898E-4,1,0.25,0.25,0.25,1.0,1.0,8.23481,101,1.54865,0,0.64279,0,0.76604;
custom,cuboid,default,-0.00877,0.05,9.999999999999898E-4,1,0.25,0.25,0.25,1.0,1.0,8.21593,101,1.63382,0,0.60876,0,0.79335;
custom,cuboid,default,-0.00877,0.05,9.999999999999898E-4,1,0.25,0.25,0.25,1.0,1.0,8.18969,101,1.71702,0,0.57358,0,0.81915;
custom,cuboid,default,-0.00877,0.05,9.999999999999898E-4,1,0.25,0.25,0.25,1.0,1.0,8.15631,101,1.79762,0,0.5373,0,0.84339;
custom,cuboid,default,-0.00877,0.05,9.999999999999898E-4,1,0.25,0.25,0.25,1.0,1.0,8.11603,101,1.875,0,0.5,0,0.86603;
custom,cuboid,default,-0.00877,0.05,9.999999999999898E-4,1,0.25,0.25,0.25,1.0,1.0,8.06915,101,1.94858,0,0.46175,0,0.88701;
custom,cuboid,default,-0.00877,0.05,9.999999999999898E-4,1,0.25,0.25,0.25,1.0,1.0,8.01604,101,2.01779,0,0.42262,0,0.90631;
custom,cuboid,default,-0.00877,0.05,9.999999999999898E-4,1,0.25,0.25,0.25,1.0,1.0,7.95711,101,2.08211,0,0.38268,0,0.92388;
custom,cuboid,default,-0.00877,0.05,9.999999999999898E-4,1,0.25,0.25,0.25,1.0,1.0,7.89279,101,2.14104,0,0.34202,0,0.93969;
custom,cuboid,default,-0.00877,0.05,9.999999999999898E-4,1,0.25,0.25,0.25,1.0,1.0,7.82358,101,2.19415,0,0.30071,0,0.95372;
custom,cuboid,default,-0.00877,0.05,9.999999999999898E-4,1,0.25,0.25,0.25,1.0,1.0,7.75,101,2.24103,0,0.25882,0,0.96593;
custom,cuboid,default,-0.00877,0.05,9.999999999999898E-4,1,0.25,0.25,0.25,1.0,1.0,7.67262,101,2.28131,0,0.21644,0,0.9763;
custom,cuboid,default,-0.00877,0.05,9.999999999999898E-4,1,0.25,0.25,0.25,1.0,1.0,7.59202,101,2.31469,0,0.17365,0,0.98481;
custom,cuboid,default,-0.00877,0.05,9.999999999999898E-4,1,0.25,0.25,0.25,1.0,1.0,7.50882,101,2.34093,0,0.13053,0,0.99144;
custom,cuboid,default,-0.00877,0.05,9.999999999999898E-4,1,0.25,0.25,0.25,1.0,1.0,7.42365,101,2.35981,0,0.08716,0,0.99619;
custom,cuboid,default,-0.00877,0.05,9.999999999999898E-4,1,0.25,0.25,0.25,1.0,1.0,7.33716,101,2.37119,0,0.04362,0,0.99905;
custom,cuboid,default,-0.00877,0.05,9.999999999999898E-4,1,0.25,0.25,0.25,1.0,1.0,7.25,101,2.375,0,0,0,1;
custom,cuboid,default,-0.00444,0.05,0.0010000000000000009,1,0.25,0.25,0.25,1.0,1.0,7,101,2.625,0,-0.70711,0,0.70711;
custom,cuboid,default,-0.00444,0.05,0.0010000000000000009,1,0.25,0.25,0.25,1.0,1.0,7.0038,101,2.58159,0,-0.76604,0,0.64279;
custom,cuboid,default,-0.00444,0.05,0.0010000000000000009,1,0.25,0.25,0.25,1.0,1.0,7.01508,101,2.53949,0,-0.81915,0,0.57358;
custom,cuboid,default,-0.00444,0.05,0.0010000000000000009,1,0.25,0.25,0.25,1.0,1.0,7.03349,101,2.5,0,-0.86603,0,0.5;
custom,cuboid,default,-0.00444,0.05,0.0010000000000000009,1,0.25,0.25,0.25,1.0,1.0,7.05849,101,2.4643,0,-0.90631,0,0.42262;
custom,cuboid,default,-0.00444,0.05,0.0010000000000000009,1,0.25,0.25,0.25,1.0,1.0,7.0893,101,2.43349,0,-0.93969,0,0.34202;
custom,cuboid,default,-0.00444,0.05,0.0010000000000000009,1,0.25,0.25,0.25,1.0,1.0,7.125,101,2.40849,0,-0.96593,0,0.25882;
custom,cuboid,default,-0.00444,0.05,0.0010000000000000009,1,0.25,0.25,0.25,1.0,1.0,7.16449,101,2.39008,0,-0.98481,0,0.17365;
custom,cuboid,default,-0.00444,0.05,0.0010000000000000009,1,0.25,0.25,0.25,1.0,1.0,7.20659,101,2.3788,0,-0.99619,0,0.08716;
custom,cuboid,default,-0.00444,0.05,0.0010000000000000009,1,0.25,0.25,0.25,1.0,1.0,7.25,101,2.375,0,-1,0,0;
custom,cuboid,default,.27,.0015,.045,1,0.25,0.25,0.25,1.0,1.0,8.462193,101.7247,2.728769,0.1753661,0.9844988,0.000521831,0.002929542;
custom,cuboid,default,.15,.0015,.17,1,0.25,0.25,0.25,1.0,1.0,9.028543,101.4934,2.093938,0.174334,0.984676,0.0007954628,0.004492952;
custom,cylinder,default,.15,.0010,.17,1,0.25,0.25,0.25,1.0,1.0,9.023187,101.5257,1.130806,0.1737032,0.9831119,0.01002249,0.05672452;
custom,arc90,default,.15,.0020,.15,1,0.25,0.25,0.25,1.0,1.0,7.931207,101.9321,2.02171,0.1853214,0.9826162,0.0008845026,0.01098348;
custom,prism,default,.095,.0015,.065,1,0.25,0.25,0.25,1.0,1.0,8.22889,101.8024,2.404,0.1599406,0.9016938,0.06424486,-0.3965349;