racing,killCuboid,3,0.2,10,-17.15412,227.3822,153.4273,0,0.4532572,0,-0.8913798;
racing,killCuboid,3,0.2,10,-79.955,243.7362,182.7891,0.08933987,0.7998663,-0.1672329,0.5694432;
racing,killCuboid,0.2,2,10,8.533516,235.3077,153.1851,0,0.4465405,0,-0.8947635;
racing,killCuboid,0.2,2,10,-74.27398,251.7863,197.0291,0.1777728,0.5668178,0.08579881,-0.7998457;
racing,killCuboid,0.3,3,2,-296.2488,431.9489,242.8569,0.2529517,-0.07293177,0.3112998,0.9131204;
racing,killCuboid,0.2,2,10,-81.3169,250.9065,168.2651,-0.1855841,-0.5672424,-0.09666603,0.796524;
custom,pyramid,grass3,0.2,0.2,0.2,0,1,1,1,1.0,1.0,-37.65585,245.0454,167.008,0,0.5036242,0,-0.8639229;
racing,killCuboid,3,0.2,10,-76.8816,261.8571,182.3378,0.1653353,0.5734103,0.1082388,-0.7950782;
racing,killCuboid,2,0.2,15,-111.5268,260.6742,258.1716,0,0.9843181,0,-0.1764029;
racing,killCuboid,2,0.2,20,-334.346,352.2974,325.7262,0.7576009,0.5931642,-0.02425469,-0.2713097;
racing,killCuboid,2,0.2,20,-182.2878,280.3821,376.5082,0.06067316,0.8188143,-0.08808427,0.5640064;
racing,killCuboid,0.2,2,2,-77.9493,269.7132,349.2255,0,0.817742,0,0.575585;
racing,killCuboid,2,0.2,20,-182.0768,299.8141,376.7449,0.08642843,0.5672076,0.06001631,-0.8168254;
racing,killCuboid,0.2,2,20,-176.5096,289.5105,386.6525,0.08982861,0.5659263,0.06181109,-0.8172133;
racing,checkpointCuboid,0.8,0.4,0.8,-198.0134,527.946,100.8913,0,0.9823573,0,-0.1870136;
custom,cuboid,wood3,1.4,0.5,1,0,1,1,1,1.0,1.0,-197.7536,523.9108,101.0888,0,0.9837806,0,-0.179376;
custom,cuboid,grass3,3,0.2,10,0,1,1,1,1.0,1.0,15.96703,226.8696,129.2645,0,0.4534188,0,-0.8912976;
racing,killCuboid,0.3,3,1,-179.6078,491.5197,299.6304,0.2629021,-0.09182284,0.3310778,0.9015756;
racing,killCuboid,0.2,2,10,-8.980998,235.6627,129.4447,0,0.454599,0,-0.8906963;
racing,killCuboid,10,0.2,3,-0.1483349,244.7352,140.4177,0,-0.321924,0,-0.9467655;
racing,killCuboid,1.5,2,15,-128.0495,269.7485,263.7043,0,0.9842731,0,-0.176654;
racing,killCuboid,0.9,2,15,-87.61218,269.6123,281.0931,0,0.1740828,0,0.9847311;
racing,killCuboid,4,0.2,15,-103.8563,280.02,256.5056,0,0.1727235,0,0.9849704;
racing,killCuboid,3,2,0.2,-133.7805,269.5162,186.6343,0,0.1768803,0,0.9842324;
custom,cuboid,grass3,0.2,0.2,0.2,0,1,1,1,1.0,1.0,-113.8019,273.1034,210.2091,0,0.3206756,0,0.9471891;
racing,killCuboid,2,0.2,2,-81.58269,260.0463,338.1199,0,0.820858,0,0.5711325;
racing,killCuboid,2,0.2,2,-81.67607,278.9296,338.2866,0,0.8206076,0,0.5714921;
custom,cuboid,grass3,0.3,0.3,0.3,0,1,1,1,1.0,1.0,-97.78688,271.48,331.6661,0,0.226542,0,0.9740014;
racing,killCuboid,1.5,2,20,-191.5235,289.6901,361.1707,0.05748178,0.817826,-0.08730445,0.5658926;
racing,killCuboid,2,0.2,20,-327.7619,340.5778,320.3474,0.1229125,0.9534199,0.1739704,-0.2135825;
racing,killCuboid,2,0.2,20,-317.0015,349.8578,315.2444,0.7527367,0.5962516,-0.02531658,-0.2779041;
racing,killCuboid,2,0.2,20,-323.0612,360.5392,322.0239,0.1230946,0.953643,0.1738416,-0.2125839;
custom,cuboid,grass3,0.4,0.4,0.4,0,1,1,1,1.0,1.0,-276.2261,318.9376,398.2657,0,0.8029281,0,0.596076;
racing,killCuboid,3,0.2,3,-286.1054,302.7539,411.7047,0.07408389,0.9779804,-0.007224706,-0.1949711;
racing,killCuboid,0.2,2,3,-280.1026,312.8788,424.2306,0.04848133,0.8296568,-0.06173365,0.552728;
racing,killCuboid,0.2,2,3,-298.2418,313.347,416.0298,-0.00648922,0.2091801,-0.07429089,0.9750295;
racing,killCuboid,2,0.2,2.3,-284.5542,321.5349,414.7834,0.08620463,0.8142014,-0.01493307,0.573953;
racing,killCuboid,3,0.2,30,-237.3773,471.8118,257.4692,0.4037444,0.4216369,0.774665,0.2431193;
racing,killCuboid,3,0.2,30,-227.5109,464.8494,288.3293,0.4132063,0.4123684,0.7799814,0.2254817;
racing,killCuboid,3,0.2,30,-241.5556,476.1727,277.2243,-0.0309781,0.5829474,0.3530684,0.731133;
racing,killCuboid,3,0.2,30,-230.3285,453.0478,264.635,-0.0309781,0.5829474,0.3530684,0.731133;
racing,killPyramid,1,0.5,0.3,-360.2273,402.0938,244.0959,0.09994719,0.1131059,-0.1014803,0.9833206;
racing,killPyramid,1.2,0.5,0.2,-347.5835,385.6898,235.4751,0.08545243,0.4531574,-0.6554385,0.5981193;
racing,killCuboid,3,0.2,3,-365.8715,384.9954,221.641,0.2367945,0.8176274,0.05833725,0.5215464;
racing,killCuboid,3,0.2,3,-367.8976,399.9626,213.7455,0.7374926,0.410876,0.4142376,0.3401365;
racing,killCuboid,3,0.2,3,-374.8901,398.547,228.5184,0.5035536,0.6251774,-0.5547435,0.2187385;
racing,killCuboid,1,0.2,2.4,-368.8852,409.3165,227.9676,-0.1821128,0.9521239,0.2194684,-0.11013;
racing,killCuboid,1,0.2,2.4,-353.0295,389.9461,213.0054,-0.2624398,0.928137,0.2470516,-0.0930195;
custom,cuboid,grass3,0.2,0.2,1,0,1,1,1,1.0,1.0,-352.0242,375.907,288.8744,0.07170931,0.9563222,0.1860254,-0.2137764;
custom,cuboid,grass3,0.2,0.2,1,0,1,1,1,1.0,1.0,-310.0963,332.3845,386.9989,0.07170931,0.9563222,0.1860254,-0.2137764;
custom,cuboid,grass3,2,2,0.2,0,1,1,1,1.0,1.0,-327.2667,408.7882,237.2219,-0.04048654,0.6033364,0.3669065,0.7069128;
racing,killCuboid,2,2,0.2,-308.1767,337.1134,344.261,0.1320564,0.9520892,0.1968852,-0.1931929;
racing,killCuboid,2,2,0.2,-332.8581,354.1143,319.6179,0.1320564,0.9520892,0.1968852,-0.1931929;
custom,cuboid,grass3,2,3,0.2,0,1,1,1,1.0,1.0,-296.2045,431.6434,242.5344,-0.04600323,0.5908403,0.3921996,0.7035418;
custom,cuboid,grass3,1.5,3,0.2,0,1,1,1,1.0,1.0,-258.327,453.8821,254.3901,0.001942277,0.5630219,0.3517948,0.7478255;
custom,cuboid,grass3,1.5,1.5,0.2,0,1,1,1,1.0,1.0,-263.9513,452.1139,269.4279,-0.009997427,0.5522379,0.3509086,0.7561724;
custom,cuboid,grass2,0.2,1.5,3,0,1,1,1,1.0,1.0,-223.159,465.2216,271.8421,0.2281067,-0.1106204,0.2891872,0.9230933;
racing,killCuboid,0.3,1.6,3.1,-222.9999,464.8067,272.3574,0.2255971,-0.1196867,0.2795247,0.9255523;
racing,killCuboid,0.3,1.6,3.1,-257.7455,454.0111,254.0609,-0.4752424,-0.2688722,0.08020493,0.8339182;
racing,killCuboid,0.3,1.6,1.6,-264.2907,452.5044,269.117,0.244307,-0.1442764,0.2655508,0.9214018;
racing,killCuboid,0.3,1,3,-233.185,477.2048,278.8332,0.2191794,-0.1238353,0.2990468,0.9204327;
racing,killCuboid,0.3,3,1,-174.2125,497.16,282.6902,0.2646731,-0.1057912,0.3270679,0.90099;
racing,killCuboid,1.5,0.3,2,-182.6189,499.39,295.4088,0.4379256,0.8572751,0.2570683,-0.08494957;
racing,killCuboid,0.3,3,1.2,-170.1066,487.6794,288.5115,-0.4892613,-0.2747096,0.1168469,0.819454;
custom,cuboid,grass2,0.2,3,0.3,0,1,1,1,1.0,1.0,-178.888,496.6509,291.6458,-0.1092402,0.8249459,-0.4814276,0.2752424;
racing,killCuboid,0.3,2.1,2.1,-327.1251,408.4089,237.4155,-0.2303136,0.07963794,-0.2792108,-0.9287922;
custom,cuboid,grass2,1,0.2,1,0,1,1,1,1.0,1.0,-96.19209,527.9858,312.9344,0,0.9986722,0,-0.05151527;
racing,checkpointCuboid,0.5,0.5,0.5,-95.93333,531.6896,313.0475,0,-0.07778297,0,-0.9969704;
racing,killCuboid,0.2,40,6,48.07728,667.5369,282.8435,0.1777931,0.6118274,-0.4020688,0.6575695;
custom,cuboid,grass2,0.2,40,6,0,1,1,1,1.0,1.0,56.37666,644.2714,262.247,-0.07301837,0.1490491,-0.4338377,0.8855719;
racing,killCuboid,0.2,40,6,35.80764,666.9431,250.1045,0.299213,0.3551223,0.3251916,-0.823778;
racing,killCuboid,6.1,40.1,0.3,56.63462,644.4875,261.5888,0.2539642,0.7294049,-0.3596378,0.5235757;
racing,killCuboid,2,0.2,5,-98.30682,520.4282,316.5751,-0.1026282,0.9837648,0.04306962,-0.1407807;
racing,killCuboid,2,1,5,-97.81226,530.4375,334.4082,0.6966646,0.2535299,-0.131973,-0.6580002;
racing,killSphere,2,2,5,-119.0981,546.0718,330.8495,0.1604986,0.2548946,-0.07516497,0.9505888;
racing,killCuboid,2,1,5,-110.161,535.108,296.7544,-0.4941613,0.04405995,0.3104902,0.8108386;
map,disablebounds;
racing,killCuboid,6,1,1,-68.53893,550.147,306.1298,0,0.8049983,0,0.5932772;
racing,killCuboid,6,1,1,-61.43422,559.7931,303.9919,0,0.8049983,0,0.5932772;
racing,killCuboid,6,1,1,-53.5732,570.1492,301.8378,0,0.8049983,0,0.5932772;
racing,killCuboid,6,1,5,-17.64798,611.2635,298.0402,0.2356305,0.7324638,-0.3336658,0.5446488;
racing,killCuboid,6,1,1,-57.56292,586.3768,301.1835,0,0.807539,0,0.5898143;
racing,killCuboid,6,1,1,-63.50768,596.8038,305.9285,0,0.807539,0,0.5898143;
racing,killCuboid,6,1,5,-7.030539,621.7149,270.7345,0.245635,0.7358382,-0.3400051,0.5316034;
racing,killCuboid,6,1,5,14.1691,637.6584,288.7856,0.2411027,0.7379213,-0.3289849,0.5376901;
racing,killCuboid,6,0.2,5,31.04126,659.0029,253.5004,0.6964531,0.3393041,0.134233,0.6179057;
racing,killCuboid,6,0.2,5,46.73047,664.0067,260.6225,0.6930419,0.3321303,0.1170146,0.629039;
racing,killCuboid,6,0.2,5,40.21862,659.6027,277.2908,0.6261164,0.1134684,-0.3467215,-0.6891208;
racing,killCuboid,6,0.2,5,56.12041,663.5941,280.7958,0.6954812,0.3413077,0.1118356,0.6223407;
racing,killCuboid,6,0.5,5,71.25105,682.1724,248.0474,0.1418617,0.07782742,0.879617,0.4473166;
racing,killCuboid,2,1,40,28.96087,685.6321,272.3604,-0.252399,0.5503282,-0.1998091,-0.7703961;
racing,killCuboid,6,3,4,110.3248,709.5518,241.788,-0.2700551,0.5539653,-0.1881989,-0.7647051;
racing,killCuboid,6,2.5,4,131.4584,735.9409,235.7085,0.275093,-0.5427014,0.1927672,0.7698311;
custom,cuboid,grass2,2,0.5,2,0,1,1,1,1.0,1.0,227.6843,768.5857,204.3815,0,0.8130541,0,0.5821882;
custom,cuboid,grass2,0.5,6,15,0,1,1,1,1.0,1.0,362.3618,792.9868,186.431,0,0.5847219,0,-0.8112339;
custom,cuboid,grass2,0.5,6,15,0,1,1,1,1.0,1.0,344.6516,793.0676,134.2456,0,0.5847219,0,-0.8112339;
custom,cuboid,grass2,6,0.5,15,0,1,1,1,1.0,1.0,276.0666,765.4635,186.3043,0,0.5847219,0,-0.8112339;
custom,cuboid,grass2,6,0.5,15,0,1,1,1,1.0,1.0,353.3416,820.1887,160.4429,0,0.5847219,0,-0.8112339;
custom,cuboid,grass2,6,0.5,18,0,1,1,1,1.0,1.0,413.323,820.3898,19.04889,0,0.157748,0,0.9874794;
custom,cuboid,grass2,0.5,6,18,0,1,1,1,1.0,1.0,439.4518,792.662,10.47599,0,0.157748,0,0.9874794;
custom,cuboid,grass2,0.5,6,18,0,1,1,1,1.0,1.0,386.2757,792.9917,28.30836,0,0.157748,0,0.9874794;
racing,killCuboid,6,0.5,6,448.9698,760.4708,128.7303,0,0.5865467,0,-0.8099154;
racing,killCuboid,0.5,6,6,476.778,792.7861,124.5286,0,0.9879624,0,-0.154694;
racing,killCuboid,6,6,0.5,458.7138,792.7422,158.8204,0,0.9879624,0,-0.154694;
racing,killCuboid,6,0.5,6,450.2165,825.1848,132.434,0,0.9876714,0,-0.1565416;
racing,killCuboid,6,0.5,6,375.7289,760.6051,-94.77332,0,0.1625394,0,0.9867021;
racing,killCuboid,0.5,6,6,401.9747,792.9832,-103.6658,0,0.1599507,0,0.987125;
racing,killCuboid,6,6,0.5,365.149,793.0151,-125.1019,0,0.1599507,0,0.987125;
racing,killCuboid,6,0.5,6,374.7979,825.1805,-94.26035,0,0.1599507,0,0.987125;
custom,cuboid,grass2,6,0.5,15,0,1,1,1,1.0,1.0,200.886,765.4438,-37.12695,0,0.8102503,0,0.5860841;
custom,cuboid,grass2,0.5,6,15,0,1,1,1,1.0,1.0,288.372,793.1319,-36.71099,0,0.8102503,0,0.5860841;
custom,cuboid,grass2,0.5,6,15,0,1,1,1,1.0,1.0,271.1802,793.0508,-89.38032,0,0.8102503,0,0.5860841;
custom,cuboid,grass2,6,0.5,15,0,1,1,1,1.0,1.0,279.7805,820.4747,-63.2355,0,0.8101583,0,0.5862113;
racing,killCuboid,0.2,40,6,-29.40553,664.9371,60.44938,0.1777931,0.6118274,-0.4020688,0.6575695;
custom,cuboid,grass2,0.2,40,6,0,1,1,1,1.0,1.0,-19.00153,644.7105,37.81277,-0.07301837,0.1490491,-0.4338377,0.8855719;
racing,killCuboid,0.2,40,6,-41.10768,666.0646,27.41727,0.299213,0.3551223,0.3251916,-0.823778;
racing,killCuboid,6.1,40.1,0.3,-19.12209,644.6868,37.12113,0.2539642,0.7294049,-0.3596378,0.5235757;
racing,killCuboid,2,1,40,-43.97145,683.8276,46.78442,-0.2623486,0.5510133,-0.1883869,-0.7694595;
custom,cuboid,wood3,1.8,0.5,1.8,0,1,1,1,1.0,1.0,153.7766,770.4445,-21.41251,0,0.5857841,0,-0.8104671;
racing,checkpointCuboid,0.8,0.5,0.8,153.4472,775.4268,-21.32007,0,0.5859928,0,-0.8103163;
racing,killCuboid,6,0.3,6,66.72395,729.8436,7.067101,-0.2583379,0.5422478,-0.1887609,-0.7769159;
racing,killCuboid,6,0.3,6,52.5386,732.5134,14.00193,-0.2618123,0.5488509,-0.1862026,-0.7717161;
racing,killCuboid,6,3,0.5,36.15657,702.4113,19.43634,-0.1921322,0.7684638,0.2714049,0.5467065;
racing,killCuboid,6,3,0.5,82.59608,762.5591,2.539284,-0.2424086,0.5530304,-0.1722495,-0.7782838;
racing,killCuboid,6,3,0.5,11.77657,708.9595,27.9588,-0.1883937,0.7685511,0.2597144,0.553521;
racing,killCuboid,6,3,0.5,10.87682,682.571,27.78327,-0.1829872,0.7674366,0.2697484,0.5520803;
racing,killArc180,5,10,5,-61.08638,632.9888,66.00888,-0.1968696,0.7705848,0.2664104,0.5444879;
racing,killCylinder,5,3,5,-69.98719,631.7458,46.71387,0.05350221,0.1710526,0.317815,0.9310597;
racing,killCuboid,0.8,5,5.5,-127.418,580.5197,66.21727,-0.2696424,0.8954793,0.2056372,0.2883108;
racing,killCuboid,0.8,5,5.5,-160.762,552.2998,94.41261,-0.2599111,0.9115184,0.1919356,0.2544427;
custom,cuboid,grass2,6,0.5,5.5,0,1,1,1,1.0,1.0,-194.7326,520.4096,98.63614,0,0.8164731,0,0.5773836;
custom,cuboid,grass2,6,0.5,15,0,1,1,1,1.0,1.0,-227.2931,520.46,-1.156992,0,0.9856265,0,-0.168939;
custom,cuboid,grass2,0.8,5,20,0,1,1,1,1.0,1.0,-211.184,542.8986,-33.50183,0,0.9855673,0,-0.1692841;
custom,cuboid,grass2,0.8,5,20,0,1,1,1,1.0,1.0,-260.326,543.1019,-16.1471,0,0.9855673,0,-0.1692841;
spawnpoint,playerM,43.2621,229.9409,110.4718,0,0.4618107,0,-0.8869785;
spawnpoint,playerC,42.98948,229.0997,110.4702,0,0.4538189,0,-0.891094;
custom,cuboid,wood3,800,30,800,0,1,1,1,50.0,50.0,3165.292,75.08169,3281.534,0,0.0001975616,0,-1;
racing,killCuboid,800,30,800,3162.211,76.80379,3278.847,0,0.0001975616,0,-1;
custom,cuboid,grass2,6,0.8,30,0,1,1,1,1.0,1.0,-271.0223,522.007,-276.3798,0,1,0,0.0002035658;
custom,cuboid,grass2,0.8,5,30,0,1,1,1,1.0,1.0,-297.1327,543.0016,-276.2993,0,1,0,0.0002035658;
custom,cuboid,grass2,0.8,5,30,0,1,1,1,1.0,1.0,-243.9502,542.8954,-275.8458,0,1,0,0.0002035658;
racing,killCuboid,0.9,5.1,30.1,-297.1757,542.7396,-276.0776,0,0.9999999,0,0.0003445903;
racing,killCuboid,0.9,5.1,30.1,-243.8831,542.7413,-275.6801,0,0.9999999,0,0.0003445903;
racing,killCuboid,6.1,0.9,30.1,-270.0263,521.8576,-276.6333,0,0.9999999,0,0.0003445903;
custom,cuboid,grass2,0.8,5,1.8,0,1,1,1,1.0,1.0,-295.5272,543.1451,-118.7314,0,0.9940222,0,-0.1091785;
racing,killCuboid,6,0.5,7,-262.2585,520.3959,-100.3994,0,0.9858317,0,-0.1677375;
custom,cuboid,grass2,6,0.5,45,0,1,1,1,1.0,1.0,-271.3272,366.6435,-585.1485,-0.0002391491,0.9248117,-0.3804248,-0.0005813716;
custom,cuboid,grass2,0.8,5,45,0,1,1,1,1.0,1.0,-244.4138,397.2477,-576.1624,-0.0002369145,0.9262656,-0.376871,-0.0005822841;
custom,cuboid,grass2,0.8,5,45,0,1,1,1,1.0,1.0,-297.2387,398.4114,-576.2211,-0.0002385399,0.9252095,-0.3794561,-0.0005816207;
custom,cuboid,grass2,6,0.8,45,0,1,1,1,1.0,1.0,-271.2992,413.1224,-590.2774,-0.0002375245,0.9258704,-0.3778407,-0.0005820361;
racing,killCuboid,6.1,0.9,45.1,-270.9529,365.5599,-584.5977,-0.0002387448,0.9250771,-0.3797791,-0.0005815421;
racing,killCuboid,6.1,0.9,45.1,-270.8742,413.1646,-590.4286,-0.0002373212,0.9260017,-0.377519,-0.0005821208;
custom,cuboid,grass2,6,5,0.8,0,1,1,1,1.0,1.0,-270.4905,223.8711,-755.2479,-0.372986,0.003190318,0.001282503,0.9278306;
racing,killCuboid,0.9,5.1,45.1,-297.1,397.8289,-576.6796,-3.471172E-05,0.9252097,-0.3794563,-8.463593E-05;
racing,killCuboid,0.9,5.1,45.1,-244.3661,397.1553,-576.3349,-3.447518E-05,0.9262658,-0.3768711,-8.47324E-05;
custom,cuboid,grass2,2.3,5,0.8,0,1,1,1,1.0,1.0,-244.3358,233.2591,-745.3758,0.2587742,-0.6710787,0.2480939,-0.6489521;
custom,cuboid,grass2,6,0.8,3,0,1,1,1,1.0,1.0,-270.4549,247.2492,-761.1299,-0.3518386,0.004147927,0.001559103,0.9360502;
racing,killCuboid,6.1,0.9,3.1,-270.6086,246.5389,-761.4756,-0.3521644,0.00474346,0.001784837,0.9359245;
racing,killCuboid,2.6,5.1,0.9,-244.2025,227.9203,-742.8971,-0.2784524,0.6597349,-0.2653789,0.6455914;
racing,killCuboid,6.1,5.1,0.9,-270.7741,223.3539,-755.2949,-0.3712794,0.005577248,0.00586402,0.9284859;
custom,cuboid,grass2,2,0.8,35,0,1,1,1,1.0,1.0,-454.7834,145.1069,-729.2775,-0.4104154,0.5823206,-0.1180251,0.6917601;
custom,cuboid,grass2,0.8,5,35,0,1,1,1,1.0,1.0,-456.7926,164.3963,-728.6477,-0.4306974,0.5777528,-0.1161285,0.6835318;
custom,cuboid,grass2,0.8,5,35,0,1,1,1,1.0,1.0,-458.123,143.7897,-748.7466,-0.4176961,0.5884787,-0.1012995,0.6848075;
racing,killCuboid,0.9,5.1,35.1,-457.1581,163.9432,-728.5334,-0.4278174,0.578816,-0.1126821,0.6850162;
racing,killCuboid,0.9,5.1,35.1,-459.401,144.1737,-749.265,-0.4200011,0.5866119,-0.1028519,0.684768;
custom,cuboid,grass2,3,0.8,35,0,1,1,1,1.0,1.0,-460.3497,167.3785,-754.6004,-0.4107495,0.5902939,-0.09341773,0.6885573;
racing,killCuboid,3.1,0.9,35.1,-455.3304,145.8403,-728.5286,-0.4020746,0.5898061,-0.1089548,0.6918046;
racing,killCuboid,3.1,0.9,35.1,-460.6602,168.2902,-753.8525,0.09440188,0.6903768,-0.4138803,-0.5858082;
custom,cuboid,grass3,0.8,3,7,0,1,1,1,1.0,1.0,-636.4882,55.14832,-751.5155,-0.3737866,-0.06578749,0.2344805,0.8949718;
racing,killCuboid,0.9,3.1,7.1,-636.2261,55.2307,-751.5856,-0.3693425,-0.06591964,0.2326746,0.8972755;
custom,cuboid,grass3,0.8,3,3,0,1,1,1,1.0,1.0,-629.7087,83.35181,-729.0391,-0.4191901,0.5730511,-0.1076531,0.6959188;
racing,killCuboid,0.9,3.1,3.1,-629.0411,83.54398,-728.8461,-0.4190801,0.5774652,-0.1101779,0.6919297;
custom,cuboid,grass3,3,0.8,3,0,1,1,1,1.0,1.0,-628.8263,81.00786,-748.2136,-0.4150066,0.5810715,-0.09024945,0.6942482;
racing,killCuboid,3.1,0.9,3.1,-629.4722,80.39801,-748.1681,0.3574778,0.07846691,-0.2292729,-0.9019349;
custom,cuboid,grass3,3,0.8,7,0,1,1,1,1.0,1.0,-620.2047,51.61711,-740.7192,0.3600792,0.08829621,-0.2171695,-0.9029863;
racing,killCuboid,3.1,0.9,7.1,-620.2878,51.02232,-740.8777,0.359767,0.09238917,-0.2138733,-0.9034879;
custom,cuboid,grass3,0.8,3,10,0,1,1,1,1.0,1.0,-584.0517,58.08482,-774.9434,-0.1080893,-0.6885488,0.4270792,0.5760388;
racing,killCuboid,0.9,3.1,10.1,-584.1774,58.03666,-775.0292,0.4285801,-0.5749239,0.111125,-0.6880647;
custom,cuboid,grass3,3,0.8,10.1,0,1,1,1,1.0,1.0,-594.8304,76.41712,-769.765,-0.4194802,0.5820494,-0.1017323,0.6891339;
racing,killCuboid,3.1,0.9,10.2,-594.2318,75.13596,-771.2026,-0.4157852,0.5769483,-0.09833919,0.6961199;
custom,cuboid,grass3,3,0.8,10.1,0,1,1,1,1.0,1.0,-584.3519,58.96,-750.3269,0.1142385,0.6948449,-0.3981002,-0.5879256;
racing,killCuboid,3.1,0.9,10.2,-584.1443,59.12869,-750.3187,0.1150692,0.6956496,-0.3966505,-0.5877918;
custom,cuboid,grass3,3,0.8,7,0,1,1,1,1.0,1.0,-519.4009,75.66251,-763.8988,0.3663407,0.07325822,-0.2163381,-0.902012;
racing,killCuboid,3.1,0.9,7.1,-519.3553,75.58025,-764.0742,0.3666621,0.07140609,-0.2162754,-0.902045;
custom,cuboid,grass3,3,0.8,7,0,1,1,1,1.0,1.0,-529.8703,94.18044,-786.0781,0.3708768,0.07868675,-0.2308408,-0.8960867;
racing,killCuboid,3.1,1,7.1,-529.9432,94.07008,-785.481,0.3712423,0.07924442,-0.2269009,-0.8968922;
custom,cuboid,grass3,0.8,3,7,0,1,1,1,1.0,1.0,-514.768,89.11507,-774.9161,0.3664866,0.07692811,-0.2178523,-0.9012825;
racing,killCuboid,0.9,3.1,7.1,-513.5229,86.87967,-772.1644,0.3690456,0.07963338,-0.2228639,-0.8987745;
custom,cuboid,grass3,0.8,3,8,0,1,1,1,1.0,1.0,-531.8219,46.65798,-788.1855,-0.599551,0.581293,0.08073679,0.5441679;
racing,killCuboid,0.9,3.1,8.1,-531.9793,46.75566,-788.1331,-0.6037248,0.577561,0.07655112,0.5441321;
custom,cuboid,grass3,3,0.8,8,0,1,1,1,1.0,1.0,-550.4367,59.3994,-789.5901,-0.6051121,0.5748875,0.05513028,0.5480003;
racing,killCuboid,3.1,0.9,8.1,-550.5007,58.94662,-789.6574,-0.6051397,0.5750048,0.05606905,0.5477515;
custom,cuboid,grass3,3,0.8,8,0,1,1,1,1.0,1.0,-545.275,31.81947,-757.9632,-0.6122128,0.5790556,0.1067651,0.5277228;
racing,killCuboid,3.1,0.9,8.1,-544.9659,31.60529,-758.231,-0.6124342,0.579037,0.1056862,0.5277035;
custom,cuboid,grass3,0.8,3,8,0,1,1,1,1.0,1.0,-563.9272,44.11853,-756.4595,-0.6303391,0.5545152,0.08471204,0.5366651;
racing,killCuboid,0.9,3.1,8.1,-563.6913,44.02395,-756.6409,-0.6307113,0.5546956,0.08574648,0.5358765;
custom,cuboid,grass3,3,0.8,15,0,1,1,1,1.0,1.0,-560.1254,-17.646,-809.4099,-0.3847232,0.02867154,0.4998184,0.775466;
racing,killCuboid,3.1,0.9,15.1,-560.1313,-17.59493,-808.9808,-0.3858127,0.03074769,0.5004005,0.7744692;
custom,cuboid,grass3,3,0.8,15,0,1,1,1,1.0,1.0,-555.1057,-33.28943,-793.1107,0.2963746,0.2434287,0.2055247,-0.900369;
racing,killCuboid,3.1,0.9,15.1,-555.0892,-33.79586,-793.0601,0.2972472,0.2430993,0.202407,-0.9008765;
