custom,cylinder,wagontex,10,0.25,10,0,1,1,1,1.0,0.1,-300,5.5,-50,0,0,0,0;
custom,cylinder,wagontex,11,0.25,11,0,1,1,1,1.0,0.1,-300,3.5,-50,0,1,0,0;

custom,cuboid,wagontex,15,0.25,2.5,0,1,1,1,2.5,-0.25,-300,3.5,-50,0,0,0,0;

custom,cuboid,wagontex,15,0.25,2.5,0,1,1,1,2.5,-0.25,-300,3.5,-50,0,1,0,1;

custom,cuboid,wagontex,15,0.25,2.5,0,1,1,1,2.5,-0.25,-300,3.5,-50,0,-0.60,0,1;

custom,cuboid,wagontex,15,0.25,2.5,0,1,1,1,2.5,-0.25,-300,3.5,-50,0,-0.28,0,1;

custom,cuboid,wagontex,15,0.25,2.5,0,1,1,1,2.5,-0.25,-300,3.5,-50,0,0.60,0,1;

custom,cuboid,wagontex,15,0.25,2.5,0,1,1,1,2.5,-0.25,-300,3.5,-50,0,0.28,0,1;

custom,cylinder,wagontex,12,0.25,12,0,1,1,1,1.0,0.1,-300,1.5,-50,0,0,0,0;
custom,cylinder,wagontex,13,0.25,13,0,1,1,1,1.0,0.1,-300,0.0,-50,0,1,0,0;
custom,cylinder,cannonwallmat,9.9,0.25,9.9,0,1,1,1,25,25,-300,5.6,-50,0,0,0,0;
custom,torus,wagontex,2,5,2,0,1,1,1,1.0,1.1,-300,7,-49,0,0,0,0;
custom,cylinder,wagontex,2,0.5,2,0,1,1,1,1.0,0.5,-300,15,-50,0,0,0,0;
custom,cylinder,wagontex,5,0.25,5,0,1,1,1,1.0,0.1,-300,20,-50,0,0,0,0;


custom,cuboid,wagontex,7,0.25,1,0,1,1,1,1.0,-0.5,-300,20,-50,0,0,0,0;

custom,cuboid,wagontex,7,0.25,1,0,1,1,1,1.0,-0.5,-300,20,-50,0,1,0,1;

custom,cuboid,wagontex,7,0.25,1,0,1,1,1,1.0,-0.5,-300,20,-50,0,-0.60,0,1;

custom,cuboid,wagontex,7,0.25,1,0,1,1,1,1.0,-0.5,-300,20,-50,0,-0.28,0,1;

custom,cuboid,wagontex,7,0.25,1,0,1,1,1,1.0,-0.5,-300,20,-50,0,0.60,0,1;

custom,cuboid,wagontex,7,0.25,1,0,1,1,1,1.0,-0.5,-300,20,-50,0,0.28,0,1;


custom,cylinder,cannonwallmat,4.9,0.25,4.9,0,1,1,1,25,25,-300,20.1,-50,0,0,0,0;
custom,torus,wagontex,1,3,1,0,1,1,1,1.0,1.1,-300,22,-49.5,0,0,0,0;
custom,cylinder,wagontex,0.9,0.4,0.9,0,1,1,1,1.0,0.5,-300,27,-50,0,0,0,0;
custom,cylinder,wagontex,2,0.12,2,0,1,1,1,1.0,0.1,-300,30,-50,0,0,0,0;


custom,cuboid,wagontex,3,0.1,0.5,0,1,1,1,1,-0.1,-300,30,-50,0,0,0,0;
custom,cuboid,wagontex,3,0.1,0.5,0,1,1,1,1.0,-0.1,-300,30,-50,0,1,0,1;

custom,cuboid,wagontex,3,0.1,0.5,0,1,1,1,1.0,-0.1,-300,30,-50,0,-0.60,0,1;

custom,cuboid,wagontex,3,0.1,0.5,0,1,1,1,1.0,-0.1,-300,30,-50,0,-0.28,0,1;

custom,cuboid,wagontex,3,0.1,0.5,0,1,1,1,1.0,-0.1,-300,30,-50,0,0.60,0,1;

custom,cuboid,wagontex,3,0.1,0.5,0,1,1,1,1.0,-0.1,-300,30,-50,0,0.28,0,1;


custom,cylinder,cannonwallmat,1.9,0.12,1.9,0,1,1,1,25,25,-300,30.1,-50,0,0,0,0;
custom,cylinder,wagontex,0.1,1,0.1,0,1,1,1,0.1,1,-300,30,-50,0,0,0,0;
