custom,pyramid,cannonwallmat,7.5,7.5,7.5,0,1,1,1,25,25,0,81.25,0,0,0,0,0;
custom,pyramid,ice1,5.25,7.5,5.25,0,1,1,1,25,25,0,88.75,0,0,0,0,0;
custom,pyramid,crystal2,4.5,7.5,0.75,0,1,1,1,0.01,0.01,0,92.5,0,0,0,0,0;
custom,pyramid,crystal2,0.75,7.5,4.5,0,1,1,1,0.01,0.01,0,92.5,0,0,0,0,0;
custom,pyramid,ice1,7.5,0.75,7.5,0,1,1,1,1,1,0,28.75,0,0,0,0,0;
custom,pyramid,crystal2,7.275,0.675,7.275,0,1,1,1,0.01,0.01,0,28.75,0,0,0,0,0;
custom,pyramid,ice1,5.25,0.75,5.25,0,1,1,1,1,1,0,66.25,0,0,0,0,0;
custom,pyramid,crystal2,5.1,0.675,5.1,0,1,1,1,0.01,0.01,0,66.25,0,0,0,0,0;
custom,pyramid,ice1,3,0.75,3,0,1,1,1,1,1,0,103.75,0,0,0,0,0;
custom,pyramid,crystal2,2.925,0.675,2.925,0,1,1,1,0.01,0.01,0,103.75,0,0,0,0,0;
custom,cylinder,earth2,22.5,0.75,22.5,0,1,1,1,10,0.5,0,6.25,0,0,0,0,0;
custom,cylinder,crystal2,22.425,0.825,22.425,0,1,1,1,0.01,0.01,0,6.25,0,0,0,0,0;
custom,cylinder,ice1,22.575,0.09375,22.575,0,1,1,1,5,0.1,0,6.25,0,0,0,0,0;
