custom,arc180,wagontex,10,1.1,10,0,1,1,1,2.0,2.0,0,200,0,1,1,1,1;
custom,arc180,wagontex,10,1,10,0,1,1,1,2.0,2.0,-50,150,0,0,1,1,0;
custom,arc180,wagontex,10,1,10,0,1,1,1,2.0,2.0,50,150,0,1,0,0,1;
custom,arc180,wagontex,10,1,10,0,1,1,1,2.0,2.0,0,100,0,-1,1,-1,1;
custom,arc180,wagontex,10,1.1,10,0,1,1,1,2.0,2.0,35.3553391,185.3553391,0,0.6532815,0.2705981,0.2705981,0.6532815;
custom,arc180,wagontex,10,1,10,0,1,1,1,2.0,2.0,-35.3553391,185.3553391,0,0.2705981,0.6532815,0.6532815,0.2705981;
custom,arc180,wagontex,10,1,10,0,1,1,1,2.0,2.0,35.3553391,114.6446609,0,0.6532815,-0.2705981,-0.2705981,0.6532815;
custom,arc180,wagontex,10,1,10,0,1,1,1,2.0,2.0,-35.3553391,114.6446609,0,-0.2705981,0.6532815,-0.6532815,0.2705981;
custom,cylinder,cannonwallmat,15,1,15,0,1,1,1,20.0,20.0,0,150,0,1,0,0,1;
custom,cylinder,metal2,12.5,1.25,12.5,0,1,1,1,1.0,1.0,0,150,0,1,0,0,1;
custom,cylinder,metal1,5,1.5,5,0,1,1,1,0.01,0.01,0,150,0,1,0,0,1;
racing,killcylinder,1,1.75,1,0,150,0,1,0,0,1;
racing,killtube,20,0.125,20,0,150,0,1,0,0,1;
racing,killtube,15,0.125,15,0,150,0,1,0,0,1;
custom,arc180,wagontex,10,1.1,10,0,1,1,1,2,2,19.1341716,196.1939766,0,0.5879378,0.3928475,0.3928475,0.5879378;
custom,arc180,wagontex,10,1,10,0,1,1,1,2,2,-46.1939766,169.1341716,0,0.1379497,0.6935199,0.6935199,0.1379497;
custom,arc180,wagontex,10,1,10,0,1,1,1,2,2,46.1939766,130.8658284,0,0.6935199,-0.1379497,-0.1379497,0.6935199;
custom,arc180,wagontex,10,1,10,0,1,1,1,2,2,-19.1341716,103.8060234,0,-0.3928475,0.5879378,-0.5879378,0.3928475;
custom,arc180,wagontex,10,1.1,10,0,1,1,1,2,2,-19.1341716,196.1939766,0,0.3928475,0.5879378,0.5879378,0.3928475;
custom,arc180,wagontex,10,1.2,10,0,1,1,1,2,2,-46.1939766,130.8658284,0,-0.1379497,0.6935199,0.6935199,-0.1379497;
custom,arc180,wagontex,10,1.2,10,0,1,1,1,2,2,46.1939766,169.1341716,0,0.6935199,0.1379497,0.1379497,0.6935199;
custom,arc180,wagontex,10,1,10,0,1,1,1,2,2,19.1341716,103.8060234,0,-0.5879378,0.3928475,-0.3928475,0.5879378;



