racing,killCylinder,3.7,0.15,3.7,0,50,0,0,1,1,0;

custom,cylinder,stone10,2.25,0.2,2.25,0,1,1,1,0.01,0.01,0,50,0,0,1,1,0;
custom,cylinder,stone10,3,0.19,3,0,1,1,1,0.5,0.5,0,50,0,0,1,1,0;

custom,cuboid,pillar_col,0.5,3.75,0.35,0,1,1,1,0.01,1.0,0,50,0,0,0,0,0;
custom,cuboid,pillar_col,0.5,3.75,0.35,0,1,1,1,0.01,1.0,0,50,0,0,0,1,1;
custom,cuboid,pillar_col,0.5,3.75,0.35,0,1,1,1,0.01,1.0,0,50,0,0,0,-0.60,1;
custom,cuboid,pillar_col,0.5,3.75,0.35,0,1,1,1,0.01,1.0,0,50,0,0,0,-0.28,1;
custom,cuboid,pillar_col,0.5,3.75,0.35,0,1,1,1,0.01,1.0,0,50,0,0,0,0.60,1;
custom,cuboid,pillar_col,0.5,3.75,0.35,0,1,1,1,0.01,1.0,0,50,0,0,0,0.28,1;


racing,killCylinder,3.7,0.15,3.7,0,50,0,1,1,0,0;

custom,cylinder,stone10,2.25,0.2,2.25,0,1,1,1,0.01,0.01,0,50,0,1,1,0,0;
custom,cylinder,stone10,3,0.19,3,0,1,1,1,0.5,0.5,0,50,0,1,1,0,0;

custom,cuboid,pillar_col,0.5,3.75,0.35,0,1,1,1,0.01,1.0,0,50,0,0,1,0,1;
custom,cuboid,pillar_col,0.5,3.75,0.35,0,1,1,1,0.01,1.0,0,50,0,1,1,1,1;
custom,cuboid,pillar_col,0.5,3.75,0.35,0,1,1,1,0.01,1.0,0,50,0,1,-0.60,1,-0.60;
custom,cuboid,pillar_col,0.5,3.75,0.35,0,1,1,1,0.01,1.0,0,50,0,1,-0.28,1,-0.28;
custom,cuboid,pillar_col,0.5,3.75,0.35,0,1,1,1,0.01,1.0,0,50,0,1,0.60,1,0.60;
custom,cuboid,pillar_col,0.5,3.75,0.35,0,1,1,1,0.01,1.0,0,50,0,1,0.28,1,0.28;


racing,killCylinder,3.7,0.15,3.7,0,50,0,0,0,0,0;

custom,cylinder,stone10,2.25,0.2,2.25,0,1,1,1,0.01,0.01,0,50,0,0,0,0,0;
custom,cylinder,stone10,3,0.19,3,0,1,1,1,0.5,0.5,0,50,0,0,0,0,0;

custom,cuboid,pillar_col,0.5,3.75,0.35,0,1,1,1,0.01,1.0,0,50,0,1,0,0,1;
custom,cuboid,pillar_col,0.5,3.75,0.35,0,1,1,1,0.01,1.0,0,50,0,1,1,-1,1;
custom,cuboid,pillar_col,0.5,3.75,0.35,0,1,1,1,0.01,1.0,0,50,0,1,0.60,-0.60,1;
custom,cuboid,pillar_col,0.5,3.75,0.35,0,1,1,1,0.01,1.0,0,50,0,1,0.28,-0.28,1;
custom,cuboid,pillar_col,0.5,3.75,0.35,0,1,1,1,0.01,1.0,0,50,0,1,-0.60,0.60,1;
custom,cuboid,pillar_col,0.5,3.75,0.35,0,1,1,1,0.01,1.0,0,50,0,1,-0.28,0.28,1;