custom,cuboid,lava1,10,10,10,1,0,0,1,1.0,1.0,-89.03806,-27.45621,622.9977,0,-0.003115233,0,0.9999952;
custom,boulder3,default,.5,.5,.5,1,0,0.7272727,0,1.0,1.0,-131.2033,40.80313,650.7373,0,0.520049,0,0.8541364;
custom,boulder2,default,.5,.5,.5,1,0,0.7272727,0,1.0,1.0,-120.7801,42.65477,651.3121,0,0.5901387,0,-0.8073019;
custom,boulder2,default,.5,.5,.5,1,0,0.7272727,0,1.0,1.0,-130.3134,45.17454,655.0911,0,0.3528577,0,-0.935677;
custom,boulder3,default,.5,.5,.5,1,0,0.7272727,0,1.0,1.0,-124.7436,40.3953,647.183,0,0.2370172,0,0.9715055;
custom,log1,default,.5,1,.5,1,0,0.7272727,0,1.0,1.0,-126.3356,20.03763,652.7473,0,0.6037124,0,-0.7972022;
custom,boulder2,default,.5,.5,.5,1,0,0.7272727,0,1.0,1.0,-128.0786,44.57454,648.8252,0,0.3528577,0,-0.935677;
custom,boulder3,default,.5,.5,.5,1,0,0.7272727,0,1.0,1.0,-121.7093,45.58236,647.8268,0,0.35083,0,-0.9364392;
custom,boulder3,default,.5,.5,.5,1,0,0.7272727,0,1.0,1.0,-123.6356,42.42401,656.9435,0,0.9632469,0,-0.2686176;
custom,boulder3,default,.5,.5,.5,1,0,0.7272727,0,1.0,1.0,-124.4207,48.67594,649.4913,0,0.9837885,0,-0.1793327;
custom,boulder3,default,.5,.5,.5,1,0,0.7272727,0,1.0,1.0,-125.866,47.91922,655.2563,0,0.9969798,0,-0.07766195;
custom,cylinder,ice1,.1,1,.1,1,1,1,1,1.0,1.0,-50.77035,27.80605,659.4846,0,0.118863,0,0.9929107;
custom,sphere,crystal2,.5,.5,.5,1,0,0,1,1.0,1.0,-50.92533,38.21146,659.8801,0,0.08191353,0,0.9966394;
custom,tube,crystal2,.5,.1,.5,1,0,0,1,1.0,1.0,-50.75419,38.11393,659.7084,0,0.2472882,0,0.968942;
custom,cuboid,ice1,.1,.1,.7,0,0,0,1,1.0,1.0,-125.7701,22.0787,640.4241,0,0.1510957,0,-0.9885191;
custom,cuboid,ice1,.1,.1,.7,0,0,0,1,1.0,1.0,-119.5104,22.0684,642.4471,0,0.1547281,0,-0.9879571;
custom,cuboid,ice1,.1,.1,.7,0,0,0,1,1.0,1.0,-115.7739,22.06846,643.7562,0,0.1567969,0,-0.9876309;
custom,cuboid,ice1,.1,.1,.7,0,0,0,1,1.0,1.0,-113.6741,22.1307,644.3392,0,0.1606574,0,-0.9870103;
custom,cuboid,ice1,.4,.1,.1,0,0,0,1,1.0,1.0,-119.777,22.05457,642.9831,0,0.152191,0,-0.9883511;
custom,cuboid,ice1,.4,.1,.1,0,0,0,1,1.0,1.0,-116.2256,22.09459,644.1966,0,0.164943,0,-0.9863032;
custom,cuboid,ice1,.4,.1,.1,0,0,0,1,1.0,1.0,-125.2682,22.04883,643.8026,0,0.1539412,0,-0.9880801;
custom,cuboid,ice1,.4,.1,.1,0,0,0,1,1.0,1.0,-124.496,22.04885,641.1802,0,0.1553207,0,-0.9878641;
custom,cuboid,ice1,.4,.1,.1,0,0,0,1,1.0,1.0,-113.0699,22.07546,647.6162,0,0.174625,0,-0.984635;
custom,cuboid,ice1,.4,.1,.1,0,0,0,1,1.0,1.0,-111.3054,22.11536,642.0034,0,0.1715308,0,-0.9851788;
custom,cuboid,ice1,.1,.1,.3,0,0,0,1,1.0,1.0,-123.4416,22.09767,642.6946,0,0.1516719,0,-0.9884309;
custom,cuboid,ice1,.1,.1,.3,0,0,0,1,1.0,1.0,-122.6388,22.10457,639.3939,0,0.1636771,0,-0.986514;
custom,cuboid,ice1,.1,.1,.3,0,0,0,1,1.0,1.0,-120.3288,22.10453,640.0819,0,0.1622995,0,-0.9867415;
custom,cuboid,ice1,.3,.1,.1,0,0,0,1,1.0,1.0,-121.0859,22.08909,638.8575,0,0.1471348,0,-0.9891165;
custom,cuboid,ice1,.3,.1,.1,0,0,0,1,1.0,1.0,-112.909,22.1532,645.2305,0,0.1728607,0,-0.9849463;
custom,cuboid,ice1,.5,.1,.1,0,0,0,1,1.0,1.0,-63.65276,22.06904,661.1603,0,0.3474285,0,0.9377065;
custom,cuboid,ice1,.5,.1,.1,0,0,0,1,1.0,1.0,-65.76765,22.06907,658.5453,0,0.3310104,0,0.9436271;
custom,cuboid,ice1,.5,.1,.1,0,0,0,1,1.0,1.0,-67.8837,22.09327,655.9773,0,0.3245736,0,0.9458605;
custom,cuboid,ice1,.1,.1,.7,0,0,0,1,1.0,1.0,-65.01514,22.1049,653.2352,0,0.4450999,0,0.8954809;
custom,cuboid,ice1,.1,.1,.3,0,0,0,1,1.0,1.0,-64.34779,22.06498,654.9484,0,0.1848044,0,0.9827753;
custom,cuboid,ice1,.1,.1,.3,0,0,0,1,1.0,1.0,-66.27538,22.05193,661.0942,0,0.3250683,0,0.9456906;
custom,cuboid,ice1,.1,.1,.3,0,0,0,1,1.0,1.0,-65.35961,22.08984,655.8986,0,0.3304278,0,0.9438313;
custom,cuboid,ice1,.1,.1,.7,0,0,0,1,1.0,1.0,-61.22449,22.07069,654.1621,0,0.3649541,0,0.9310255;
custom,cuboid,ice1,.1,.1,.4,0,0,0,1,1.0,1.0,-60.43591,22.15083,651.3087,0,0.2161801,0,0.9763535;
custom,cuboid,ice1,.1,.1,.4,0,0,0,1,1.0,1.0,-59.66063,22.11076,650.6357,0,0.5265815,0,0.8501247;
custom,cuboid,ice1,.1,.1,.7,0,0,0,1,1.0,1.0,-58.93763,22.1211,647.0483,0,0.4720477,0,0.8815731;
custom,cuboid,ice1,.1,.1,.3,0,0,0,1,1.0,1.0,-57.93098,22.20116,648.7671,0,0.2271157,0,0.9738678;
custom,cuboid,ice1,.2,1,.3,0,0,0,1,1.0,1.0,-68.26825,27.96514,669.6052,0.005965645,0.01869284,-0.3039749,-0.952478;
custom,cuboid,ice1,.4,2,.3,0,0,0,1,1.0,1.0,-102.388,32.36838,671.1908,0,-0.0004274417,0,0.9999999;
custom,cuboid,ice1,.4,2,.3,0,0,0,1,1.0,1.0,-84.6572,31.28006,671.6324,0.009633355,0.001542139,0.2250852,0.9742903;
custom,cuboid,ice1,.2,3,.3,0,0,0,1,1.0,1.0,-78.35183,26.19743,671.6146,-0.01548418,0.1014263,-0.1501194,0.9833297;
racing,killCuboid,10,.1,90,-74.81805,-0.03816202,126.5434,0,0.01536872,0,-0.9998819;
custom,cuboid,ice1,.2,.7,.3,0,0,0,1,1.0,1.0,-97.57703,35.24872,671.8048,-0.008832023,0.0270216,-0.3105512,0.9501315;
custom,cuboid,ice1,.2,.7,.3,0,0,0,1,1.0,1.0,-98.38524,39.20949,671.3198,0.007167052,0.01582908,-0.4124069,-0.9108341;
custom,cuboid,ice1,.2,3,.3,0,0,0,1,1.0,1.0,-91.49432,20.40961,672.2039,0.003951121,0.01194708,-0.3139681,-0.9493502;
custom,cuboid,ice1,.2,1,.3,0,0,0,1,1.0,1.0,-112.4967,27.60972,670.4089,-0.007804777,0.02266672,0.3254749,-0.9452468;
racing,killCuboid,10,.1,90,-76.28161,21.1881,124.7932,0,-0.01407525,0,0.999901;
racing,killPrism,10,1,10,-60.01128,-4.519883,-363.4511,0,-0.01633048,0,0.9998667;
racing,killPrism,10,1,10,-7.933435,-4.777529,-367.2704,0,0.999902,0,0.01400629;
racing,killPrism,10,1,10,40.17037,-4.657937,-360.2083,0,-0.01335843,0,0.9999108;
racing,killPrism,10,1,10,81.02191,-4.75573,-381.0222,0,0.4876123,0,0.8730603;
racing,killPrism,10,1,10,150.7706,-4.541289,-340.7831,0,0.8714613,0,-0.4904643;
custom,cylinder,lava1,3,4,3,1,0,0,1,1.0,1.0,37.28869,39.96628,-291.3979,0,0.9972432,0,0.07420313;
racing,checkpointCylinder,4,6,4,37.55871,21.94796,-292.4627,0,0.003484229,0,0.9999939;
racing,killPrism,10,.1,10,-63.48463,21.16681,-365.5898,0,-0.01407055,0,0.999901;
racing,killPrism,10,.1,10,-22.52059,21.15411,-386.6246,0,0.4869227,0,0.8734451;
racing,killPrism,10,.1,10,36.06541,21.16987,-362.5462,0,-0.01559117,0,0.9998785;
racing,killPrism,10,.1,10,76.83163,21.22081,-383.8401,0,0.4901896,0,0.8716159;
racing,killPrism,10,.1,10,135.4489,20.91589,-359.5663,0,0.01211312,0,-0.9999266;
racing,killCuboid,10,4,80,131.8525,-19.70431,82.02671,0,-0.009011493,0,0.9999594;
racing,killPrism,10,.1,10,134.0141,-0.1899284,504.5774,0,0.5083479,0,-0.8611518;
racing,killPrism,10,.1,10,73.01549,-0.3577423,527.087,0,0.01057359,0,-0.9999441;
racing,killPrism,10,.1,10,33.68985,-0.4542601,503.067,0,-0.5100831,0,0.8601252;
racing,killPrism,10,.1,10,-26.83202,-0.4211292,525.1674,0,0.01474986,0,-0.9998912;
racing,killPrism,1.5,.1,2.5,-33.8974,-0.2773321,487.9935,0,-0.99519,0,-0.09796318;
custom,cylinder,lava1,3,4,3,1,0,0,1,1.0,1.0,29.98025,43.21675,454.4528,0,0.01987675,0,-0.9998025;
racing,checkpointCylinder,4,6,4,29.49907,24.13077,454.8734,0,0.04984616,0,-0.9987569;
racing,killCuboid,10,.1,80,130.8506,1.093339,79.15513,0.02405643,-0.005574451,0.002471519,0.9996921;
racing,killCuboid,10,20,.1,10.07966,-10.09304,565.8054,0,0.01307874,0,-0.9999145;
custom,cave1,ice1,.5,.13,.5,1,0.4204546,1,1,1.0,1.0,-102.9801,0.3384162,506.4526,0,0.6953383,0,-0.7186826;
custom,cave1,ice1,.5,.13,.5,1,0.4204546,1,1,1.0,1.0,-53.12062,0.7723635,430.2051,0,0.9997869,0,0.0206428;
custom,cave1,ice1,.5,.13,.5,1,0.4204546,1,1,1.0,1.0,-118.0623,0.8502303,370.3294,0,0.9990927,0,-0.04258851;
custom,cave1,ice1,.5,.13,.5,1,0.4204546,1,1,1.0,1.0,-54.42634,0.7830046,287.3925,0,0.01425138,0,-0.9998984;
custom,cave1,ice1,.5,.13,.5,1,0.4204546,1,1,1.0,1.0,-110.4886,1.574548,218.2415,0,0.9999995,0,-0.0009623009;
racing,killCuboid,6.8,2.3,.1,-69.56961,9.092099,509.1188,0,0.9996909,0,0.02486335;
racing,killCuboid,8,2.3,.1,-93.03478,9.284095,429.8041,0,-0.006418569,0,0.9999794;
racing,killCuboid,8.3,2.3,.1,-76.64167,9.430268,371.9763,0,0.02219312,0,-0.9997537;
racing,killCuboid,7.3,2.3,.1,-92.76862,8.516391,286.6245,0,0.01280622,0,-0.999918;
racing,killCuboid,7.8,2.3,.1,-70.71242,10.09202,220.3303,0,0.02287431,0,-0.9997383;
racing,killCuboid,10,4,1.5,-79.85373,68.83986,300.15,0,0.9997693,0,0.02147871;
custom,cuboid,ice1,2,3,1,1,0,0,1,1.0,1.0,-46.04216,74.48666,481.0769,0,0.9999695,0,0.007805225;
custom,trunk1,ice1,1,2,1,1,0,0,1,1.0,1.0,-69.05688,-14.89822,-10.39437,0,0.9985523,0,-0.05378968;
custom,cuboid,ice1,2,3,1,1,0,0,1,1.0,1.0,-119.2371,36.85051,298.747,0,0.9996457,0,0.02661976;
custom,trunk1,lava1,.5,.5,.5,1,0,0,1,1.0,1.0,-119.6419,-1.483663,556.2125,0,0.3408254,0,-0.9401267;
custom,boulder5,ice1,1,1,1,1,0,0,1,1.0,1.0,-66.97201,-10.77549,-166.3174,0,0.007740052,0,0.9999701;
racing,killPrism,10,.1,10,191.445,0.207808,-361.3913,0,0.9999427,0,0.01070509;
racing,killPrism,10,.1,10,239.5543,0.6201371,-355.0238,0,0.01249901,0,-0.9999219;
spawnpoint,playerC,-107.1482,23.73943,605.6731,0,0.01649296,0,-0.999864;
spawnpoint,playerM,-75.46059,25.13943,603.5365,0,0.01649296,0,-0.999864;
custom,cuboid,lava1,4,4,20,1,0,0,1,1.0,1.0,261.2872,-11.28003,-300.7553,0,0.9999991,0,0.001357392;
custom,house7,lava1,.8,.8,.8,1,0,0,1,1.0,1.0,260.8146,-9.824753,-191.5665,0,0.9999679,0,0.008006801;
racing,checkpointCuboid,1.4,.4,1.4,260.9058,3.588518,-189.4163,0,0.003670835,0,-0.9999933;
custom,cuboid,lava1,4,.4,18,1,0,0,1,1.0,1.0,260.7987,17.61844,-292.3336,0,0.006169908,0,-0.999981;
misc,barrier,4,.4,20,261.5104,6.862273,-300.8883,0,-0.00112519,0,0.9999993;
custom,cuboid,lava1,1.5,3,20,1,0,0,1,1.0,1.0,273.1855,4.479312,-301.0904,0,-0.0008023666,0,0.9999997;
custom,cuboid,lava1,1.5,3,18,1,0,0,1,1.0,1.0,245.9229,4.326616,-291.9834,0,-0.008396232,0,-0.9999648;
racing,killCuboid,7,3,.1,216.6119,5.273977,-317.4356,0,0.01545764,0,-0.9998806;
racing,killPrism,10,.1,10,187.4681,21.13865,-363.9998,0,0.999909,0,0.01348927;
racing,killPrism,10,.1,10,235.0318,20.6571,-356.785,0,0.01344354,0,-0.9999097;
racing,killCuboid,10,20,.1,-84.24954,-9.950891,-367.5344,0,0.479907,0,0.8773194;
racing,killCuboid,10,4,1.5,-86.05299,42.52806,480.3902,0,0.9999113,0,0.01331739;
racing,checkpointCuboid,.5,.5,.5,-119.1927,9.518755,556.0983,0,0.6668233,0,0.7452158;
racing,killCuboid,10,20,.1,-8.042018,-9.858128,-407.6105,0,-0.01268437,0,0.9999196;
racing,killCuboid,10,20,.1,92.06252,-9.760105,-404.7365,0,0.01470834,0,-0.9998918;
racing,killCuboid,10,20,.1,191.8176,-9.815797,-401.7502,0,0.01227602,0,-0.9999247;
racing,killCuboid,10,20,.1,149.0906,-9.719105,525.283,0,0.4889171,0,0.8723302;
racing,killCuboid,6.5,20,.1,90.9017,-10.01336,567.3984,0,0.01929894,0,-0.9998138;
racing,killCuboid,10,20,.1,38.46635,-10.44649,-319.5942,0,0.9998516,0,0.01722592;
racing,killCuboid,11,20,.1,20.0495,-9.877666,480.3936,0,-0.006687175,0,0.9999776;
racing,killCuboid,9,7,.1,-37.29292,55.37777,521.9586,0,0.6898873,0,0.7239168;
racing,killCuboid,80,20,.1,181.9016,-9.965618,83.11098,0,0.7001233,0,0.714022;
racing,killCuboid,80,20,.1,81.53888,-10.60075,81.20452,0,0.7002611,0,0.7138869;
racing,killCuboid,80,20,.1,-22.72482,-10.66375,79.51789,0,0.7176781,0,-0.696375;
racing,killCuboid,90,20,.1,-125.2886,-9.870861,123.5415,0,0.6960315,0,0.7180113;
racing,killCuboid,4,3,.1,-36.81128,5.273547,491.0056,0,0.7062696,0,-0.707943;
racing,killCuboid,1,20,.1,-38.94027,-10.20374,569.8931,0,0.7263418,0,-0.6873336;
racing,killCuboid,9,7,.1,191.881,54.8183,-360.7441,0,0.6953023,0,0.7187174;
misc,barrier,10,15,.1,-39.29924,14.78404,624.0203,0,0.7059986,0,0.7082133;
misc,barrier,10,15,.1,-139.9426,14.94008,623.1776,0,0.6997904,0,0.7143483;
misc,barrier,11,.1,11,-86.88155,89.15733,627.1855,0,0.01033923,0,-0.9999465;
racing,startCuboid,10,10,1,-88.83809,40.39332,569.2191,0,0.9999998,0,0.0006998492;
custom,cuboid,ice1,10,4,1,1,0,0,1,1.0,1.0,-85.78258,41.55791,480.1254,0,0.01701646,0,-0.9998552;
custom,cuboid,ice1,10,4,1,1,0,0,1,1.0,1.0,-79.86568,69.40413,300.3134,0,0.01704149,0,-0.9998548;
custom,cuboid,ice1,10,4,1,1,0,0,1,1.0,1.0,-76.28596,41.24048,170.3009,0,0.006224505,0,-0.9999806;
custom,cuboid,ice1,6,4,1,1,0,0,1,1.0,1.0,-105.7719,69.73543,479.3721,0,0.02154699,0,-0.9997678;
custom,cuboid,ice1,6,4,1,1,0,0,1,1.0,1.0,-60.00335,41.18847,300.8561,0,0.9998377,0,0.01801931;
custom,cuboid,ice1,6,4,1,1,0,0,1,1.0,1.0,-56.13157,69.589,170.4337,0,0.9999728,0,0.007387528;
racing,killCuboid,6,4,1.5,-105.6342,69.83184,479.7562,0,0.02172733,0,-0.999764;
racing,killCuboid,6,4,1.5,-60.64908,41.89392,300.874,0,0.9998669,0,0.01631524;
racing,killCuboid,6,4,1.5,-56.39428,70.00818,170.0069,0,0.9999392,0,0.0110279;
racing,killCuboid,10,4,1.5,-76.27823,42.61991,170.3836,0,0.9999765,0,0.006859563;
racing,killCuboid,3,4,.1,253.3089,-0.03976431,-400.7589,0,-0.0008798011,0,0.9999996;
racing,killCuboid,6,.1,4,251.098,20.24322,-381.1962,0,0.00701866,0,-0.9999754;
custom,sphere,ice1,1,1,1,1,0,0,1,1.0,1.0,131.7481,83.95834,12.57336,0,0.007153124,0,-0.9999744;
custom,cuboid,ice1,4,1,17,1,0,0,1,1.0,1.0,-66.25853,99.73579,-60.34386,0,0.01923575,0,-0.999815;
custom,cuboid,ice1,2,3,1,1,0,0,1,1.0,1.0,-115.9561,73.15844,169.4718,0,0.9999695,0,0.007805225;
racing,killCuboid,2,3,1.5,-46.15398,75.77892,482.0763,0,0.9999255,0,0.01220972;
racing,killCuboid,2,3,1.5,-119.0341,36.76949,298.6592,0,0.9998236,0,0.01878254;
racing,killCuboid,2,3,1.5,-115.7412,74.67942,167.546,0,0.9999686,0,-0.007917204;
custom,cuboid,grass4,4,0.7,11,1,0,0.3636364,0,1,1,259.7239,-2.151893,-146.6705,0,0.9999927,0,0.003824356;
custom,cuboid,grass4,3.8,0.5,11,1,0,0.3636364,0,1,1,259.7679,21.10589,-147.4116,0,0.9999674,0,0.00807606;
custom,cuboid,grass4,0.7,3,11,1,0,0.3636364,0,1,1,238.0729,5.385837,-147.7384,0,0.9999812,0,0.006139275;
custom,cuboid,grass4,0.7,3,11,1,0,0.3636364,0,1,1,281.9805,4.58585,-146.3552,0,0.9999632,0,0.008582668;
racing,killCuboid,25,0.5,25,359.124,-1.419261,33.53028,0,1,0,-0.0002234419;
racing,killCuboid,25,0.5,25,359.3486,33.70435,32.32672,0,1,0,-0.0002234419;
racing,killCuboid,0.5,3.5,25,237.0703,14.24398,31.9539,0,1,0,3.738801E-05;
racing,killCuboid,0.5,3.5,25,481.3296,16.91551,32.3271,0,0.9999995,0,-0.001033525;
racing,killCuboid,25,3.5,0.5,359.1656,15.11549,153.0302,0,0.9999979,0,-0.002080721;
racing,killCuboid,16,3.5,0.5,404.0505,17.64791,-90.04336,0,0.001243751,0,-0.9999993;
racing,killCuboid,0.3,3.5,7,279.05,17.57215,-57.76081,0,0.9999955,0,0.003002847;
racing,killCuboid,0.3,3.5,7,273.2603,17.14955,6.439931,0,0.7062488,0,-0.7079638;
racing,killCuboid,0.3,3.5,7,312.314,17.152,-23.86779,0,0.7114745,0,-0.7027119;
racing,killCuboid,0.3,3.5,7,345.7228,16.58674,10.07476,0,0.9999975,0,0.002247276;
racing,killCuboid,0.3,3.5,7,307.4096,17.1691,39.75305,0,0.9999618,0,-0.008744265;
racing,killCuboid,0.3,3.5,7,334.3097,17.31931,98.8619,0,0.9132377,0,-0.4074273;
racing,killCuboid,0.3,3.5,7,371.2668,16.27928,67.20525,0,0.9132377,0,-0.4074273;
racing,killCuboid,0.3,3.5,4.5,395.7361,15.75694,114.0071,0,0.9991333,0,0.04162451;
racing,killCuboid,0.3,3.5,4,372.6649,16.17875,138.0631,0,0.7001987,0,-0.7139481;
racing,killCuboid,0.3,3.5,7.0,325.6507,16.16594,116.2169,0,0.9139167,0,-0.4059018;
racing,killCuboid,0.3,3.5,7.0,296.5869,14.96139,59.00383,0,0.9998354,0,-0.01814177;
racing,killCuboid,0.3,3.5,4,259.4686,15.95169,48.54483,0,0.7063711,0,-0.7078418;
racing,killCuboid,0.3,3.5,4,276.8113,15.95153,25.48994,0,0.7063711,0,-0.7078418;
racing,killCuboid,0.3,3.5,4,327.8274,16.15162,139.1768,0,0.7063711,0,-0.7078418;
racing,killCuboid,0.3,3.5,4,259.5005,16.83172,98.16139,0,0.7063711,0,-0.7078418;
racing,killCuboid,0.3,3.5,4,294.5659,16.79168,112.1232,0,-0.3984216,0,-0.9172025;
racing,killCuboid,0.3,3.5,4,275.6171,17.07167,73.2307,0,0.7063711,0,-0.7078418;
racing,killCuboid,0.3,3.5,5,285.1624,16.15624,128.4016,0,0.5315629,0,0.8470189;
racing,killCuboid,0.3,3.5,7,420.7882,15.26977,115.571,0,0.03721758,0,-0.9993072;
racing,killCuboid,0.3,3.5,7,397.8433,15.73484,55.47727,0,-0.3910464,0,-0.9203711;
racing,killCuboid,0.3,3.5,7,397.4171,14.4671,8.428907,0,0.3820812,0,-0.9241288;
racing,killCuboid,0.3,3.5,7,370.6039,16.46712,-12.49566,0,0.3820812,0,-0.9241288;
racing,killCuboid,0.3,3.5,5,421.1921,15.27915,-40.38337,0,0.999993,0,-0.003749421;
racing,killCuboid,0.3,3.5,5,397.8877,16.34974,-63.30417,0,0.702175,0,-0.7120045;
racing,killCuboid,0.3,3.5,5,369.602,16.23866,-36.66307,0,0.7027352,0,-0.7114515;
racing,killCuboid,0.3,3.5,5,345.9737,17.42455,-48.73856,0,-0.003202715,0,0.9999949;
custom,cuboid,grass4,0.1,4,7,1,0.0340909,0.3863637,0.1022727,1.0,1.0,344.9117,13.95564,9.285341,0,-0.001116757,0,0.9999994;
custom,cuboid,grass4,0.1,3.5,4,1,0.0340909,0.3863637,0.1022727,1.0,1.0,259.2064,15.82547,48.35702,0,0.7073981,0,-0.7068154;
custom,cuboid,grass4,0.1,3.5,4,1,0.0340909,0.3863637,0.1022727,1.0,1.0,259.3036,16.23142,98.0809,0,0.7049668,0,-0.7092403;
custom,cuboid,grass4,0.1,3.5,4,1,0.0340909,0.3863637,0.1022727,1.0,1.0,354.4518,16.42798,151.3183,0,0.7072238,0,0.7069898;
custom,cuboid,grass4,0.1,3.5,4.9,1,0.0340909,0.3863637,0.1022727,1.0,1.0,398.3207,15.9118,-63.41607,0,-0.7013001,0,0.7128662;
racing,killCuboid,3,0.5,5,358.9906,17.14176,-63.56608,0,0.01072481,0,0.9999425;
racing,killCuboid,0.5,2,3,371.5591,24.80069,-53.3634,0,0.9999998,0,0.000668807;
racing,killCuboid,0.2,3.5,1,373.4825,15.20214,-69.06976,0,0.00312726,0,-0.9999951;
racing,killCuboid,0.5,1.5,1.5,347.0244,7.365862,-81.11143,0,0.9999947,0,-0.003261205;
racing,killCuboid,2.4,0.5,7,408.4581,17.04274,-75.58881,0,0.7129893,0,-0.7011749;
racing,killCuboid,0.2,4,7,441.6872,13.1492,-30.77529,0,0.9999999,0,0.0005820435;
racing,killCuboid,0.2,4,5,423.6898,13.42878,20.50296,0,0.9240529,0,0.3822647;
racing,killCuboid,0.2,4,5,424.2094,13.75504,54.10554,0,0.9194561,0,-0.3931929;
racing,killCuboid,0.2,3.5,5,440.7611,16.99842,95.40026,0,0.9994741,0,0.0324273;
racing,killCuboid,0.2,1.3,1.8,431.7288,26.0021,-64.76624,0,0.7044412,0,0.7097623;
racing,killArc90,1.4,1.3,1.4,473.1738,5.864716,108.7553,0.001360645,0.7093508,-0.7048508,0.002251426;
racing,killArc90,1.4,1.3,1.4,447.3211,5.601454,108.2727,0.5014027,-0.4915175,0.5003873,-0.5065753;
racing,killCuboid,0.7,0.3,1.3,460.381,11.73317,107.3436,-0.001888905,0.7124632,-0.002056753,-0.701704;
racing,killArc180,1.7,1.3,1.7,460.8489,23.45216,107.0063,0.4925744,0.5094833,0.493252,0.5044795;
racing,killCuboid,0.2,3.5,5,454.0067,15.43354,37.55721,0,0.7117874,0,0.702395;
racing,killArc180,1.7,1.3,1.3,470.4633,10.77786,76.98707,-0.7106614,0.004506607,-0.004318984,0.7035066;
racing,killArc180,1.7,1.3,1.3,451.4446,11.24948,76.48413,0.02259929,-0.709255,-0.7045163,0.01017206;
racing,killPyramid,0.2,1.5,1.3,460.9619,13.006,77.20155,0,0.9999495,0,0.01005395;
custom,cuboid,grass4,0.1,3.5,5,1,0,0.4204546,0,1.0,1.0,482.7009,16.20158,36.23653,0,0.9999975,0,-0.002249472;
racing,killCuboid,0.2,1.7,2.2,441.8874,6.961128,-76.75897,0,0.999993,0,0.003756678;
racing,killCuboid,4,1,0.2,258.9891,27.84924,-93.1624,0,0.9999309,0,0.01175752;
racing,killPyramid,2,2,2,470.6865,13.45681,-3.355469,-0.004417362,0.002826685,0.9736543,-0.2279688;
racing,killPyramid,2,2,2,450.5228,14.40413,-52.0794,-0.006853459,-0.001189004,0.9755162,0.2198174;
racing,killCuboid,2,0.2,6,315.3842,8.173021,-78.47942,-0.1168956,0.6990939,0.1174899,0.6955569;
racing,killCuboid,2,3.5,2,307.4359,16.27458,-58.68839,0,-0.001730585,0,-0.9999985;
racing,killCuboid,0.2,3.5,5,301.8554,22.79367,-89.92603,-0.1160553,0.7012772,-0.1173536,-0.6935198;
racing,killCuboid,0.2,2,4,324.7201,22.60631,-69.92464,-0.1238718,0.709189,0.1171853,0.6840866;
custom,cuboid,grass4,0.5,3.5,0.5,1,0,0.4545455,0,1.0,1.0,307.575,17.44989,-58.31808,0,-0.001090273,0,-0.9999995;
custom,cuboid,grass4,0.1,3.5,3,1,0,0.4545455,0,1.0,1.0,421.7391,14.65621,108.2821,0,0.9993507,0,0.03602917;
custom,cuboid,grass4,3,0.2,10,1,0,0.3409091,0,1.0,1.0,308.3891,0.04000322,-141.2496,0,0.001378925,0,-0.999999;
custom,cuboid,grass4,0.5,2.7,8,1,0,0.3409091,0,1.0,1.0,295.0337,7.800001,-130.7847,0,0.001378925,0,-0.999999;
custom,cuboid,grass4,0.5,2.7,8,1,0,0.3409091,0,1.0,1.0,321.62,5.120004,-130.6579,0,0.001378925,0,-0.999999;
custom,cuboid,grass4,3,0.5,8,1,0,0.3409091,0,1.0,1.0,309.2525,18.48002,-130.6561,0,0.001378925,0,-0.999999;
racing,checkpointCuboid,2.2,1.5,0.5,308.4226,8.571538,-167.0518,0,0.9999987,0,0.001588569;
