
Result;
map,disablebounds;
spawnpoint,playerC,0,100000,0,0,1,0,0;








base,Cube_001,0,100000,-30,0,1,0,0;
base,Cube_001,0,100007.764571353,-28.9777747886721,0,1,0.131652497587396,0;
base,Cube_001,0,100015,-25.9807621135332,0,1,0.267949192431123,0;
base,Cube_001,0,100021.213203436,-21.2132034355964,0,1,0.414213562373095,0;
base,Cube_001,0,100025.980762114,-15,0,1,0.577350269189626,0;
base,Cube_001,0,100028.977774789,-7.76457135307562,0,1,0.76732698797896,0;
base,Cube_001,0,100030,0,0,1,1,0;
base,Cube_001,0,100028.977774789,7.76457135307562,0,1,1.30322537284121,0;
base,Cube_001,0,100025.980762114,15,0,1,1.73205080756888,0;
base,Cube_001,0,100021.213203436,21.2132034355964,0,1,2.41421356237309,0;
base,Cube_001,0,100015,25.9807621135332,0,1,3.73205080756888,0;
base,Cube_001,0,100007.764571353,28.9777747886721,0,1,7.59575411272514,0;
base,Cube_001,0,100000,30,0,1,16324552277619100,0;
base,Cube_001,0,99992.2354286469,28.9777747886721,0,1,-7.59575411272516,0;
base,Cube_001,0,99985,25.9807621135332,0,1,-3.73205080756888,0;
base,Cube_001,0,99978.7867965644,21.2132034355964,0,1,-2.4142135623731,0;
base,Cube_001,0,99974.0192378865,15,0,1,-1.73205080756888,0;
base,Cube_001,0,99971.0222252113,7.76457135307563,0,1,-1.30322537284121,0;
base,Cube_001,0,99970,3.67544536472586E-15,0,1,-1,0;
base,Cube_001,0,99971.0222252113,-7.76457135307561,0,1,-0.76732698797896,0;
base,Cube_001,0,99974.0192378865,-15,0,1,-0.577350269189626,0;
base,Cube_001,0,99978.7867965644,-21.2132034355964,0,1,-0.414213562373095,0;
base,Cube_001,0,99985,-25.9807621135332,0,1,-0.267949192431123,0;
base,Cube_001,0,99992.2354286469,-28.9777747886721,0,1,-0.131652497587396,0;














base,Cube_001,5,100000,-30,0,1,0,0;
base,Cube_001,5,100007.764571353,-28.9777747886721,0,1,0.131652497587396,0;
base,Cube_001,5,100015,-25.9807621135332,0,1,0.267949192431123,0;
base,Cube_001,5,100021.213203436,-21.2132034355964,0,1,0.414213562373095,0;
base,Cube_001,5,100025.980762114,-15,0,1,0.577350269189626,0;
base,Cube_001,5,100028.977774789,-7.76457135307562,0,1,0.76732698797896,0;
base,Cube_001,5,100030,0,0,1,1,0;
base,Cube_001,5,100028.977774789,7.76457135307562,0,1,1.30322537284121,0;
base,Cube_001,5,100025.980762114,15,0,1,1.73205080756888,0;
base,Cube_001,5,100021.213203436,21.2132034355964,0,1,2.41421356237309,0;
base,Cube_001,5,100015,25.9807621135332,0,1,3.73205080756888,0;
base,Cube_001,5,100007.764571353,28.9777747886721,0,1,7.59575411272514,0;
base,Cube_001,5,100000,30,0,1,16324552277619100,0;
base,Cube_001,5,99992.2354286469,28.9777747886721,0,1,-7.59575411272516,0;
base,Cube_001,5,99985,25.9807621135332,0,1,-3.73205080756888,0;
base,Cube_001,5,99978.7867965644,21.2132034355964,0,1,-2.4142135623731,0;
base,Cube_001,5,99974.0192378865,15,0,1,-1.73205080756888,0;
base,Cube_001,5,99971.0222252113,7.76457135307563,0,1,-1.30322537284121,0;
base,Cube_001,5,99970,3.67544536472586E-15,0,1,-1,0;
base,Cube_001,5,99971.0222252113,-7.76457135307561,0,1,-0.76732698797896,0;
base,Cube_001,5,99974.0192378865,-15,0,1,-0.577350269189626,0;
base,Cube_001,5,99978.7867965644,-21.2132034355964,0,1,-0.414213562373095,0;
base,Cube_001,5,99985,-25.9807621135332,0,1,-0.267949192431123,0;
base,Cube_001,5,99992.2354286469,-28.9777747886721,0,1,-0.131652497587396,0;














base,Cube_001,10,100000,-30,0,1,0,0;
base,Cube_001,10,100007.764571353,-28.9777747886721,0,1,0.131652497587396,0;
base,Cube_001,10,100015,-25.9807621135332,0,1,0.267949192431123,0;
base,Cube_001,10,100021.213203436,-21.2132034355964,0,1,0.414213562373095,0;
base,Cube_001,10,100025.980762114,-15,0,1,0.577350269189626,0;
base,Cube_001,10,100028.977774789,-7.76457135307562,0,1,0.76732698797896,0;
base,Cube_001,10,100030,0,0,1,1,0;
base,Cube_001,10,100028.977774789,7.76457135307562,0,1,1.30322537284121,0;
base,Cube_001,10,100025.980762114,15,0,1,1.73205080756888,0;
base,Cube_001,10,100021.213203436,21.2132034355964,0,1,2.41421356237309,0;
base,Cube_001,10,100015,25.9807621135332,0,1,3.73205080756888,0;
base,Cube_001,10,100007.764571353,28.9777747886721,0,1,7.59575411272514,0;
base,Cube_001,10,100000,30,0,1,16324552277619100,0;
base,Cube_001,10,99992.2354286469,28.9777747886721,0,1,-7.59575411272516,0;
base,Cube_001,10,99985,25.9807621135332,0,1,-3.73205080756888,0;
base,Cube_001,10,99978.7867965644,21.2132034355964,0,1,-2.4142135623731,0;
base,Cube_001,10,99974.0192378865,15,0,1,-1.73205080756888,0;
base,Cube_001,10,99971.0222252113,7.76457135307563,0,1,-1.30322537284121,0;
base,Cube_001,10,99970,3.67544536472586E-15,0,1,-1,0;
base,Cube_001,10,99971.0222252113,-7.76457135307561,0,1,-0.76732698797896,0;
base,Cube_001,10,99974.0192378865,-15,0,1,-0.577350269189626,0;
base,Cube_001,10,99978.7867965644,-21.2132034355964,0,1,-0.414213562373095,0;
base,Cube_001,10,99985,-25.9807621135332,0,1,-0.267949192431123,0;
base,Cube_001,10,99992.2354286469,-28.9777747886721,0,1,-0.131652497587396,0;














base,Cube_001,15,100000,-30,0,1,0,0;
base,Cube_001,15,100007.764571353,-28.9777747886721,0,1,0.131652497587396,0;
base,Cube_001,15,100015,-25.9807621135332,0,1,0.267949192431123,0;
base,Cube_001,15,100021.213203436,-21.2132034355964,0,1,0.414213562373095,0;
base,Cube_001,15,100025.980762114,-15,0,1,0.577350269189626,0;
base,Cube_001,15,100028.977774789,-7.76457135307562,0,1,0.76732698797896,0;
base,Cube_001,15,100030,0,0,1,1,0;
base,Cube_001,15,100028.977774789,7.76457135307562,0,1,1.30322537284121,0;
base,Cube_001,15,100025.980762114,15,0,1,1.73205080756888,0;
base,Cube_001,15,100021.213203436,21.2132034355964,0,1,2.41421356237309,0;
base,Cube_001,15,100015,25.9807621135332,0,1,3.73205080756888,0;
base,Cube_001,15,100007.764571353,28.9777747886721,0,1,7.59575411272514,0;
base,Cube_001,15,100000,30,0,1,16324552277619100,0;
base,Cube_001,15,99992.2354286469,28.9777747886721,0,1,-7.59575411272516,0;
base,Cube_001,15,99985,25.9807621135332,0,1,-3.73205080756888,0;
base,Cube_001,15,99978.7867965644,21.2132034355964,0,1,-2.4142135623731,0;
base,Cube_001,15,99974.0192378865,15,0,1,-1.73205080756888,0;
base,Cube_001,15,99971.0222252113,7.76457135307563,0,1,-1.30322537284121,0;
base,Cube_001,15,99970,3.67544536472586E-15,0,1,-1,0;
base,Cube_001,15,99971.0222252113,-7.76457135307561,0,1,-0.76732698797896,0;
base,Cube_001,15,99974.0192378865,-15,0,1,-0.577350269189626,0;
base,Cube_001,15,99978.7867965644,-21.2132034355964,0,1,-0.414213562373095,0;
base,Cube_001,15,99985,-25.9807621135332,0,1,-0.267949192431123,0;
base,Cube_001,15,99992.2354286469,-28.9777747886721,0,1,-0.131652497587396,0;














base,Cube_001,20,100000,-30,0,1,0,0;
base,Cube_001,20,100007.764571353,-28.9777747886721,0,1,0.131652497587396,0;
base,Cube_001,20,100015,-25.9807621135332,0,1,0.267949192431123,0;
base,Cube_001,20,100021.213203436,-21.2132034355964,0,1,0.414213562373095,0;
base,Cube_001,20,100025.980762114,-15,0,1,0.577350269189626,0;
base,Cube_001,20,100028.977774789,-7.76457135307562,0,1,0.76732698797896,0;
base,Cube_001,20,100030,0,0,1,1,0;
base,Cube_001,20,100028.977774789,7.76457135307562,0,1,1.30322537284121,0;
base,Cube_001,20,100025.980762114,15,0,1,1.73205080756888,0;
base,Cube_001,20,100021.213203436,21.2132034355964,0,1,2.41421356237309,0;
base,Cube_001,20,100015,25.9807621135332,0,1,3.73205080756888,0;
base,Cube_001,20,100007.764571353,28.9777747886721,0,1,7.59575411272514,0;
base,Cube_001,20,100000,30,0,1,16324552277619100,0;
base,Cube_001,20,99992.2354286469,28.9777747886721,0,1,-7.59575411272516,0;
base,Cube_001,20,99985,25.9807621135332,0,1,-3.73205080756888,0;
base,Cube_001,20,99978.7867965644,21.2132034355964,0,1,-2.4142135623731,0;
base,Cube_001,20,99974.0192378865,15,0,1,-1.73205080756888,0;
base,Cube_001,20,99971.0222252113,7.76457135307563,0,1,-1.30322537284121,0;
base,Cube_001,20,99970,3.67544536472586E-15,0,1,-1,0;
base,Cube_001,20,99971.0222252113,-7.76457135307561,0,1,-0.76732698797896,0;
base,Cube_001,20,99974.0192378865,-15,0,1,-0.577350269189626,0;
base,Cube_001,20,99978.7867965644,-21.2132034355964,0,1,-0.414213562373095,0;
base,Cube_001,20,99985,-25.9807621135332,0,1,-0.267949192431123,0;
base,Cube_001,20,99992.2354286469,-28.9777747886721,0,1,-0.131652497587396,0;














base,Cube_001,25,100000,-30,0,1,0,0;
base,Cube_001,25,100007.764571353,-28.9777747886721,0,1,0.131652497587396,0;
base,Cube_001,25,100015,-25.9807621135332,0,1,0.267949192431123,0;
base,Cube_001,25,100021.213203436,-21.2132034355964,0,1,0.414213562373095,0;
base,Cube_001,25,100025.980762114,-15,0,1,0.577350269189626,0;
base,Cube_001,25,100028.977774789,-7.76457135307562,0,1,0.76732698797896,0;
base,Cube_001,25,100030,0,0,1,1,0;
base,Cube_001,25,100028.977774789,7.76457135307562,0,1,1.30322537284121,0;
base,Cube_001,25,100025.980762114,15,0,1,1.73205080756888,0;
base,Cube_001,25,100021.213203436,21.2132034355964,0,1,2.41421356237309,0;
base,Cube_001,25,100015,25.9807621135332,0,1,3.73205080756888,0;
base,Cube_001,25,100007.764571353,28.9777747886721,0,1,7.59575411272514,0;
base,Cube_001,25,100000,30,0,1,16324552277619100,0;
base,Cube_001,25,99992.2354286469,28.9777747886721,0,1,-7.59575411272516,0;
base,Cube_001,25,99985,25.9807621135332,0,1,-3.73205080756888,0;
base,Cube_001,25,99978.7867965644,21.2132034355964,0,1,-2.4142135623731,0;
base,Cube_001,25,99974.0192378865,15,0,1,-1.73205080756888,0;
base,Cube_001,25,99971.0222252113,7.76457135307563,0,1,-1.30322537284121,0;
base,Cube_001,25,99970,3.67544536472586E-15,0,1,-1,0;
base,Cube_001,25,99971.0222252113,-7.76457135307561,0,1,-0.76732698797896,0;
base,Cube_001,25,99974.0192378865,-15,0,1,-0.577350269189626,0;
base,Cube_001,25,99978.7867965644,-21.2132034355964,0,1,-0.414213562373095,0;
base,Cube_001,25,99985,-25.9807621135332,0,1,-0.267949192431123,0;
base,Cube_001,25,99992.2354286469,-28.9777747886721,0,1,-0.131652497587396,0;














base,Cube_001,30,100000,-30,0,1,0,0;
base,Cube_001,30,100007.764571353,-28.9777747886721,0,1,0.131652497587396,0;
base,Cube_001,30,100015,-25.9807621135332,0,1,0.267949192431123,0;
base,Cube_001,30,100021.213203436,-21.2132034355964,0,1,0.414213562373095,0;
base,Cube_001,30,100025.980762114,-15,0,1,0.577350269189626,0;
base,Cube_001,30,100028.977774789,-7.76457135307562,0,1,0.76732698797896,0;
base,Cube_001,30,100030,0,0,1,1,0;
base,Cube_001,30,100028.977774789,7.76457135307562,0,1,1.30322537284121,0;
base,Cube_001,30,100025.980762114,15,0,1,1.73205080756888,0;
base,Cube_001,30,100021.213203436,21.2132034355964,0,1,2.41421356237309,0;
base,Cube_001,30,100015,25.9807621135332,0,1,3.73205080756888,0;
base,Cube_001,30,100007.764571353,28.9777747886721,0,1,7.59575411272514,0;
base,Cube_001,30,100000,30,0,1,16324552277619100,0;
base,Cube_001,30,99992.2354286469,28.9777747886721,0,1,-7.59575411272516,0;
base,Cube_001,30,99985,25.9807621135332,0,1,-3.73205080756888,0;
base,Cube_001,30,99978.7867965644,21.2132034355964,0,1,-2.4142135623731,0;
base,Cube_001,30,99974.0192378865,15,0,1,-1.73205080756888,0;
base,Cube_001,30,99971.0222252113,7.76457135307563,0,1,-1.30322537284121,0;
base,Cube_001,30,99970,3.67544536472586E-15,0,1,-1,0;
base,Cube_001,30,99971.0222252113,-7.76457135307561,0,1,-0.76732698797896,0;
base,Cube_001,30,99974.0192378865,-15,0,1,-0.577350269189626,0;
base,Cube_001,30,99978.7867965644,-21.2132034355964,0,1,-0.414213562373095,0;
base,Cube_001,30,99985,-25.9807621135332,0,1,-0.267949192431123,0;
base,Cube_001,30,99992.2354286469,-28.9777747886721,0,1,-0.131652497587396,0;














base,Cube_001,35,100000,-30,0,1,0,0;
base,Cube_001,35,100007.764571353,-28.9777747886721,0,1,0.131652497587396,0;
base,Cube_001,35,100015,-25.9807621135332,0,1,0.267949192431123,0;
base,Cube_001,35,100021.213203436,-21.2132034355964,0,1,0.414213562373095,0;
base,Cube_001,35,100025.980762114,-15,0,1,0.577350269189626,0;
base,Cube_001,35,100028.977774789,-7.76457135307562,0,1,0.76732698797896,0;
base,Cube_001,35,100030,0,0,1,1,0;
base,Cube_001,35,100028.977774789,7.76457135307562,0,1,1.30322537284121,0;
base,Cube_001,35,100025.980762114,15,0,1,1.73205080756888,0;
base,Cube_001,35,100021.213203436,21.2132034355964,0,1,2.41421356237309,0;
base,Cube_001,35,100015,25.9807621135332,0,1,3.73205080756888,0;
base,Cube_001,35,100007.764571353,28.9777747886721,0,1,7.59575411272514,0;
base,Cube_001,35,100000,30,0,1,16324552277619100,0;
base,Cube_001,35,99992.2354286469,28.9777747886721,0,1,-7.59575411272516,0;
base,Cube_001,35,99985,25.9807621135332,0,1,-3.73205080756888,0;
base,Cube_001,35,99978.7867965644,21.2132034355964,0,1,-2.4142135623731,0;
base,Cube_001,35,99974.0192378865,15,0,1,-1.73205080756888,0;
base,Cube_001,35,99971.0222252113,7.76457135307563,0,1,-1.30322537284121,0;
base,Cube_001,35,99970,3.67544536472586E-15,0,1,-1,0;
base,Cube_001,35,99971.0222252113,-7.76457135307561,0,1,-0.76732698797896,0;
base,Cube_001,35,99974.0192378865,-15,0,1,-0.577350269189626,0;
base,Cube_001,35,99978.7867965644,-21.2132034355964,0,1,-0.414213562373095,0;
base,Cube_001,35,99985,-25.9807621135332,0,1,-0.267949192431123,0;
base,Cube_001,35,99992.2354286469,-28.9777747886721,0,1,-0.131652497587396,0;














base,Cube_001,40,100000,-30,0,1,0,0;
base,Cube_001,40,100007.764571353,-28.9777747886721,0,1,0.131652497587396,0;
base,Cube_001,40,100015,-25.9807621135332,0,1,0.267949192431123,0;
base,Cube_001,40,100021.213203436,-21.2132034355964,0,1,0.414213562373095,0;
base,Cube_001,40,100025.980762114,-15,0,1,0.577350269189626,0;
base,Cube_001,40,100028.977774789,-7.76457135307562,0,1,0.76732698797896,0;
base,Cube_001,40,100030,0,0,1,1,0;
base,Cube_001,40,100028.977774789,7.76457135307562,0,1,1.30322537284121,0;
base,Cube_001,40,100025.980762114,15,0,1,1.73205080756888,0;
base,Cube_001,40,100021.213203436,21.2132034355964,0,1,2.41421356237309,0;
base,Cube_001,40,100015,25.9807621135332,0,1,3.73205080756888,0;
base,Cube_001,40,100007.764571353,28.9777747886721,0,1,7.59575411272514,0;
base,Cube_001,40,100000,30,0,1,16324552277619100,0;
base,Cube_001,40,99992.2354286469,28.9777747886721,0,1,-7.59575411272516,0;
base,Cube_001,40,99985,25.9807621135332,0,1,-3.73205080756888,0;
base,Cube_001,40,99978.7867965644,21.2132034355964,0,1,-2.4142135623731,0;
base,Cube_001,40,99974.0192378865,15,0,1,-1.73205080756888,0;
base,Cube_001,40,99971.0222252113,7.76457135307563,0,1,-1.30322537284121,0;
base,Cube_001,40,99970,3.67544536472586E-15,0,1,-1,0;
base,Cube_001,40,99971.0222252113,-7.76457135307561,0,1,-0.76732698797896,0;
base,Cube_001,40,99974.0192378865,-15,0,1,-0.577350269189626,0;
base,Cube_001,40,99978.7867965644,-21.2132034355964,0,1,-0.414213562373095,0;
base,Cube_001,40,99985,-25.9807621135332,0,1,-0.267949192431123,0;
base,Cube_001,40,99992.2354286469,-28.9777747886721,0,1,-0.131652497587396,0;














base,Cube_001,45,100000,-30,0,1,0,0;
base,Cube_001,45,100007.764571353,-28.9777747886721,0,1,0.131652497587396,0;
base,Cube_001,45,100015,-25.9807621135332,0,1,0.267949192431123,0;
base,Cube_001,45,100021.213203436,-21.2132034355964,0,1,0.414213562373095,0;
base,Cube_001,45,100025.980762114,-15,0,1,0.577350269189626,0;
base,Cube_001,45,100028.977774789,-7.76457135307562,0,1,0.76732698797896,0;
base,Cube_001,45,100030,0,0,1,1,0;
base,Cube_001,45,100028.977774789,7.76457135307562,0,1,1.30322537284121,0;
base,Cube_001,45,100025.980762114,15,0,1,1.73205080756888,0;
base,Cube_001,45,100021.213203436,21.2132034355964,0,1,2.41421356237309,0;
base,Cube_001,45,100015,25.9807621135332,0,1,3.73205080756888,0;
base,Cube_001,45,100007.764571353,28.9777747886721,0,1,7.59575411272514,0;
base,Cube_001,45,100000,30,0,1,16324552277619100,0;
base,Cube_001,45,99992.2354286469,28.9777747886721,0,1,-7.59575411272516,0;
base,Cube_001,45,99985,25.9807621135332,0,1,-3.73205080756888,0;
base,Cube_001,45,99978.7867965644,21.2132034355964,0,1,-2.4142135623731,0;
base,Cube_001,45,99974.0192378865,15,0,1,-1.73205080756888,0;
base,Cube_001,45,99971.0222252113,7.76457135307563,0,1,-1.30322537284121,0;
base,Cube_001,45,99970,3.67544536472586E-15,0,1,-1,0;
base,Cube_001,45,99971.0222252113,-7.76457135307561,0,1,-0.76732698797896,0;
base,Cube_001,45,99974.0192378865,-15,0,1,-0.577350269189626,0;
base,Cube_001,45,99978.7867965644,-21.2132034355964,0,1,-0.414213562373095,0;
base,Cube_001,45,99985,-25.9807621135332,0,1,-0.267949192431123,0;
base,Cube_001,45,99992.2354286469,-28.9777747886721,0,1,-0.131652497587396,0;














base,Cube_001,50,100000,-30,0,1,0,0;
base,Cube_001,50,100007.764571353,-28.9777747886721,0,1,0.131652497587396,0;
base,Cube_001,50,100015,-25.9807621135332,0,1,0.267949192431123,0;
base,Cube_001,50,100021.213203436,-21.2132034355964,0,1,0.414213562373095,0;
base,Cube_001,50,100025.980762114,-15,0,1,0.577350269189626,0;
base,Cube_001,50,100028.977774789,-7.76457135307562,0,1,0.76732698797896,0;
base,Cube_001,50,100030,0,0,1,1,0;
base,Cube_001,50,100028.977774789,7.76457135307562,0,1,1.30322537284121,0;
base,Cube_001,50,100025.980762114,15,0,1,1.73205080756888,0;
base,Cube_001,50,100021.213203436,21.2132034355964,0,1,2.41421356237309,0;
base,Cube_001,50,100015,25.9807621135332,0,1,3.73205080756888,0;
base,Cube_001,50,100007.764571353,28.9777747886721,0,1,7.59575411272514,0;
base,Cube_001,50,100000,30,0,1,16324552277619100,0;
base,Cube_001,50,99992.2354286469,28.9777747886721,0,1,-7.59575411272516,0;
base,Cube_001,50,99985,25.9807621135332,0,1,-3.73205080756888,0;
base,Cube_001,50,99978.7867965644,21.2132034355964,0,1,-2.4142135623731,0;
base,Cube_001,50,99974.0192378865,15,0,1,-1.73205080756888,0;
base,Cube_001,50,99971.0222252113,7.76457135307563,0,1,-1.30322537284121,0;
base,Cube_001,50,99970,3.67544536472586E-15,0,1,-1,0;
base,Cube_001,50,99971.0222252113,-7.76457135307561,0,1,-0.76732698797896,0;
base,Cube_001,50,99974.0192378865,-15,0,1,-0.577350269189626,0;
base,Cube_001,50,99978.7867965644,-21.2132034355964,0,1,-0.414213562373095,0;
base,Cube_001,50,99985,-25.9807621135332,0,1,-0.267949192431123,0;
base,Cube_001,50,99992.2354286469,-28.9777747886721,0,1,-0.131652497587396,0;














base,Cube_001,55,100000,-30,0,1,0,0;
base,Cube_001,55,100007.764571353,-28.9777747886721,0,1,0.131652497587396,0;
base,Cube_001,55,100015,-25.9807621135332,0,1,0.267949192431123,0;
base,Cube_001,55,100021.213203436,-21.2132034355964,0,1,0.414213562373095,0;
base,Cube_001,55,100025.980762114,-15,0,1,0.577350269189626,0;
base,Cube_001,55,100028.977774789,-7.76457135307562,0,1,0.76732698797896,0;
base,Cube_001,55,100030,0,0,1,1,0;
base,Cube_001,55,100028.977774789,7.76457135307562,0,1,1.30322537284121,0;
base,Cube_001,55,100025.980762114,15,0,1,1.73205080756888,0;
base,Cube_001,55,100021.213203436,21.2132034355964,0,1,2.41421356237309,0;
base,Cube_001,55,100015,25.9807621135332,0,1,3.73205080756888,0;
base,Cube_001,55,100007.764571353,28.9777747886721,0,1,7.59575411272514,0;
base,Cube_001,55,100000,30,0,1,16324552277619100,0;
base,Cube_001,55,99992.2354286469,28.9777747886721,0,1,-7.59575411272516,0;
base,Cube_001,55,99985,25.9807621135332,0,1,-3.73205080756888,0;
base,Cube_001,55,99978.7867965644,21.2132034355964,0,1,-2.4142135623731,0;
base,Cube_001,55,99974.0192378865,15,0,1,-1.73205080756888,0;
base,Cube_001,55,99971.0222252113,7.76457135307563,0,1,-1.30322537284121,0;
base,Cube_001,55,99970,3.67544536472586E-15,0,1,-1,0;
base,Cube_001,55,99971.0222252113,-7.76457135307561,0,1,-0.76732698797896,0;
base,Cube_001,55,99974.0192378865,-15,0,1,-0.577350269189626,0;
base,Cube_001,55,99978.7867965644,-21.2132034355964,0,1,-0.414213562373095,0;
base,Cube_001,55,99985,-25.9807621135332,0,1,-0.267949192431123,0;
base,Cube_001,55,99992.2354286469,-28.9777747886721,0,1,-0.131652497587396,0;














base,Cube_001,60,100000,-30,0,1,0,0;
base,Cube_001,60,100007.764571353,-28.9777747886721,0,1,0.131652497587396,0;
base,Cube_001,60,100015,-25.9807621135332,0,1,0.267949192431123,0;
base,Cube_001,60,100021.213203436,-21.2132034355964,0,1,0.414213562373095,0;
base,Cube_001,60,100025.980762114,-15,0,1,0.577350269189626,0;
base,Cube_001,60,100028.977774789,-7.76457135307562,0,1,0.76732698797896,0;
base,Cube_001,60,100030,0,0,1,1,0;
base,Cube_001,60,100028.977774789,7.76457135307562,0,1,1.30322537284121,0;
base,Cube_001,60,100025.980762114,15,0,1,1.73205080756888,0;
base,Cube_001,60,100021.213203436,21.2132034355964,0,1,2.41421356237309,0;
base,Cube_001,60,100015,25.9807621135332,0,1,3.73205080756888,0;
base,Cube_001,60,100007.764571353,28.9777747886721,0,1,7.59575411272514,0;
base,Cube_001,60,100000,30,0,1,16324552277619100,0;
base,Cube_001,60,99992.2354286469,28.9777747886721,0,1,-7.59575411272516,0;
base,Cube_001,60,99985,25.9807621135332,0,1,-3.73205080756888,0;
base,Cube_001,60,99978.7867965644,21.2132034355964,0,1,-2.4142135623731,0;
base,Cube_001,60,99974.0192378865,15,0,1,-1.73205080756888,0;
base,Cube_001,60,99971.0222252113,7.76457135307563,0,1,-1.30322537284121,0;
base,Cube_001,60,99970,3.67544536472586E-15,0,1,-1,0;
base,Cube_001,60,99971.0222252113,-7.76457135307561,0,1,-0.76732698797896,0;
base,Cube_001,60,99974.0192378865,-15,0,1,-0.577350269189626,0;
base,Cube_001,60,99978.7867965644,-21.2132034355964,0,1,-0.414213562373095,0;
base,Cube_001,60,99985,-25.9807621135332,0,1,-0.267949192431123,0;
base,Cube_001,60,99992.2354286469,-28.9777747886721,0,1,-0.131652497587396,0;














base,Cube_001,65,100000,-30,0,1,0,0;
base,Cube_001,65,100007.764571353,-28.9777747886721,0,1,0.131652497587396,0;
base,Cube_001,65,100015,-25.9807621135332,0,1,0.267949192431123,0;
base,Cube_001,65,100021.213203436,-21.2132034355964,0,1,0.414213562373095,0;
base,Cube_001,65,100025.980762114,-15,0,1,0.577350269189626,0;
base,Cube_001,65,100028.977774789,-7.76457135307562,0,1,0.76732698797896,0;
base,Cube_001,65,100030,0,0,1,1,0;
base,Cube_001,65,100028.977774789,7.76457135307562,0,1,1.30322537284121,0;
base,Cube_001,65,100025.980762114,15,0,1,1.73205080756888,0;
base,Cube_001,65,100021.213203436,21.2132034355964,0,1,2.41421356237309,0;
base,Cube_001,65,100015,25.9807621135332,0,1,3.73205080756888,0;
base,Cube_001,65,100007.764571353,28.9777747886721,0,1,7.59575411272514,0;
base,Cube_001,65,100000,30,0,1,16324552277619100,0;
base,Cube_001,65,99992.2354286469,28.9777747886721,0,1,-7.59575411272516,0;
base,Cube_001,65,99985,25.9807621135332,0,1,-3.73205080756888,0;
base,Cube_001,65,99978.7867965644,21.2132034355964,0,1,-2.4142135623731,0;
base,Cube_001,65,99974.0192378865,15,0,1,-1.73205080756888,0;
base,Cube_001,65,99971.0222252113,7.76457135307563,0,1,-1.30322537284121,0;
base,Cube_001,65,99970,3.67544536472586E-15,0,1,-1,0;
base,Cube_001,65,99971.0222252113,-7.76457135307561,0,1,-0.76732698797896,0;
base,Cube_001,65,99974.0192378865,-15,0,1,-0.577350269189626,0;
base,Cube_001,65,99978.7867965644,-21.2132034355964,0,1,-0.414213562373095,0;
base,Cube_001,65,99985,-25.9807621135332,0,1,-0.267949192431123,0;
base,Cube_001,65,99992.2354286469,-28.9777747886721,0,1,-0.131652497587396,0;














base,Cube_001,70,100000,-30,0,1,0,0;
base,Cube_001,70,100007.764571353,-28.9777747886721,0,1,0.131652497587396,0;
base,Cube_001,70,100015,-25.9807621135332,0,1,0.267949192431123,0;
base,Cube_001,70,100021.213203436,-21.2132034355964,0,1,0.414213562373095,0;
base,Cube_001,70,100025.980762114,-15,0,1,0.577350269189626,0;
base,Cube_001,70,100028.977774789,-7.76457135307562,0,1,0.76732698797896,0;
base,Cube_001,70,100030,0,0,1,1,0;
base,Cube_001,70,100028.977774789,7.76457135307562,0,1,1.30322537284121,0;
base,Cube_001,70,100025.980762114,15,0,1,1.73205080756888,0;
base,Cube_001,70,100021.213203436,21.2132034355964,0,1,2.41421356237309,0;
base,Cube_001,70,100015,25.9807621135332,0,1,3.73205080756888,0;
base,Cube_001,70,100007.764571353,28.9777747886721,0,1,7.59575411272514,0;
base,Cube_001,70,100000,30,0,1,16324552277619100,0;
base,Cube_001,70,99992.2354286469,28.9777747886721,0,1,-7.59575411272516,0;
base,Cube_001,70,99985,25.9807621135332,0,1,-3.73205080756888,0;
base,Cube_001,70,99978.7867965644,21.2132034355964,0,1,-2.4142135623731,0;
base,Cube_001,70,99974.0192378865,15,0,1,-1.73205080756888,0;
base,Cube_001,70,99971.0222252113,7.76457135307563,0,1,-1.30322537284121,0;
base,Cube_001,70,99970,3.67544536472586E-15,0,1,-1,0;
base,Cube_001,70,99971.0222252113,-7.76457135307561,0,1,-0.76732698797896,0;
base,Cube_001,70,99974.0192378865,-15,0,1,-0.577350269189626,0;
base,Cube_001,70,99978.7867965644,-21.2132034355964,0,1,-0.414213562373095,0;
base,Cube_001,70,99985,-25.9807621135332,0,1,-0.267949192431123,0;
base,Cube_001,70,99992.2354286469,-28.9777747886721,0,1,-0.131652497587396,0;














base,Cube_001,75,100000,-30,0,1,0,0;
base,Cube_001,75,100007.764571353,-28.9777747886721,0,1,0.131652497587396,0;
base,Cube_001,75,100015,-25.9807621135332,0,1,0.267949192431123,0;
base,Cube_001,75,100021.213203436,-21.2132034355964,0,1,0.414213562373095,0;
base,Cube_001,75,100025.980762114,-15,0,1,0.577350269189626,0;
base,Cube_001,75,100028.977774789,-7.76457135307562,0,1,0.76732698797896,0;
base,Cube_001,75,100030,0,0,1,1,0;
base,Cube_001,75,100028.977774789,7.76457135307562,0,1,1.30322537284121,0;
base,Cube_001,75,100025.980762114,15,0,1,1.73205080756888,0;
base,Cube_001,75,100021.213203436,21.2132034355964,0,1,2.41421356237309,0;
base,Cube_001,75,100015,25.9807621135332,0,1,3.73205080756888,0;
base,Cube_001,75,100007.764571353,28.9777747886721,0,1,7.59575411272514,0;
base,Cube_001,75,100000,30,0,1,16324552277619100,0;
base,Cube_001,75,99992.2354286469,28.9777747886721,0,1,-7.59575411272516,0;
base,Cube_001,75,99985,25.9807621135332,0,1,-3.73205080756888,0;
base,Cube_001,75,99978.7867965644,21.2132034355964,0,1,-2.4142135623731,0;
base,Cube_001,75,99974.0192378865,15,0,1,-1.73205080756888,0;
base,Cube_001,75,99971.0222252113,7.76457135307563,0,1,-1.30322537284121,0;
base,Cube_001,75,99970,3.67544536472586E-15,0,1,-1,0;
base,Cube_001,75,99971.0222252113,-7.76457135307561,0,1,-0.76732698797896,0;
base,Cube_001,75,99974.0192378865,-15,0,1,-0.577350269189626,0;
base,Cube_001,75,99978.7867965644,-21.2132034355964,0,1,-0.414213562373095,0;
base,Cube_001,75,99985,-25.9807621135332,0,1,-0.267949192431123,0;
base,Cube_001,75,99992.2354286469,-28.9777747886721,0,1,-0.131652497587396,0;














base,Cube_001,80,100000,-30,0,1,0,0;
base,Cube_001,80,100007.764571353,-28.9777747886721,0,1,0.131652497587396,0;
base,Cube_001,80,100015,-25.9807621135332,0,1,0.267949192431123,0;
base,Cube_001,80,100021.213203436,-21.2132034355964,0,1,0.414213562373095,0;
base,Cube_001,80,100025.980762114,-15,0,1,0.577350269189626,0;
base,Cube_001,80,100028.977774789,-7.76457135307562,0,1,0.76732698797896,0;
base,Cube_001,80,100030,0,0,1,1,0;
base,Cube_001,80,100028.977774789,7.76457135307562,0,1,1.30322537284121,0;
base,Cube_001,80,100025.980762114,15,0,1,1.73205080756888,0;
base,Cube_001,80,100021.213203436,21.2132034355964,0,1,2.41421356237309,0;
base,Cube_001,80,100015,25.9807621135332,0,1,3.73205080756888,0;
base,Cube_001,80,100007.764571353,28.9777747886721,0,1,7.59575411272514,0;
base,Cube_001,80,100000,30,0,1,16324552277619100,0;
base,Cube_001,80,99992.2354286469,28.9777747886721,0,1,-7.59575411272516,0;
base,Cube_001,80,99985,25.9807621135332,0,1,-3.73205080756888,0;
base,Cube_001,80,99978.7867965644,21.2132034355964,0,1,-2.4142135623731,0;
base,Cube_001,80,99974.0192378865,15,0,1,-1.73205080756888,0;
base,Cube_001,80,99971.0222252113,7.76457135307563,0,1,-1.30322537284121,0;
base,Cube_001,80,99970,3.67544536472586E-15,0,1,-1,0;
base,Cube_001,80,99971.0222252113,-7.76457135307561,0,1,-0.76732698797896,0;
base,Cube_001,80,99974.0192378865,-15,0,1,-0.577350269189626,0;
base,Cube_001,80,99978.7867965644,-21.2132034355964,0,1,-0.414213562373095,0;
base,Cube_001,80,99985,-25.9807621135332,0,1,-0.267949192431123,0;
base,Cube_001,80,99992.2354286469,-28.9777747886721,0,1,-0.131652497587396,0;














base,Cube_001,85,100000,-30,0,1,0,0;
base,Cube_001,85,100007.764571353,-28.9777747886721,0,1,0.131652497587396,0;
base,Cube_001,85,100015,-25.9807621135332,0,1,0.267949192431123,0;
base,Cube_001,85,100021.213203436,-21.2132034355964,0,1,0.414213562373095,0;
base,Cube_001,85,100025.980762114,-15,0,1,0.577350269189626,0;
base,Cube_001,85,100028.977774789,-7.76457135307562,0,1,0.76732698797896,0;
base,Cube_001,85,100030,0,0,1,1,0;
base,Cube_001,85,100028.977774789,7.76457135307562,0,1,1.30322537284121,0;
base,Cube_001,85,100025.980762114,15,0,1,1.73205080756888,0;
base,Cube_001,85,100021.213203436,21.2132034355964,0,1,2.41421356237309,0;
base,Cube_001,85,100015,25.9807621135332,0,1,3.73205080756888,0;
base,Cube_001,85,100007.764571353,28.9777747886721,0,1,7.59575411272514,0;
base,Cube_001,85,100000,30,0,1,16324552277619100,0;
base,Cube_001,85,99992.2354286469,28.9777747886721,0,1,-7.59575411272516,0;
base,Cube_001,85,99985,25.9807621135332,0,1,-3.73205080756888,0;
base,Cube_001,85,99978.7867965644,21.2132034355964,0,1,-2.4142135623731,0;
base,Cube_001,85,99974.0192378865,15,0,1,-1.73205080756888,0;
base,Cube_001,85,99971.0222252113,7.76457135307563,0,1,-1.30322537284121,0;
base,Cube_001,85,99970,3.67544536472586E-15,0,1,-1,0;
base,Cube_001,85,99971.0222252113,-7.76457135307561,0,1,-0.76732698797896,0;
base,Cube_001,85,99974.0192378865,-15,0,1,-0.577350269189626,0;
base,Cube_001,85,99978.7867965644,-21.2132034355964,0,1,-0.414213562373095,0;
base,Cube_001,85,99985,-25.9807621135332,0,1,-0.267949192431123,0;
base,Cube_001,85,99992.2354286469,-28.9777747886721,0,1,-0.131652497587396,0;














base,Cube_001,90,100000,-30,0,1,0,0;
base,Cube_001,90,100007.764571353,-28.9777747886721,0,1,0.131652497587396,0;
base,Cube_001,90,100015,-25.9807621135332,0,1,0.267949192431123,0;
base,Cube_001,90,100021.213203436,-21.2132034355964,0,1,0.414213562373095,0;
base,Cube_001,90,100025.980762114,-15,0,1,0.577350269189626,0;
base,Cube_001,90,100028.977774789,-7.76457135307562,0,1,0.76732698797896,0;
base,Cube_001,90,100030,0,0,1,1,0;
base,Cube_001,90,100028.977774789,7.76457135307562,0,1,1.30322537284121,0;
base,Cube_001,90,100025.980762114,15,0,1,1.73205080756888,0;
base,Cube_001,90,100021.213203436,21.2132034355964,0,1,2.41421356237309,0;
base,Cube_001,90,100015,25.9807621135332,0,1,3.73205080756888,0;
base,Cube_001,90,100007.764571353,28.9777747886721,0,1,7.59575411272514,0;
base,Cube_001,90,100000,30,0,1,16324552277619100,0;
base,Cube_001,90,99992.2354286469,28.9777747886721,0,1,-7.59575411272516,0;
base,Cube_001,90,99985,25.9807621135332,0,1,-3.73205080756888,0;
base,Cube_001,90,99978.7867965644,21.2132034355964,0,1,-2.4142135623731,0;
base,Cube_001,90,99974.0192378865,15,0,1,-1.73205080756888,0;
base,Cube_001,90,99971.0222252113,7.76457135307563,0,1,-1.30322537284121,0;
base,Cube_001,90,99970,3.67544536472586E-15,0,1,-1,0;
base,Cube_001,90,99971.0222252113,-7.76457135307561,0,1,-0.76732698797896,0;
base,Cube_001,90,99974.0192378865,-15,0,1,-0.577350269189626,0;
base,Cube_001,90,99978.7867965644,-21.2132034355964,0,1,-0.414213562373095,0;
base,Cube_001,90,99985,-25.9807621135332,0,1,-0.267949192431123,0;
base,Cube_001,90,99992.2354286469,-28.9777747886721,0,1,-0.131652497587396,0;














base,Cube_001,95,100000,-30,0,1,0,0;
base,Cube_001,95,100007.764571353,-28.9777747886721,0,1,0.131652497587396,0;
base,Cube_001,95,100015,-25.9807621135332,0,1,0.267949192431123,0;
base,Cube_001,95,100021.213203436,-21.2132034355964,0,1,0.414213562373095,0;
base,Cube_001,95,100025.980762114,-15,0,1,0.577350269189626,0;
base,Cube_001,95,100028.977774789,-7.76457135307562,0,1,0.76732698797896,0;
base,Cube_001,95,100030,0,0,1,1,0;
base,Cube_001,95,100028.977774789,7.76457135307562,0,1,1.30322537284121,0;
base,Cube_001,95,100025.980762114,15,0,1,1.73205080756888,0;
base,Cube_001,95,100021.213203436,21.2132034355964,0,1,2.41421356237309,0;
base,Cube_001,95,100015,25.9807621135332,0,1,3.73205080756888,0;
base,Cube_001,95,100007.764571353,28.9777747886721,0,1,7.59575411272514,0;
base,Cube_001,95,100000,30,0,1,16324552277619100,0;
base,Cube_001,95,99992.2354286469,28.9777747886721,0,1,-7.59575411272516,0;
base,Cube_001,95,99985,25.9807621135332,0,1,-3.73205080756888,0;
base,Cube_001,95,99978.7867965644,21.2132034355964,0,1,-2.4142135623731,0;
base,Cube_001,95,99974.0192378865,15,0,1,-1.73205080756888,0;
base,Cube_001,95,99971.0222252113,7.76457135307563,0,1,-1.30322537284121,0;
base,Cube_001,95,99970,3.67544536472586E-15,0,1,-1,0;
base,Cube_001,95,99971.0222252113,-7.76457135307561,0,1,-0.76732698797896,0;
base,Cube_001,95,99974.0192378865,-15,0,1,-0.577350269189626,0;
base,Cube_001,95,99978.7867965644,-21.2132034355964,0,1,-0.414213562373095,0;
base,Cube_001,95,99985,-25.9807621135332,0,1,-0.267949192431123,0;
base,Cube_001,95,99992.2354286469,-28.9777747886721,0,1,-0.131652497587396,0;














base,Cube_001,100,100000,-30,0,1,0,0;
base,Cube_001,100,100007.764571353,-28.9777747886721,0,1,0.131652497587396,0;
base,Cube_001,100,100015,-25.9807621135332,0,1,0.267949192431123,0;
base,Cube_001,100,100021.213203436,-21.2132034355964,0,1,0.414213562373095,0;
base,Cube_001,100,100025.980762114,-15,0,1,0.577350269189626,0;
base,Cube_001,100,100028.977774789,-7.76457135307562,0,1,0.76732698797896,0;
base,Cube_001,100,100030,0,0,1,1,0;
base,Cube_001,100,100028.977774789,7.76457135307562,0,1,1.30322537284121,0;
base,Cube_001,100,100025.980762114,15,0,1,1.73205080756888,0;
base,Cube_001,100,100021.213203436,21.2132034355964,0,1,2.41421356237309,0;
base,Cube_001,100,100015,25.9807621135332,0,1,3.73205080756888,0;
base,Cube_001,100,100007.764571353,28.9777747886721,0,1,7.59575411272514,0;
base,Cube_001,100,100000,30,0,1,16324552277619100,0;
base,Cube_001,100,99992.2354286469,28.9777747886721,0,1,-7.59575411272516,0;
base,Cube_001,100,99985,25.9807621135332,0,1,-3.73205080756888,0;
base,Cube_001,100,99978.7867965644,21.2132034355964,0,1,-2.4142135623731,0;
base,Cube_001,100,99974.0192378865,15,0,1,-1.73205080756888,0;
base,Cube_001,100,99971.0222252113,7.76457135307563,0,1,-1.30322537284121,0;
base,Cube_001,100,99970,3.67544536472586E-15,0,1,-1,0;
base,Cube_001,100,99971.0222252113,-7.76457135307561,0,1,-0.76732698797896,0;
base,Cube_001,100,99974.0192378865,-15,0,1,-0.577350269189626,0;
base,Cube_001,100,99978.7867965644,-21.2132034355964,0,1,-0.414213562373095,0;
base,Cube_001,100,99985,-25.9807621135332,0,1,-0.267949192431123,0;
base,Cube_001,100,99992.2354286469,-28.9777747886721,0,1,-0.131652497587396,0;














base,Cube_001,105,100000,-30,0,1,0,0;
base,Cube_001,105,100007.764571353,-28.9777747886721,0,1,0.131652497587396,0;
base,Cube_001,105,100015,-25.9807621135332,0,1,0.267949192431123,0;
base,Cube_001,105,100021.213203436,-21.2132034355964,0,1,0.414213562373095,0;
base,Cube_001,105,100025.980762114,-15,0,1,0.577350269189626,0;
base,Cube_001,105,100028.977774789,-7.76457135307562,0,1,0.76732698797896,0;
base,Cube_001,105,100030,0,0,1,1,0;
base,Cube_001,105,100028.977774789,7.76457135307562,0,1,1.30322537284121,0;
base,Cube_001,105,100025.980762114,15,0,1,1.73205080756888,0;
base,Cube_001,105,100021.213203436,21.2132034355964,0,1,2.41421356237309,0;
base,Cube_001,105,100015,25.9807621135332,0,1,3.73205080756888,0;
base,Cube_001,105,100007.764571353,28.9777747886721,0,1,7.59575411272514,0;
base,Cube_001,105,100000,30,0,1,16324552277619100,0;
base,Cube_001,105,99992.2354286469,28.9777747886721,0,1,-7.59575411272516,0;
base,Cube_001,105,99985,25.9807621135332,0,1,-3.73205080756888,0;
base,Cube_001,105,99978.7867965644,21.2132034355964,0,1,-2.4142135623731,0;
base,Cube_001,105,99974.0192378865,15,0,1,-1.73205080756888,0;
base,Cube_001,105,99971.0222252113,7.76457135307563,0,1,-1.30322537284121,0;
base,Cube_001,105,99970,3.67544536472586E-15,0,1,-1,0;
base,Cube_001,105,99971.0222252113,-7.76457135307561,0,1,-0.76732698797896,0;
base,Cube_001,105,99974.0192378865,-15,0,1,-0.577350269189626,0;
base,Cube_001,105,99978.7867965644,-21.2132034355964,0,1,-0.414213562373095,0;
base,Cube_001,105,99985,-25.9807621135332,0,1,-0.267949192431123,0;
base,Cube_001,105,99992.2354286469,-28.9777747886721,0,1,-0.131652497587396,0;














base,Cube_001,110,100000,-30,0,1,0,0;
base,Cube_001,110,100007.764571353,-28.9777747886721,0,1,0.131652497587396,0;
base,Cube_001,110,100015,-25.9807621135332,0,1,0.267949192431123,0;
base,Cube_001,110,100021.213203436,-21.2132034355964,0,1,0.414213562373095,0;
base,Cube_001,110,100025.980762114,-15,0,1,0.577350269189626,0;
base,Cube_001,110,100028.977774789,-7.76457135307562,0,1,0.76732698797896,0;
base,Cube_001,110,100030,0,0,1,1,0;
base,Cube_001,110,100028.977774789,7.76457135307562,0,1,1.30322537284121,0;
base,Cube_001,110,100025.980762114,15,0,1,1.73205080756888,0;
base,Cube_001,110,100021.213203436,21.2132034355964,0,1,2.41421356237309,0;
base,Cube_001,110,100015,25.9807621135332,0,1,3.73205080756888,0;
base,Cube_001,110,100007.764571353,28.9777747886721,0,1,7.59575411272514,0;
base,Cube_001,110,100000,30,0,1,16324552277619100,0;
base,Cube_001,110,99992.2354286469,28.9777747886721,0,1,-7.59575411272516,0;
base,Cube_001,110,99985,25.9807621135332,0,1,-3.73205080756888,0;
base,Cube_001,110,99978.7867965644,21.2132034355964,0,1,-2.4142135623731,0;
base,Cube_001,110,99974.0192378865,15,0,1,-1.73205080756888,0;
base,Cube_001,110,99971.0222252113,7.76457135307563,0,1,-1.30322537284121,0;
base,Cube_001,110,99970,3.67544536472586E-15,0,1,-1,0;
base,Cube_001,110,99971.0222252113,-7.76457135307561,0,1,-0.76732698797896,0;
base,Cube_001,110,99974.0192378865,-15,0,1,-0.577350269189626,0;
base,Cube_001,110,99978.7867965644,-21.2132034355964,0,1,-0.414213562373095,0;
base,Cube_001,110,99985,-25.9807621135332,0,1,-0.267949192431123,0;
base,Cube_001,110,99992.2354286469,-28.9777747886721,0,1,-0.131652497587396,0;














base,Cube_001,115,100000,-30,0,1,0,0;
base,Cube_001,115,100007.764571353,-28.9777747886721,0,1,0.131652497587396,0;
base,Cube_001,115,100015,-25.9807621135332,0,1,0.267949192431123,0;
base,Cube_001,115,100021.213203436,-21.2132034355964,0,1,0.414213562373095,0;
base,Cube_001,115,100025.980762114,-15,0,1,0.577350269189626,0;
base,Cube_001,115,100028.977774789,-7.76457135307562,0,1,0.76732698797896,0;
base,Cube_001,115,100030,0,0,1,1,0;
base,Cube_001,115,100028.977774789,7.76457135307562,0,1,1.30322537284121,0;
base,Cube_001,115,100025.980762114,15,0,1,1.73205080756888,0;
base,Cube_001,115,100021.213203436,21.2132034355964,0,1,2.41421356237309,0;
base,Cube_001,115,100015,25.9807621135332,0,1,3.73205080756888,0;
base,Cube_001,115,100007.764571353,28.9777747886721,0,1,7.59575411272514,0;
base,Cube_001,115,100000,30,0,1,16324552277619100,0;
base,Cube_001,115,99992.2354286469,28.9777747886721,0,1,-7.59575411272516,0;
base,Cube_001,115,99985,25.9807621135332,0,1,-3.73205080756888,0;
base,Cube_001,115,99978.7867965644,21.2132034355964,0,1,-2.4142135623731,0;
base,Cube_001,115,99974.0192378865,15,0,1,-1.73205080756888,0;
base,Cube_001,115,99971.0222252113,7.76457135307563,0,1,-1.30322537284121,0;
base,Cube_001,115,99970,3.67544536472586E-15,0,1,-1,0;
base,Cube_001,115,99971.0222252113,-7.76457135307561,0,1,-0.76732698797896,0;
base,Cube_001,115,99974.0192378865,-15,0,1,-0.577350269189626,0;
base,Cube_001,115,99978.7867965644,-21.2132034355964,0,1,-0.414213562373095,0;
base,Cube_001,115,99985,-25.9807621135332,0,1,-0.267949192431123,0;
base,Cube_001,115,99992.2354286469,-28.9777747886721,0,1,-0.131652497587396,0;














base,Cube_001,120,100000,-30,0,1,0,0;
base,Cube_001,120,100007.764571353,-28.9777747886721,0,1,0.131652497587396,0;
base,Cube_001,120,100015,-25.9807621135332,0,1,0.267949192431123,0;
base,Cube_001,120,100021.213203436,-21.2132034355964,0,1,0.414213562373095,0;
base,Cube_001,120,100025.980762114,-15,0,1,0.577350269189626,0;
base,Cube_001,120,100028.977774789,-7.76457135307562,0,1,0.76732698797896,0;
base,Cube_001,120,100030,0,0,1,1,0;
base,Cube_001,120,100028.977774789,7.76457135307562,0,1,1.30322537284121,0;
base,Cube_001,120,100025.980762114,15,0,1,1.73205080756888,0;
base,Cube_001,120,100021.213203436,21.2132034355964,0,1,2.41421356237309,0;
base,Cube_001,120,100015,25.9807621135332,0,1,3.73205080756888,0;
base,Cube_001,120,100007.764571353,28.9777747886721,0,1,7.59575411272514,0;
base,Cube_001,120,100000,30,0,1,16324552277619100,0;
base,Cube_001,120,99992.2354286469,28.9777747886721,0,1,-7.59575411272516,0;
base,Cube_001,120,99985,25.9807621135332,0,1,-3.73205080756888,0;
base,Cube_001,120,99978.7867965644,21.2132034355964,0,1,-2.4142135623731,0;
base,Cube_001,120,99974.0192378865,15,0,1,-1.73205080756888,0;
base,Cube_001,120,99971.0222252113,7.76457135307563,0,1,-1.30322537284121,0;
base,Cube_001,120,99970,3.67544536472586E-15,0,1,-1,0;
base,Cube_001,120,99971.0222252113,-7.76457135307561,0,1,-0.76732698797896,0;
base,Cube_001,120,99974.0192378865,-15,0,1,-0.577350269189626,0;
base,Cube_001,120,99978.7867965644,-21.2132034355964,0,1,-0.414213562373095,0;
base,Cube_001,120,99985,-25.9807621135332,0,1,-0.267949192431123,0;
base,Cube_001,120,99992.2354286469,-28.9777747886721,0,1,-0.131652497587396,0;














base,Cube_001,125,100000,-30,0,1,0,0;
base,Cube_001,125,100007.764571353,-28.9777747886721,0,1,0.131652497587396,0;
base,Cube_001,125,100015,-25.9807621135332,0,1,0.267949192431123,0;
base,Cube_001,125,100021.213203436,-21.2132034355964,0,1,0.414213562373095,0;
base,Cube_001,125,100025.980762114,-15,0,1,0.577350269189626,0;
base,Cube_001,125,100028.977774789,-7.76457135307562,0,1,0.76732698797896,0;
base,Cube_001,125,100030,0,0,1,1,0;
base,Cube_001,125,100028.977774789,7.76457135307562,0,1,1.30322537284121,0;
base,Cube_001,125,100025.980762114,15,0,1,1.73205080756888,0;
base,Cube_001,125,100021.213203436,21.2132034355964,0,1,2.41421356237309,0;
base,Cube_001,125,100015,25.9807621135332,0,1,3.73205080756888,0;
base,Cube_001,125,100007.764571353,28.9777747886721,0,1,7.59575411272514,0;
base,Cube_001,125,100000,30,0,1,16324552277619100,0;
base,Cube_001,125,99992.2354286469,28.9777747886721,0,1,-7.59575411272516,0;
base,Cube_001,125,99985,25.9807621135332,0,1,-3.73205080756888,0;
base,Cube_001,125,99978.7867965644,21.2132034355964,0,1,-2.4142135623731,0;
base,Cube_001,125,99974.0192378865,15,0,1,-1.73205080756888,0;
base,Cube_001,125,99971.0222252113,7.76457135307563,0,1,-1.30322537284121,0;
base,Cube_001,125,99970,3.67544536472586E-15,0,1,-1,0;
base,Cube_001,125,99971.0222252113,-7.76457135307561,0,1,-0.76732698797896,0;
base,Cube_001,125,99974.0192378865,-15,0,1,-0.577350269189626,0;
base,Cube_001,125,99978.7867965644,-21.2132034355964,0,1,-0.414213562373095,0;
base,Cube_001,125,99985,-25.9807621135332,0,1,-0.267949192431123,0;
base,Cube_001,125,99992.2354286469,-28.9777747886721,0,1,-0.131652497587396,0;














base,Cube_001,130,100000,-30,0,1,0,0;
base,Cube_001,130,100007.764571353,-28.9777747886721,0,1,0.131652497587396,0;
base,Cube_001,130,100015,-25.9807621135332,0,1,0.267949192431123,0;
base,Cube_001,130,100021.213203436,-21.2132034355964,0,1,0.414213562373095,0;
base,Cube_001,130,100025.980762114,-15,0,1,0.577350269189626,0;
base,Cube_001,130,100028.977774789,-7.76457135307562,0,1,0.76732698797896,0;
base,Cube_001,130,100030,0,0,1,1,0;
base,Cube_001,130,100028.977774789,7.76457135307562,0,1,1.30322537284121,0;
base,Cube_001,130,100025.980762114,15,0,1,1.73205080756888,0;
base,Cube_001,130,100021.213203436,21.2132034355964,0,1,2.41421356237309,0;
base,Cube_001,130,100015,25.9807621135332,0,1,3.73205080756888,0;
base,Cube_001,130,100007.764571353,28.9777747886721,0,1,7.59575411272514,0;
base,Cube_001,130,100000,30,0,1,16324552277619100,0;
base,Cube_001,130,99992.2354286469,28.9777747886721,0,1,-7.59575411272516,0;
base,Cube_001,130,99985,25.9807621135332,0,1,-3.73205080756888,0;
base,Cube_001,130,99978.7867965644,21.2132034355964,0,1,-2.4142135623731,0;
base,Cube_001,130,99974.0192378865,15,0,1,-1.73205080756888,0;
base,Cube_001,130,99971.0222252113,7.76457135307563,0,1,-1.30322537284121,0;
base,Cube_001,130,99970,3.67544536472586E-15,0,1,-1,0;
base,Cube_001,130,99971.0222252113,-7.76457135307561,0,1,-0.76732698797896,0;
base,Cube_001,130,99974.0192378865,-15,0,1,-0.577350269189626,0;
base,Cube_001,130,99978.7867965644,-21.2132034355964,0,1,-0.414213562373095,0;
base,Cube_001,130,99985,-25.9807621135332,0,1,-0.267949192431123,0;
base,Cube_001,130,99992.2354286469,-28.9777747886721,0,1,-0.131652497587396,0;














base,Cube_001,135,100000,-30,0,1,0,0;
base,Cube_001,135,100007.764571353,-28.9777747886721,0,1,0.131652497587396,0;
base,Cube_001,135,100015,-25.9807621135332,0,1,0.267949192431123,0;
base,Cube_001,135,100021.213203436,-21.2132034355964,0,1,0.414213562373095,0;
base,Cube_001,135,100025.980762114,-15,0,1,0.577350269189626,0;
base,Cube_001,135,100028.977774789,-7.76457135307562,0,1,0.76732698797896,0;
base,Cube_001,135,100030,0,0,1,1,0;
base,Cube_001,135,100028.977774789,7.76457135307562,0,1,1.30322537284121,0;
base,Cube_001,135,100025.980762114,15,0,1,1.73205080756888,0;
base,Cube_001,135,100021.213203436,21.2132034355964,0,1,2.41421356237309,0;
base,Cube_001,135,100015,25.9807621135332,0,1,3.73205080756888,0;
base,Cube_001,135,100007.764571353,28.9777747886721,0,1,7.59575411272514,0;
base,Cube_001,135,100000,30,0,1,16324552277619100,0;
base,Cube_001,135,99992.2354286469,28.9777747886721,0,1,-7.59575411272516,0;
base,Cube_001,135,99985,25.9807621135332,0,1,-3.73205080756888,0;
base,Cube_001,135,99978.7867965644,21.2132034355964,0,1,-2.4142135623731,0;
base,Cube_001,135,99974.0192378865,15,0,1,-1.73205080756888,0;
base,Cube_001,135,99971.0222252113,7.76457135307563,0,1,-1.30322537284121,0;
base,Cube_001,135,99970,3.67544536472586E-15,0,1,-1,0;
base,Cube_001,135,99971.0222252113,-7.76457135307561,0,1,-0.76732698797896,0;
base,Cube_001,135,99974.0192378865,-15,0,1,-0.577350269189626,0;
base,Cube_001,135,99978.7867965644,-21.2132034355964,0,1,-0.414213562373095,0;
base,Cube_001,135,99985,-25.9807621135332,0,1,-0.267949192431123,0;
base,Cube_001,135,99992.2354286469,-28.9777747886721,0,1,-0.131652497587396,0;














base,Cube_001,140,100000,-30,0,1,0,0;
base,Cube_001,140,100007.764571353,-28.9777747886721,0,1,0.131652497587396,0;
base,Cube_001,140,100015,-25.9807621135332,0,1,0.267949192431123,0;
base,Cube_001,140,100021.213203436,-21.2132034355964,0,1,0.414213562373095,0;
base,Cube_001,140,100025.980762114,-15,0,1,0.577350269189626,0;
base,Cube_001,140,100028.977774789,-7.76457135307562,0,1,0.76732698797896,0;
base,Cube_001,140,100030,0,0,1,1,0;
base,Cube_001,140,100028.977774789,7.76457135307562,0,1,1.30322537284121,0;
base,Cube_001,140,100025.980762114,15,0,1,1.73205080756888,0;
base,Cube_001,140,100021.213203436,21.2132034355964,0,1,2.41421356237309,0;
base,Cube_001,140,100015,25.9807621135332,0,1,3.73205080756888,0;
base,Cube_001,140,100007.764571353,28.9777747886721,0,1,7.59575411272514,0;
base,Cube_001,140,100000,30,0,1,16324552277619100,0;
base,Cube_001,140,99992.2354286469,28.9777747886721,0,1,-7.59575411272516,0;
base,Cube_001,140,99985,25.9807621135332,0,1,-3.73205080756888,0;
base,Cube_001,140,99978.7867965644,21.2132034355964,0,1,-2.4142135623731,0;
base,Cube_001,140,99974.0192378865,15,0,1,-1.73205080756888,0;
base,Cube_001,140,99971.0222252113,7.76457135307563,0,1,-1.30322537284121,0;
base,Cube_001,140,99970,3.67544536472586E-15,0,1,-1,0;
base,Cube_001,140,99971.0222252113,-7.76457135307561,0,1,-0.76732698797896,0;
base,Cube_001,140,99974.0192378865,-15,0,1,-0.577350269189626,0;
base,Cube_001,140,99978.7867965644,-21.2132034355964,0,1,-0.414213562373095,0;
base,Cube_001,140,99985,-25.9807621135332,0,1,-0.267949192431123,0;
base,Cube_001,140,99992.2354286469,-28.9777747886721,0,1,-0.131652497587396,0;














base,Cube_001,145,100000,-30,0,1,0,0;
base,Cube_001,145,100007.764571353,-28.9777747886721,0,1,0.131652497587396,0;
base,Cube_001,145,100015,-25.9807621135332,0,1,0.267949192431123,0;
base,Cube_001,145,100021.213203436,-21.2132034355964,0,1,0.414213562373095,0;
base,Cube_001,145,100025.980762114,-15,0,1,0.577350269189626,0;
base,Cube_001,145,100028.977774789,-7.76457135307562,0,1,0.76732698797896,0;
base,Cube_001,145,100030,0,0,1,1,0;
base,Cube_001,145,100028.977774789,7.76457135307562,0,1,1.30322537284121,0;
base,Cube_001,145,100025.980762114,15,0,1,1.73205080756888,0;
base,Cube_001,145,100021.213203436,21.2132034355964,0,1,2.41421356237309,0;
base,Cube_001,145,100015,25.9807621135332,0,1,3.73205080756888,0;
base,Cube_001,145,100007.764571353,28.9777747886721,0,1,7.59575411272514,0;
base,Cube_001,145,100000,30,0,1,16324552277619100,0;
base,Cube_001,145,99992.2354286469,28.9777747886721,0,1,-7.59575411272516,0;
base,Cube_001,145,99985,25.9807621135332,0,1,-3.73205080756888,0;
base,Cube_001,145,99978.7867965644,21.2132034355964,0,1,-2.4142135623731,0;
base,Cube_001,145,99974.0192378865,15,0,1,-1.73205080756888,0;
base,Cube_001,145,99971.0222252113,7.76457135307563,0,1,-1.30322537284121,0;
base,Cube_001,145,99970,3.67544536472586E-15,0,1,-1,0;
base,Cube_001,145,99971.0222252113,-7.76457135307561,0,1,-0.76732698797896,0;
base,Cube_001,145,99974.0192378865,-15,0,1,-0.577350269189626,0;
base,Cube_001,145,99978.7867965644,-21.2132034355964,0,1,-0.414213562373095,0;
base,Cube_001,145,99985,-25.9807621135332,0,1,-0.267949192431123,0;
base,Cube_001,145,99992.2354286469,-28.9777747886721,0,1,-0.131652497587396,0;














base,Cube_001,150,100000,-30,0,1,0,0;
base,Cube_001,150,100007.764571353,-28.9777747886721,0,1,0.131652497587396,0;
base,Cube_001,150,100015,-25.9807621135332,0,1,0.267949192431123,0;
base,Cube_001,150,100021.213203436,-21.2132034355964,0,1,0.414213562373095,0;
base,Cube_001,150,100025.980762114,-15,0,1,0.577350269189626,0;
base,Cube_001,150,100028.977774789,-7.76457135307562,0,1,0.76732698797896,0;
base,Cube_001,150,100030,0,0,1,1,0;
base,Cube_001,150,100028.977774789,7.76457135307562,0,1,1.30322537284121,0;
base,Cube_001,150,100025.980762114,15,0,1,1.73205080756888,0;
base,Cube_001,150,100021.213203436,21.2132034355964,0,1,2.41421356237309,0;
base,Cube_001,150,100015,25.9807621135332,0,1,3.73205080756888,0;
base,Cube_001,150,100007.764571353,28.9777747886721,0,1,7.59575411272514,0;
base,Cube_001,150,100000,30,0,1,16324552277619100,0;
base,Cube_001,150,99992.2354286469,28.9777747886721,0,1,-7.59575411272516,0;
base,Cube_001,150,99985,25.9807621135332,0,1,-3.73205080756888,0;
base,Cube_001,150,99978.7867965644,21.2132034355964,0,1,-2.4142135623731,0;
base,Cube_001,150,99974.0192378865,15,0,1,-1.73205080756888,0;
base,Cube_001,150,99971.0222252113,7.76457135307563,0,1,-1.30322537284121,0;
base,Cube_001,150,99970,3.67544536472586E-15,0,1,-1,0;
base,Cube_001,150,99971.0222252113,-7.76457135307561,0,1,-0.76732698797896,0;
base,Cube_001,150,99974.0192378865,-15,0,1,-0.577350269189626,0;
base,Cube_001,150,99978.7867965644,-21.2132034355964,0,1,-0.414213562373095,0;
base,Cube_001,150,99985,-25.9807621135332,0,1,-0.267949192431123,0;
base,Cube_001,150,99992.2354286469,-28.9777747886721,0,1,-0.131652497587396,0;














base,Cube_001,155,100000,-30,0,1,0,0;
base,Cube_001,155,100007.764571353,-28.9777747886721,0,1,0.131652497587396,0;
base,Cube_001,155,100015,-25.9807621135332,0,1,0.267949192431123,0;
base,Cube_001,155,100021.213203436,-21.2132034355964,0,1,0.414213562373095,0;
base,Cube_001,155,100025.980762114,-15,0,1,0.577350269189626,0;
base,Cube_001,155,100028.977774789,-7.76457135307562,0,1,0.76732698797896,0;
base,Cube_001,155,100030,0,0,1,1,0;
base,Cube_001,155,100028.977774789,7.76457135307562,0,1,1.30322537284121,0;
base,Cube_001,155,100025.980762114,15,0,1,1.73205080756888,0;
base,Cube_001,155,100021.213203436,21.2132034355964,0,1,2.41421356237309,0;
base,Cube_001,155,100015,25.9807621135332,0,1,3.73205080756888,0;
base,Cube_001,155,100007.764571353,28.9777747886721,0,1,7.59575411272514,0;
base,Cube_001,155,100000,30,0,1,16324552277619100,0;
base,Cube_001,155,99992.2354286469,28.9777747886721,0,1,-7.59575411272516,0;
base,Cube_001,155,99985,25.9807621135332,0,1,-3.73205080756888,0;
base,Cube_001,155,99978.7867965644,21.2132034355964,0,1,-2.4142135623731,0;
base,Cube_001,155,99974.0192378865,15,0,1,-1.73205080756888,0;
base,Cube_001,155,99971.0222252113,7.76457135307563,0,1,-1.30322537284121,0;
base,Cube_001,155,99970,3.67544536472586E-15,0,1,-1,0;
base,Cube_001,155,99971.0222252113,-7.76457135307561,0,1,-0.76732698797896,0;
base,Cube_001,155,99974.0192378865,-15,0,1,-0.577350269189626,0;
base,Cube_001,155,99978.7867965644,-21.2132034355964,0,1,-0.414213562373095,0;
base,Cube_001,155,99985,-25.9807621135332,0,1,-0.267949192431123,0;
base,Cube_001,155,99992.2354286469,-28.9777747886721,0,1,-0.131652497587396,0;














base,Cube_001,160,100000,-30,0,1,0,0;
base,Cube_001,160,100007.764571353,-28.9777747886721,0,1,0.131652497587396,0;
base,Cube_001,160,100015,-25.9807621135332,0,1,0.267949192431123,0;
base,Cube_001,160,100021.213203436,-21.2132034355964,0,1,0.414213562373095,0;
base,Cube_001,160,100025.980762114,-15,0,1,0.577350269189626,0;
base,Cube_001,160,100028.977774789,-7.76457135307562,0,1,0.76732698797896,0;
base,Cube_001,160,100030,0,0,1,1,0;
base,Cube_001,160,100028.977774789,7.76457135307562,0,1,1.30322537284121,0;
base,Cube_001,160,100025.980762114,15,0,1,1.73205080756888,0;
base,Cube_001,160,100021.213203436,21.2132034355964,0,1,2.41421356237309,0;
base,Cube_001,160,100015,25.9807621135332,0,1,3.73205080756888,0;
base,Cube_001,160,100007.764571353,28.9777747886721,0,1,7.59575411272514,0;
base,Cube_001,160,100000,30,0,1,16324552277619100,0;
base,Cube_001,160,99992.2354286469,28.9777747886721,0,1,-7.59575411272516,0;
base,Cube_001,160,99985,25.9807621135332,0,1,-3.73205080756888,0;
base,Cube_001,160,99978.7867965644,21.2132034355964,0,1,-2.4142135623731,0;
base,Cube_001,160,99974.0192378865,15,0,1,-1.73205080756888,0;
base,Cube_001,160,99971.0222252113,7.76457135307563,0,1,-1.30322537284121,0;
base,Cube_001,160,99970,3.67544536472586E-15,0,1,-1,0;
base,Cube_001,160,99971.0222252113,-7.76457135307561,0,1,-0.76732698797896,0;
base,Cube_001,160,99974.0192378865,-15,0,1,-0.577350269189626,0;
base,Cube_001,160,99978.7867965644,-21.2132034355964,0,1,-0.414213562373095,0;
base,Cube_001,160,99985,-25.9807621135332,0,1,-0.267949192431123,0;
base,Cube_001,160,99992.2354286469,-28.9777747886721,0,1,-0.131652497587396,0;














base,Cube_001,165,100000,-30,0,1,0,0;
base,Cube_001,165,100007.764571353,-28.9777747886721,0,1,0.131652497587396,0;
base,Cube_001,165,100015,-25.9807621135332,0,1,0.267949192431123,0;
base,Cube_001,165,100021.213203436,-21.2132034355964,0,1,0.414213562373095,0;
base,Cube_001,165,100025.980762114,-15,0,1,0.577350269189626,0;
base,Cube_001,165,100028.977774789,-7.76457135307562,0,1,0.76732698797896,0;
base,Cube_001,165,100030,0,0,1,1,0;
base,Cube_001,165,100028.977774789,7.76457135307562,0,1,1.30322537284121,0;
base,Cube_001,165,100025.980762114,15,0,1,1.73205080756888,0;
base,Cube_001,165,100021.213203436,21.2132034355964,0,1,2.41421356237309,0;
base,Cube_001,165,100015,25.9807621135332,0,1,3.73205080756888,0;
base,Cube_001,165,100007.764571353,28.9777747886721,0,1,7.59575411272514,0;
base,Cube_001,165,100000,30,0,1,16324552277619100,0;
base,Cube_001,165,99992.2354286469,28.9777747886721,0,1,-7.59575411272516,0;
base,Cube_001,165,99985,25.9807621135332,0,1,-3.73205080756888,0;
base,Cube_001,165,99978.7867965644,21.2132034355964,0,1,-2.4142135623731,0;
base,Cube_001,165,99974.0192378865,15,0,1,-1.73205080756888,0;
base,Cube_001,165,99971.0222252113,7.76457135307563,0,1,-1.30322537284121,0;
base,Cube_001,165,99970,3.67544536472586E-15,0,1,-1,0;
base,Cube_001,165,99971.0222252113,-7.76457135307561,0,1,-0.76732698797896,0;
base,Cube_001,165,99974.0192378865,-15,0,1,-0.577350269189626,0;
base,Cube_001,165,99978.7867965644,-21.2132034355964,0,1,-0.414213562373095,0;
base,Cube_001,165,99985,-25.9807621135332,0,1,-0.267949192431123,0;
base,Cube_001,165,99992.2354286469,-28.9777747886721,0,1,-0.131652497587396,0;














base,Cube_001,170,100000,-30,0,1,0,0;
base,Cube_001,170,100007.764571353,-28.9777747886721,0,1,0.131652497587396,0;
base,Cube_001,170,100015,-25.9807621135332,0,1,0.267949192431123,0;
base,Cube_001,170,100021.213203436,-21.2132034355964,0,1,0.414213562373095,0;
base,Cube_001,170,100025.980762114,-15,0,1,0.577350269189626,0;
base,Cube_001,170,100028.977774789,-7.76457135307562,0,1,0.76732698797896,0;
base,Cube_001,170,100030,0,0,1,1,0;
base,Cube_001,170,100028.977774789,7.76457135307562,0,1,1.30322537284121,0;
base,Cube_001,170,100025.980762114,15,0,1,1.73205080756888,0;
base,Cube_001,170,100021.213203436,21.2132034355964,0,1,2.41421356237309,0;
base,Cube_001,170,100015,25.9807621135332,0,1,3.73205080756888,0;
base,Cube_001,170,100007.764571353,28.9777747886721,0,1,7.59575411272514,0;
base,Cube_001,170,100000,30,0,1,16324552277619100,0;
base,Cube_001,170,99992.2354286469,28.9777747886721,0,1,-7.59575411272516,0;
base,Cube_001,170,99985,25.9807621135332,0,1,-3.73205080756888,0;
base,Cube_001,170,99978.7867965644,21.2132034355964,0,1,-2.4142135623731,0;
base,Cube_001,170,99974.0192378865,15,0,1,-1.73205080756888,0;
base,Cube_001,170,99971.0222252113,7.76457135307563,0,1,-1.30322537284121,0;
base,Cube_001,170,99970,3.67544536472586E-15,0,1,-1,0;
base,Cube_001,170,99971.0222252113,-7.76457135307561,0,1,-0.76732698797896,0;
base,Cube_001,170,99974.0192378865,-15,0,1,-0.577350269189626,0;
base,Cube_001,170,99978.7867965644,-21.2132034355964,0,1,-0.414213562373095,0;
base,Cube_001,170,99985,-25.9807621135332,0,1,-0.267949192431123,0;
base,Cube_001,170,99992.2354286469,-28.9777747886721,0,1,-0.131652497587396,0;














base,Cube_001,175,100000,-30,0,1,0,0;
base,Cube_001,175,100007.764571353,-28.9777747886721,0,1,0.131652497587396,0;
base,Cube_001,175,100015,-25.9807621135332,0,1,0.267949192431123,0;
base,Cube_001,175,100021.213203436,-21.2132034355964,0,1,0.414213562373095,0;
base,Cube_001,175,100025.980762114,-15,0,1,0.577350269189626,0;
base,Cube_001,175,100028.977774789,-7.76457135307562,0,1,0.76732698797896,0;
base,Cube_001,175,100030,0,0,1,1,0;
base,Cube_001,175,100028.977774789,7.76457135307562,0,1,1.30322537284121,0;
base,Cube_001,175,100025.980762114,15,0,1,1.73205080756888,0;
base,Cube_001,175,100021.213203436,21.2132034355964,0,1,2.41421356237309,0;
base,Cube_001,175,100015,25.9807621135332,0,1,3.73205080756888,0;
base,Cube_001,175,100007.764571353,28.9777747886721,0,1,7.59575411272514,0;
base,Cube_001,175,100000,30,0,1,16324552277619100,0;
base,Cube_001,175,99992.2354286469,28.9777747886721,0,1,-7.59575411272516,0;
base,Cube_001,175,99985,25.9807621135332,0,1,-3.73205080756888,0;
base,Cube_001,175,99978.7867965644,21.2132034355964,0,1,-2.4142135623731,0;
base,Cube_001,175,99974.0192378865,15,0,1,-1.73205080756888,0;
base,Cube_001,175,99971.0222252113,7.76457135307563,0,1,-1.30322537284121,0;
base,Cube_001,175,99970,3.67544536472586E-15,0,1,-1,0;
base,Cube_001,175,99971.0222252113,-7.76457135307561,0,1,-0.76732698797896,0;
base,Cube_001,175,99974.0192378865,-15,0,1,-0.577350269189626,0;
base,Cube_001,175,99978.7867965644,-21.2132034355964,0,1,-0.414213562373095,0;
base,Cube_001,175,99985,-25.9807621135332,0,1,-0.267949192431123,0;
base,Cube_001,175,99992.2354286469,-28.9777747886721,0,1,-0.131652497587396,0;














base,Cube_001,180,100000,-30,0,1,0,0;
base,Cube_001,180,100007.764571353,-28.9777747886721,0,1,0.131652497587396,0;
base,Cube_001,180,100015,-25.9807621135332,0,1,0.267949192431123,0;
base,Cube_001,180,100021.213203436,-21.2132034355964,0,1,0.414213562373095,0;
base,Cube_001,180,100025.980762114,-15,0,1,0.577350269189626,0;
base,Cube_001,180,100028.977774789,-7.76457135307562,0,1,0.76732698797896,0;
base,Cube_001,180,100030,0,0,1,1,0;
base,Cube_001,180,100028.977774789,7.76457135307562,0,1,1.30322537284121,0;
base,Cube_001,180,100025.980762114,15,0,1,1.73205080756888,0;
base,Cube_001,180,100021.213203436,21.2132034355964,0,1,2.41421356237309,0;
base,Cube_001,180,100015,25.9807621135332,0,1,3.73205080756888,0;
base,Cube_001,180,100007.764571353,28.9777747886721,0,1,7.59575411272514,0;
base,Cube_001,180,100000,30,0,1,16324552277619100,0;
base,Cube_001,180,99992.2354286469,28.9777747886721,0,1,-7.59575411272516,0;
base,Cube_001,180,99985,25.9807621135332,0,1,-3.73205080756888,0;
base,Cube_001,180,99978.7867965644,21.2132034355964,0,1,-2.4142135623731,0;
base,Cube_001,180,99974.0192378865,15,0,1,-1.73205080756888,0;
base,Cube_001,180,99971.0222252113,7.76457135307563,0,1,-1.30322537284121,0;
base,Cube_001,180,99970,3.67544536472586E-15,0,1,-1,0;
base,Cube_001,180,99971.0222252113,-7.76457135307561,0,1,-0.76732698797896,0;
base,Cube_001,180,99974.0192378865,-15,0,1,-0.577350269189626,0;
base,Cube_001,180,99978.7867965644,-21.2132034355964,0,1,-0.414213562373095,0;
base,Cube_001,180,99985,-25.9807621135332,0,1,-0.267949192431123,0;
base,Cube_001,180,99992.2354286469,-28.9777747886721,0,1,-0.131652497587396,0;














base,Cube_001,185,100000,-30,0,1,0,0;
base,Cube_001,185,100007.764571353,-28.9777747886721,0,1,0.131652497587396,0;
base,Cube_001,185,100015,-25.9807621135332,0,1,0.267949192431123,0;
base,Cube_001,185,100021.213203436,-21.2132034355964,0,1,0.414213562373095,0;
base,Cube_001,185,100025.980762114,-15,0,1,0.577350269189626,0;
base,Cube_001,185,100028.977774789,-7.76457135307562,0,1,0.76732698797896,0;
base,Cube_001,185,100030,0,0,1,1,0;
base,Cube_001,185,100028.977774789,7.76457135307562,0,1,1.30322537284121,0;
base,Cube_001,185,100025.980762114,15,0,1,1.73205080756888,0;
base,Cube_001,185,100021.213203436,21.2132034355964,0,1,2.41421356237309,0;
base,Cube_001,185,100015,25.9807621135332,0,1,3.73205080756888,0;
base,Cube_001,185,100007.764571353,28.9777747886721,0,1,7.59575411272514,0;
base,Cube_001,185,100000,30,0,1,16324552277619100,0;
base,Cube_001,185,99992.2354286469,28.9777747886721,0,1,-7.59575411272516,0;
base,Cube_001,185,99985,25.9807621135332,0,1,-3.73205080756888,0;
base,Cube_001,185,99978.7867965644,21.2132034355964,0,1,-2.4142135623731,0;
base,Cube_001,185,99974.0192378865,15,0,1,-1.73205080756888,0;
base,Cube_001,185,99971.0222252113,7.76457135307563,0,1,-1.30322537284121,0;
base,Cube_001,185,99970,3.67544536472586E-15,0,1,-1,0;
base,Cube_001,185,99971.0222252113,-7.76457135307561,0,1,-0.76732698797896,0;
base,Cube_001,185,99974.0192378865,-15,0,1,-0.577350269189626,0;
base,Cube_001,185,99978.7867965644,-21.2132034355964,0,1,-0.414213562373095,0;
base,Cube_001,185,99985,-25.9807621135332,0,1,-0.267949192431123,0;
base,Cube_001,185,99992.2354286469,-28.9777747886721,0,1,-0.131652497587396,0;














base,Cube_001,190,100000,-30,0,1,0,0;
base,Cube_001,190,100007.764571353,-28.9777747886721,0,1,0.131652497587396,0;
base,Cube_001,190,100015,-25.9807621135332,0,1,0.267949192431123,0;
base,Cube_001,190,100021.213203436,-21.2132034355964,0,1,0.414213562373095,0;
base,Cube_001,190,100025.980762114,-15,0,1,0.577350269189626,0;
base,Cube_001,190,100028.977774789,-7.76457135307562,0,1,0.76732698797896,0;
base,Cube_001,190,100030,0,0,1,1,0;
base,Cube_001,190,100028.977774789,7.76457135307562,0,1,1.30322537284121,0;
base,Cube_001,190,100025.980762114,15,0,1,1.73205080756888,0;
base,Cube_001,190,100021.213203436,21.2132034355964,0,1,2.41421356237309,0;
base,Cube_001,190,100015,25.9807621135332,0,1,3.73205080756888,0;
base,Cube_001,190,100007.764571353,28.9777747886721,0,1,7.59575411272514,0;
base,Cube_001,190,100000,30,0,1,16324552277619100,0;
base,Cube_001,190,99992.2354286469,28.9777747886721,0,1,-7.59575411272516,0;
base,Cube_001,190,99985,25.9807621135332,0,1,-3.73205080756888,0;
base,Cube_001,190,99978.7867965644,21.2132034355964,0,1,-2.4142135623731,0;
base,Cube_001,190,99974.0192378865,15,0,1,-1.73205080756888,0;
base,Cube_001,190,99971.0222252113,7.76457135307563,0,1,-1.30322537284121,0;
base,Cube_001,190,99970,3.67544536472586E-15,0,1,-1,0;
base,Cube_001,190,99971.0222252113,-7.76457135307561,0,1,-0.76732698797896,0;
base,Cube_001,190,99974.0192378865,-15,0,1,-0.577350269189626,0;
base,Cube_001,190,99978.7867965644,-21.2132034355964,0,1,-0.414213562373095,0;
base,Cube_001,190,99985,-25.9807621135332,0,1,-0.267949192431123,0;
base,Cube_001,190,99992.2354286469,-28.9777747886721,0,1,-0.131652497587396,0;














base,Cube_001,195,100000,-30,0,1,0,0;
base,Cube_001,195,100007.764571353,-28.9777747886721,0,1,0.131652497587396,0;
base,Cube_001,195,100015,-25.9807621135332,0,1,0.267949192431123,0;
base,Cube_001,195,100021.213203436,-21.2132034355964,0,1,0.414213562373095,0;
base,Cube_001,195,100025.980762114,-15,0,1,0.577350269189626,0;
base,Cube_001,195,100028.977774789,-7.76457135307562,0,1,0.76732698797896,0;
base,Cube_001,195,100030,0,0,1,1,0;
base,Cube_001,195,100028.977774789,7.76457135307562,0,1,1.30322537284121,0;
base,Cube_001,195,100025.980762114,15,0,1,1.73205080756888,0;
base,Cube_001,195,100021.213203436,21.2132034355964,0,1,2.41421356237309,0;
base,Cube_001,195,100015,25.9807621135332,0,1,3.73205080756888,0;
base,Cube_001,195,100007.764571353,28.9777747886721,0,1,7.59575411272514,0;
base,Cube_001,195,100000,30,0,1,16324552277619100,0;
base,Cube_001,195,99992.2354286469,28.9777747886721,0,1,-7.59575411272516,0;
base,Cube_001,195,99985,25.9807621135332,0,1,-3.73205080756888,0;
base,Cube_001,195,99978.7867965644,21.2132034355964,0,1,-2.4142135623731,0;
base,Cube_001,195,99974.0192378865,15,0,1,-1.73205080756888,0;
base,Cube_001,195,99971.0222252113,7.76457135307563,0,1,-1.30322537284121,0;
base,Cube_001,195,99970,3.67544536472586E-15,0,1,-1,0;
base,Cube_001,195,99971.0222252113,-7.76457135307561,0,1,-0.76732698797896,0;
base,Cube_001,195,99974.0192378865,-15,0,1,-0.577350269189626,0;
base,Cube_001,195,99978.7867965644,-21.2132034355964,0,1,-0.414213562373095,0;
base,Cube_001,195,99985,-25.9807621135332,0,1,-0.267949192431123,0;
base,Cube_001,195,99992.2354286469,-28.9777747886721,0,1,-0.131652497587396,0;














base,Cube_001,200,100000,-30,0,1,0,0;
base,Cube_001,200,100007.764571353,-28.9777747886721,0,1,0.131652497587396,0;
base,Cube_001,200,100015,-25.9807621135332,0,1,0.267949192431123,0;
base,Cube_001,200,100021.213203436,-21.2132034355964,0,1,0.414213562373095,0;
base,Cube_001,200,100025.980762114,-15,0,1,0.577350269189626,0;
base,Cube_001,200,100028.977774789,-7.76457135307562,0,1,0.76732698797896,0;
base,Cube_001,200,100030,0,0,1,1,0;
base,Cube_001,200,100028.977774789,7.76457135307562,0,1,1.30322537284121,0;
base,Cube_001,200,100025.980762114,15,0,1,1.73205080756888,0;
base,Cube_001,200,100021.213203436,21.2132034355964,0,1,2.41421356237309,0;
base,Cube_001,200,100015,25.9807621135332,0,1,3.73205080756888,0;
base,Cube_001,200,100007.764571353,28.9777747886721,0,1,7.59575411272514,0;
base,Cube_001,200,100000,30,0,1,16324552277619100,0;
base,Cube_001,200,99992.2354286469,28.9777747886721,0,1,-7.59575411272516,0;
base,Cube_001,200,99985,25.9807621135332,0,1,-3.73205080756888,0;
base,Cube_001,200,99978.7867965644,21.2132034355964,0,1,-2.4142135623731,0;
base,Cube_001,200,99974.0192378865,15,0,1,-1.73205080756888,0;
base,Cube_001,200,99971.0222252113,7.76457135307563,0,1,-1.30322537284121,0;
base,Cube_001,200,99970,3.67544536472586E-15,0,1,-1,0;
base,Cube_001,200,99971.0222252113,-7.76457135307561,0,1,-0.76732698797896,0;
base,Cube_001,200,99974.0192378865,-15,0,1,-0.577350269189626,0;
base,Cube_001,200,99978.7867965644,-21.2132034355964,0,1,-0.414213562373095,0;
base,Cube_001,200,99985,-25.9807621135332,0,1,-0.267949192431123,0;
base,Cube_001,200,99992.2354286469,-28.9777747886721,0,1,-0.131652497587396,0;














base,Cube_001,205,100000,-30,0,1,0,0;
base,Cube_001,205,100007.764571353,-28.9777747886721,0,1,0.131652497587396,0;
base,Cube_001,205,100015,-25.9807621135332,0,1,0.267949192431123,0;
base,Cube_001,205,100021.213203436,-21.2132034355964,0,1,0.414213562373095,0;
base,Cube_001,205,100025.980762114,-15,0,1,0.577350269189626,0;
base,Cube_001,205,100028.977774789,-7.76457135307562,0,1,0.76732698797896,0;
base,Cube_001,205,100030,0,0,1,1,0;
base,Cube_001,205,100028.977774789,7.76457135307562,0,1,1.30322537284121,0;
base,Cube_001,205,100025.980762114,15,0,1,1.73205080756888,0;
base,Cube_001,205,100021.213203436,21.2132034355964,0,1,2.41421356237309,0;
base,Cube_001,205,100015,25.9807621135332,0,1,3.73205080756888,0;
base,Cube_001,205,100007.764571353,28.9777747886721,0,1,7.59575411272514,0;
base,Cube_001,205,100000,30,0,1,16324552277619100,0;
base,Cube_001,205,99992.2354286469,28.9777747886721,0,1,-7.59575411272516,0;
base,Cube_001,205,99985,25.9807621135332,0,1,-3.73205080756888,0;
base,Cube_001,205,99978.7867965644,21.2132034355964,0,1,-2.4142135623731,0;
base,Cube_001,205,99974.0192378865,15,0,1,-1.73205080756888,0;
base,Cube_001,205,99971.0222252113,7.76457135307563,0,1,-1.30322537284121,0;
base,Cube_001,205,99970,3.67544536472586E-15,0,1,-1,0;
base,Cube_001,205,99971.0222252113,-7.76457135307561,0,1,-0.76732698797896,0;
base,Cube_001,205,99974.0192378865,-15,0,1,-0.577350269189626,0;
base,Cube_001,205,99978.7867965644,-21.2132034355964,0,1,-0.414213562373095,0;
base,Cube_001,205,99985,-25.9807621135332,0,1,-0.267949192431123,0;
base,Cube_001,205,99992.2354286469,-28.9777747886721,0,1,-0.131652497587396,0;














base,Cube_001,210,100000,-30,0,1,0,0;
base,Cube_001,210,100007.764571353,-28.9777747886721,0,1,0.131652497587396,0;
base,Cube_001,210,100015,-25.9807621135332,0,1,0.267949192431123,0;
base,Cube_001,210,100021.213203436,-21.2132034355964,0,1,0.414213562373095,0;
base,Cube_001,210,100025.980762114,-15,0,1,0.577350269189626,0;
base,Cube_001,210,100028.977774789,-7.76457135307562,0,1,0.76732698797896,0;
base,Cube_001,210,100030,0,0,1,1,0;
base,Cube_001,210,100028.977774789,7.76457135307562,0,1,1.30322537284121,0;
base,Cube_001,210,100025.980762114,15,0,1,1.73205080756888,0;
base,Cube_001,210,100021.213203436,21.2132034355964,0,1,2.41421356237309,0;
base,Cube_001,210,100015,25.9807621135332,0,1,3.73205080756888,0;
base,Cube_001,210,100007.764571353,28.9777747886721,0,1,7.59575411272514,0;
base,Cube_001,210,100000,30,0,1,16324552277619100,0;
base,Cube_001,210,99992.2354286469,28.9777747886721,0,1,-7.59575411272516,0;
base,Cube_001,210,99985,25.9807621135332,0,1,-3.73205080756888,0;
base,Cube_001,210,99978.7867965644,21.2132034355964,0,1,-2.4142135623731,0;
base,Cube_001,210,99974.0192378865,15,0,1,-1.73205080756888,0;
base,Cube_001,210,99971.0222252113,7.76457135307563,0,1,-1.30322537284121,0;
base,Cube_001,210,99970,3.67544536472586E-15,0,1,-1,0;
base,Cube_001,210,99971.0222252113,-7.76457135307561,0,1,-0.76732698797896,0;
base,Cube_001,210,99974.0192378865,-15,0,1,-0.577350269189626,0;
base,Cube_001,210,99978.7867965644,-21.2132034355964,0,1,-0.414213562373095,0;
base,Cube_001,210,99985,-25.9807621135332,0,1,-0.267949192431123,0;
base,Cube_001,210,99992.2354286469,-28.9777747886721,0,1,-0.131652497587396,0;














base,Cube_001,215,100000,-30,0,1,0,0;
base,Cube_001,215,100007.764571353,-28.9777747886721,0,1,0.131652497587396,0;
base,Cube_001,215,100015,-25.9807621135332,0,1,0.267949192431123,0;
base,Cube_001,215,100021.213203436,-21.2132034355964,0,1,0.414213562373095,0;
base,Cube_001,215,100025.980762114,-15,0,1,0.577350269189626,0;
base,Cube_001,215,100028.977774789,-7.76457135307562,0,1,0.76732698797896,0;
base,Cube_001,215,100030,0,0,1,1,0;
base,Cube_001,215,100028.977774789,7.76457135307562,0,1,1.30322537284121,0;
base,Cube_001,215,100025.980762114,15,0,1,1.73205080756888,0;
base,Cube_001,215,100021.213203436,21.2132034355964,0,1,2.41421356237309,0;
base,Cube_001,215,100015,25.9807621135332,0,1,3.73205080756888,0;
base,Cube_001,215,100007.764571353,28.9777747886721,0,1,7.59575411272514,0;
base,Cube_001,215,100000,30,0,1,16324552277619100,0;
base,Cube_001,215,99992.2354286469,28.9777747886721,0,1,-7.59575411272516,0;
base,Cube_001,215,99985,25.9807621135332,0,1,-3.73205080756888,0;
base,Cube_001,215,99978.7867965644,21.2132034355964,0,1,-2.4142135623731,0;
base,Cube_001,215,99974.0192378865,15,0,1,-1.73205080756888,0;
base,Cube_001,215,99971.0222252113,7.76457135307563,0,1,-1.30322537284121,0;
base,Cube_001,215,99970,3.67544536472586E-15,0,1,-1,0;
base,Cube_001,215,99971.0222252113,-7.76457135307561,0,1,-0.76732698797896,0;
base,Cube_001,215,99974.0192378865,-15,0,1,-0.577350269189626,0;
base,Cube_001,215,99978.7867965644,-21.2132034355964,0,1,-0.414213562373095,0;
base,Cube_001,215,99985,-25.9807621135332,0,1,-0.267949192431123,0;
base,Cube_001,215,99992.2354286469,-28.9777747886721,0,1,-0.131652497587396,0;














base,Cube_001,220,100000,-30,0,1,0,0;
base,Cube_001,220,100007.764571353,-28.9777747886721,0,1,0.131652497587396,0;
base,Cube_001,220,100015,-25.9807621135332,0,1,0.267949192431123,0;
base,Cube_001,220,100021.213203436,-21.2132034355964,0,1,0.414213562373095,0;
base,Cube_001,220,100025.980762114,-15,0,1,0.577350269189626,0;
base,Cube_001,220,100028.977774789,-7.76457135307562,0,1,0.76732698797896,0;
base,Cube_001,220,100030,0,0,1,1,0;
base,Cube_001,220,100028.977774789,7.76457135307562,0,1,1.30322537284121,0;
base,Cube_001,220,100025.980762114,15,0,1,1.73205080756888,0;
base,Cube_001,220,100021.213203436,21.2132034355964,0,1,2.41421356237309,0;
base,Cube_001,220,100015,25.9807621135332,0,1,3.73205080756888,0;
base,Cube_001,220,100007.764571353,28.9777747886721,0,1,7.59575411272514,0;
base,Cube_001,220,100000,30,0,1,16324552277619100,0;
base,Cube_001,220,99992.2354286469,28.9777747886721,0,1,-7.59575411272516,0;
base,Cube_001,220,99985,25.9807621135332,0,1,-3.73205080756888,0;
base,Cube_001,220,99978.7867965644,21.2132034355964,0,1,-2.4142135623731,0;
base,Cube_001,220,99974.0192378865,15,0,1,-1.73205080756888,0;
base,Cube_001,220,99971.0222252113,7.76457135307563,0,1,-1.30322537284121,0;
base,Cube_001,220,99970,3.67544536472586E-15,0,1,-1,0;
base,Cube_001,220,99971.0222252113,-7.76457135307561,0,1,-0.76732698797896,0;
base,Cube_001,220,99974.0192378865,-15,0,1,-0.577350269189626,0;
base,Cube_001,220,99978.7867965644,-21.2132034355964,0,1,-0.414213562373095,0;
base,Cube_001,220,99985,-25.9807621135332,0,1,-0.267949192431123,0;
base,Cube_001,220,99992.2354286469,-28.9777747886721,0,1,-0.131652497587396,0;














base,Cube_001,225,100000,-30,0,1,0,0;
base,Cube_001,225,100007.764571353,-28.9777747886721,0,1,0.131652497587396,0;
base,Cube_001,225,100015,-25.9807621135332,0,1,0.267949192431123,0;
base,Cube_001,225,100021.213203436,-21.2132034355964,0,1,0.414213562373095,0;
base,Cube_001,225,100025.980762114,-15,0,1,0.577350269189626,0;
base,Cube_001,225,100028.977774789,-7.76457135307562,0,1,0.76732698797896,0;
base,Cube_001,225,100030,0,0,1,1,0;
base,Cube_001,225,100028.977774789,7.76457135307562,0,1,1.30322537284121,0;
base,Cube_001,225,100025.980762114,15,0,1,1.73205080756888,0;
base,Cube_001,225,100021.213203436,21.2132034355964,0,1,2.41421356237309,0;
base,Cube_001,225,100015,25.9807621135332,0,1,3.73205080756888,0;
base,Cube_001,225,100007.764571353,28.9777747886721,0,1,7.59575411272514,0;
base,Cube_001,225,100000,30,0,1,16324552277619100,0;
base,Cube_001,225,99992.2354286469,28.9777747886721,0,1,-7.59575411272516,0;
base,Cube_001,225,99985,25.9807621135332,0,1,-3.73205080756888,0;
base,Cube_001,225,99978.7867965644,21.2132034355964,0,1,-2.4142135623731,0;
base,Cube_001,225,99974.0192378865,15,0,1,-1.73205080756888,0;
base,Cube_001,225,99971.0222252113,7.76457135307563,0,1,-1.30322537284121,0;
base,Cube_001,225,99970,3.67544536472586E-15,0,1,-1,0;
base,Cube_001,225,99971.0222252113,-7.76457135307561,0,1,-0.76732698797896,0;
base,Cube_001,225,99974.0192378865,-15,0,1,-0.577350269189626,0;
base,Cube_001,225,99978.7867965644,-21.2132034355964,0,1,-0.414213562373095,0;
base,Cube_001,225,99985,-25.9807621135332,0,1,-0.267949192431123,0;
base,Cube_001,225,99992.2354286469,-28.9777747886721,0,1,-0.131652497587396,0;














base,Cube_001,230,100000,-30,0,1,0,0;
base,Cube_001,230,100007.764571353,-28.9777747886721,0,1,0.131652497587396,0;
base,Cube_001,230,100015,-25.9807621135332,0,1,0.267949192431123,0;
base,Cube_001,230,100021.213203436,-21.2132034355964,0,1,0.414213562373095,0;
base,Cube_001,230,100025.980762114,-15,0,1,0.577350269189626,0;
base,Cube_001,230,100028.977774789,-7.76457135307562,0,1,0.76732698797896,0;
base,Cube_001,230,100030,0,0,1,1,0;
base,Cube_001,230,100028.977774789,7.76457135307562,0,1,1.30322537284121,0;
base,Cube_001,230,100025.980762114,15,0,1,1.73205080756888,0;
base,Cube_001,230,100021.213203436,21.2132034355964,0,1,2.41421356237309,0;
base,Cube_001,230,100015,25.9807621135332,0,1,3.73205080756888,0;
base,Cube_001,230,100007.764571353,28.9777747886721,0,1,7.59575411272514,0;
base,Cube_001,230,100000,30,0,1,16324552277619100,0;
base,Cube_001,230,99992.2354286469,28.9777747886721,0,1,-7.59575411272516,0;
base,Cube_001,230,99985,25.9807621135332,0,1,-3.73205080756888,0;
base,Cube_001,230,99978.7867965644,21.2132034355964,0,1,-2.4142135623731,0;
base,Cube_001,230,99974.0192378865,15,0,1,-1.73205080756888,0;
base,Cube_001,230,99971.0222252113,7.76457135307563,0,1,-1.30322537284121,0;
base,Cube_001,230,99970,3.67544536472586E-15,0,1,-1,0;
base,Cube_001,230,99971.0222252113,-7.76457135307561,0,1,-0.76732698797896,0;
base,Cube_001,230,99974.0192378865,-15,0,1,-0.577350269189626,0;
base,Cube_001,230,99978.7867965644,-21.2132034355964,0,1,-0.414213562373095,0;
base,Cube_001,230,99985,-25.9807621135332,0,1,-0.267949192431123,0;
base,Cube_001,230,99992.2354286469,-28.9777747886721,0,1,-0.131652497587396,0;














base,Cube_001,235,100000,-30,0,1,0,0;
base,Cube_001,235,100007.764571353,-28.9777747886721,0,1,0.131652497587396,0;
base,Cube_001,235,100015,-25.9807621135332,0,1,0.267949192431123,0;
base,Cube_001,235,100021.213203436,-21.2132034355964,0,1,0.414213562373095,0;
base,Cube_001,235,100025.980762114,-15,0,1,0.577350269189626,0;
base,Cube_001,235,100028.977774789,-7.76457135307562,0,1,0.76732698797896,0;
base,Cube_001,235,100030,0,0,1,1,0;
base,Cube_001,235,100028.977774789,7.76457135307562,0,1,1.30322537284121,0;
base,Cube_001,235,100025.980762114,15,0,1,1.73205080756888,0;
base,Cube_001,235,100021.213203436,21.2132034355964,0,1,2.41421356237309,0;
base,Cube_001,235,100015,25.9807621135332,0,1,3.73205080756888,0;
base,Cube_001,235,100007.764571353,28.9777747886721,0,1,7.59575411272514,0;
base,Cube_001,235,100000,30,0,1,16324552277619100,0;
base,Cube_001,235,99992.2354286469,28.9777747886721,0,1,-7.59575411272516,0;
base,Cube_001,235,99985,25.9807621135332,0,1,-3.73205080756888,0;
base,Cube_001,235,99978.7867965644,21.2132034355964,0,1,-2.4142135623731,0;
base,Cube_001,235,99974.0192378865,15,0,1,-1.73205080756888,0;
base,Cube_001,235,99971.0222252113,7.76457135307563,0,1,-1.30322537284121,0;
base,Cube_001,235,99970,3.67544536472586E-15,0,1,-1,0;
base,Cube_001,235,99971.0222252113,-7.76457135307561,0,1,-0.76732698797896,0;
base,Cube_001,235,99974.0192378865,-15,0,1,-0.577350269189626,0;
base,Cube_001,235,99978.7867965644,-21.2132034355964,0,1,-0.414213562373095,0;
base,Cube_001,235,99985,-25.9807621135332,0,1,-0.267949192431123,0;
base,Cube_001,235,99992.2354286469,-28.9777747886721,0,1,-0.131652497587396,0;














base,Cube_001,240,100000,-30,0,1,0,0;
base,Cube_001,240,100007.764571353,-28.9777747886721,0,1,0.131652497587396,0;
base,Cube_001,240,100015,-25.9807621135332,0,1,0.267949192431123,0;
base,Cube_001,240,100021.213203436,-21.2132034355964,0,1,0.414213562373095,0;
base,Cube_001,240,100025.980762114,-15,0,1,0.577350269189626,0;
base,Cube_001,240,100028.977774789,-7.76457135307562,0,1,0.76732698797896,0;
base,Cube_001,240,100030,0,0,1,1,0;
base,Cube_001,240,100028.977774789,7.76457135307562,0,1,1.30322537284121,0;
base,Cube_001,240,100025.980762114,15,0,1,1.73205080756888,0;
base,Cube_001,240,100021.213203436,21.2132034355964,0,1,2.41421356237309,0;
base,Cube_001,240,100015,25.9807621135332,0,1,3.73205080756888,0;
base,Cube_001,240,100007.764571353,28.9777747886721,0,1,7.59575411272514,0;
base,Cube_001,240,100000,30,0,1,16324552277619100,0;
base,Cube_001,240,99992.2354286469,28.9777747886721,0,1,-7.59575411272516,0;
base,Cube_001,240,99985,25.9807621135332,0,1,-3.73205080756888,0;
base,Cube_001,240,99978.7867965644,21.2132034355964,0,1,-2.4142135623731,0;
base,Cube_001,240,99974.0192378865,15,0,1,-1.73205080756888,0;
base,Cube_001,240,99971.0222252113,7.76457135307563,0,1,-1.30322537284121,0;
base,Cube_001,240,99970,3.67544536472586E-15,0,1,-1,0;
base,Cube_001,240,99971.0222252113,-7.76457135307561,0,1,-0.76732698797896,0;
base,Cube_001,240,99974.0192378865,-15,0,1,-0.577350269189626,0;
base,Cube_001,240,99978.7867965644,-21.2132034355964,0,1,-0.414213562373095,0;
base,Cube_001,240,99985,-25.9807621135332,0,1,-0.267949192431123,0;
base,Cube_001,240,99992.2354286469,-28.9777747886721,0,1,-0.131652497587396,0;

