customb,house1,default,1,1,1,0,1,1,1,1,1,-121.9801,3.152536,-53.48367,0,0.6222878,0,0.7827886;
customb,house1,default,1,1,1,0,1,1,1,1,1,-22.86807,16.4853,-40.67449,0,0.6903678,0,0.7234586;
customb,house1,default,1,1,1,0,1,1,1,1,1,-19.45284,14.75588,17.19644,0,0.7008297,0,0.7133287;
customb,house1,default,1,1,1,0,1,1,1,1,1,-289.3801,4.441672,-541.1161,0,0.4006122,0,-0.9162477;
customb,arch1,default,1,1,1,0,1,1,1,1,1,-85.35229,24.61443,-44.08807,-0.1730602,0.6416019,0.07615221,0.7433695;
customb,house1,default,1,1,1,0,1,1,1,1,1,-105.7014,7.437611,16.47696,0,0.6488753,0,0.7608948;
customb,house1,default,1,1,1,0,1,1,1,1,1,62.89996,15.86878,10.16159,0,0.5792046,0,-0.8151823;
customb,house1,default,1,1,1,0,1,1,1,1,1,48.49295,16.33982,-48.12021,0,0.5756502,0,-0.8176962;
customb,house1,default,1,1,1,0,1,1,1,1,1,-178.3674,4.35279,0.4347828,0,0.6018493,0,0.7986097;
customb,house1,default,1,1,1,0,1,1,1,1,1,-195.0933,5.453436,-79.63762,0,0.5184356,0,0.8551167;
customb,house1,default,1,1,1,0,1,1,1,1,1,-245.6266,6.471546,-22.84278,0,0.5105772,0,0.8598319;
customb,house1,default,1,1,1,0,1,1,1,1,1,-261.0677,0.18024,-131.2309,0,0.2990786,0,0.9542285;
customb,house1,default,1,1,1,0,1,1,1,1,1,-307.043,1.569096,-68.40219,0,0.3391852,0,0.9407196;
customb,arch1,default,1,1,1,0,1,1,1,1,1,-232.1715,13.43548,-108.0286,0.1115683,-0.449087,-0.08514867,-0.8823962;
customb,house1,default,1,1,1,0,1,1,1,1,1,-215.9798,11.90906,75.27718,0,0.8524031,0,0.5228852;
customb,house1,default,1,1,1,0,1,1,1,1,1,-279.2664,8.56768,120.4324,0,0.907953,0,0.419072;
customb,house1,default,1,1,1,0,1,1,1,1,1,-137.0166,10.64353,56.83314,0,0.6554844,0,-0.7552087;
customb,house1,default,1,1,1,0,1,1,1,1,1,-235.2266,14.47307,190.6516,0,0.6418197,0,-0.7668556;
customb,house1,default,1,1,1,0,1,1,1,1,1,-158.6649,6.073069,178.3753,0,0.6418197,0,-0.7668556;
customb,house1,default,1,1,1,0,1,1,1,1,1,-85.11653,2.22989,139.7477,0,0.4266136,0,-0.904434;
customb,arch1,default,1,1,1,0,1,1,1,1,1,-193.6831,32.90292,113.0246,0,0.9456806,0,-0.3250971;
customb,arch1,default,1,1,1,0,1,1,1,1,1,-155.4408,26.65092,174.0114,0.02138476,0.9714134,0.08866554,-0.2191738;
customb,house1,default,1,1,1,0,1,1,1,1,1,-136.6886,-1.091282,206.2711,0,0.85892,0,0.5121098;
custom,cannon1,default,1,1,1,0,1,1,1,1,1,-189.6391,33.15885,112.6147,0,0.955434,0,-0.2952049;
customb,house1,default,1,1,1,0,1,1,1,1,1,-311.9545,9.314201,207.7143,0,0.8230326,0,0.5679942;
customb,house1,default,1,1,1,0,1,1,1,1,1,-345.3476,7.14573,157.7675,0,0.8208466,0,0.5711489;
custom,capsule,grass,2,1,2,0,1,1,1,1,1,-162.2258,-4.291829,116.135,0,0.9994265,0,-0.03386176;
custom,cylinder,bark,1,1,1,0,1,1,1,1,1,-162.0942,11.60443,118.0428,0,0.314239,0,0.9493439;
custom,sphere,grass,2,2,2,1,0,0.2045455,0,1,1,-162.3079,23.3108,119.2006,0,0.2892802,0,0.9572445;
customb,house1,default,4,2,2,0,0,0.2045455,0,1,1,24.49617,15.64453,-206.7652,0,0.9983193,0,0.05795277;
customb,house1,default,2,1,1.8,0,0,0.2045455,0,1,1,30.73278,74.78526,-206.721,0,0.9989897,0,0.04494068;
custom,tower1,default,1,1,1,0,0,0.2045455,0,1,1,74.55195,55.65514,-136.6789,0,0.7498428,0,-0.661616;
custom,tower1,default,1,1,1,0,0,0.2045455,0,1,1,-15.98468,45.9339,-146.7532,0,0.9989883,0,0.04496984;
custom,tower1,default,1,1,1,0,0,0.2045455,0,1,1,-0.2597995,50.83047,-282.5477,0,0.6638874,0,0.7478326;
custom,tower1,default,1,1,1,0,0,0.2045455,0,1,1,90.85636,53.47771,-273.6241,0,0.05807079,0,-0.9983125;
base,aot_supply,28.42307,0.09886201,-140.9753,0,0.9982432,0,0.05925086;
customb,house1,default,1,1,1,0,1,1,1,1,1,-368.959,8.689843,-125.1735,0,0.9951458,0,-0.09841172;
customb,house1,default,1,1,1,0,1,1,1,1,1,-297.1913,3.452215,-189.1569,0,0.2629955,0,0.9647971;
customb,house1,default,1,1,1,0,1,1,1,1,1,-310.5346,12.55672,-252.6683,0,-0.06718153,0,0.9977408;
customb,house1,default,1,1,1,0,1,1,1,1,1,-403.6542,15.33368,-192.2505,0,0.4253507,0,0.9050286;
custom,tower2,default,1,1,1,0,1,1,1,1,1,-415.5032,-21.98891,-333.1333,0,0.2793734,0,0.9601825;
customb,house1,default,1,1,1,0,1,1,1,1,1,-398.5228,9.392612,-371.6192,0,0.04096597,0,0.9991605;
customb,house1,default,1,1,1,0,1,1,1,1,1,-308.2172,13.26931,-333.5665,0,0.03616929,0,0.9993457;
customb,house1,default,1,1,1,0,1,1,1,1,1,-462.4403,7.393445,-251.9688,0,0.3035807,0,0.9528058;
customb,house1,default,1,1,1,0,1,1,1,1,1,-511.2681,-1.010403,-308.127,0,0.3583321,0,0.9335942;
customb,house1,default,1,1,1,0,1,1,1,1,1,-445.093,0.5434152,-351.9302,0,0.3209896,0,0.9470828;
customb,arch1,default,1,1,1,0,1,1,1,1,1,-484.5582,19.62098,-334.0145,0,0.8837259,0,0.4680049;
customb,arch1,default,1,1,1,0,1,1,1,1,1,-444.9943,27.45923,-223.7172,-0.02063895,0.9118246,-0.1071501,-0.3958142;
customb,house1,default,1,1,1,0,1,1,1,1,1,-329.043,11.24553,-414.0278,0,-0.1299626,0,-0.9915189;
customb,house1,default,1,1,1,0,1,1,1,1,1,-111.5482,2.341434,-91.61089,0,-0.2943208,0,-0.9557067;
customb,house1,default,1,1,1,0,1,1,1,1,1,-47.99751,9.524708,-95.69714,0,-0.00290326,0,-0.9999958;
customb,house1,default,1,1,1,0,1,1,1,1,1,-70.77872,3.114474,-172.4859,0,-0.1872133,0,-0.9823193;
customb,house1,default,1,1,1,0,1,1,1,1,1,-235.0733,4.054578,-158.4502,0,0.9623062,0,-0.2719683;
customb,house1,default,1,1,1,0,1,1,1,1,1,-126.7767,13.81169,-232.4229,0,0.4758202,0,0.8795426;
customb,house1,default,1,1,1,0,1,1,1,1,1,-190.3484,-0.5571738,-257.1712,0,0.5308483,0,0.8474669;
customb,house1,default,1,1,1,0,1,1,1,1,1,-255.9631,6.556254,-226.6812,0,0.4661977,0,0.8846806;
customb,house1,default,1,1,1,0,1,1,1,1,1,-249.976,5.071775,-294.666,0,0.8709091,0,-0.4914442;
customb,arch1,default,1,1,1,0,1,1,1,1,1,-310.5255,31.46306,-293.1888,0,0.9994559,0,0.03298287;
customb,house1,default,1,1,1,0,1,1,1,1,1,-167.8135,4.923934,-98.57166,0,-0.5128835,0,-0.8584583;
customb,house1,default,1,1,1,0,1,1,1,1,1,-416.8069,3.840374,166.9349,0,0.7241904,0,0.6896001;
customb,house1,default,1,1,1,0,1,1,1,1,1,-401.6339,8.179089,234.9482,0,0.7752362,0,0.6316715;
custom,tower2,default,1,1,1,0,1,1,1,1,1,-324.8823,-17.22379,73.01272,0,0.8953283,0,0.4454069;
custom,tower1,default,2,1,2,0,1,1,1,1,1,-391.5584,42.85101,124.7293,0,0.7454833,0,0.6665244;
customb,house1,default,1,1,1,0,1,1,1,1,1,79.07928,13.54242,79.37883,0,0.6119782,0,-0.7908747;
custom,tower2,default,1,1,1,0,1,1,1,1,1,-179.2426,-17.48169,-198.5646,0,0.3313453,0,0.9435096;
custom,church1,default,1,1,1,0,1,1,1,1,1,-394.2003,12.06484,42.40625,0,0.6320393,0,0.7749364;
customb,house1,default,1,1,1,0,1,1,1,1,1,-12.60022,2.865702,102.8215,0,0.5938615,0,-0.8045673;
base,aot_supply,-167.1402,87.49909,-181.4065,0.3325682,0.5918106,-0.673644,0.2921684;
base,aot_supply,-305.2878,87.52842,59.00523,-0.5999957,0.3369914,-0.3077154,-0.6570793;
base,aot_supply,-402.8987,82.71062,-314.2383,-0.1969236,0.6714569,-0.688068,-0.1921697;
customb,arch1,default,1,1,1,0,1,1,1,1,1,-565.8676,33.42194,560.3273,0,0.3022121,0,-0.9532407;
customb,house1,default,1,1,1,0,1,1,1,1,1,128.6642,10.42527,-34.26879,0,0.9112158,0,0.4119295;
customb,house1,default,1,1,1,0,1,1,1,1,1,151.3297,9.653675,36.94272,0,0.3971761,0,-0.9177425;
customb,house1,default,1,1,1,0,1,1,1,1,1,256.2096,12.73334,-192.6113,0,0.4843307,0,0.874885;
customb,house1,default,1,1,1,0,1,1,1,1,1,210.0156,9.671612,-13.52478,0,0.4011951,0,-0.9159926;
customb,house1,default,1,1,1,0,1,1,1,1,1,262.397,13.06234,-65.41128,0,0.3252064,0,-0.9456431;
customb,house1,default,1,1,1,0,1,1,1,1,1,222.2342,7.524446,-243.0596,0,0.1743976,0,0.9846753;
customb,house1,default,1,1,1,0,1,1,1,1,1,182.0104,6.642901,-311.3135,0,-0.338569,0,-0.9409416;
customb,arch1,default,1,1,1,0,1,1,1,1,1,135.6295,29.7848,2.913424,0,0.9940333,0,-0.1090775;
custom,tower2,default,1,1,1,0,1,1,1,1,1,24.88342,-22.19466,67.17811,0,0.117311,0,0.9930952;
base,aot_supply,29.56456,82.52689,91.71921,-0.07911279,0.7158458,-0.6888741,-0.08221039;
custom,village1,default,1,1,1,0,1,1,1,1,1,-518.9268,0.137053,-63.6463,0,0.4854351,0,-0.8742727;
customb,house1,default,1,1,1,0,1,1,1,1,1,-502.9431,15.95439,175.0446,0,0.7364961,0,0.6764418;
customb,house1,default,1,1,1,0,1,1,1,1,1,-470.1053,12.08841,253.0006,0,0.8000365,0,0.5999514;
customb,house1,default,1,1,1,0,1,1,1,1,1,-73.65899,5.304734,162.4167,0,0.9482065,0,0.3176548;
customb,house1,default,1,1,1,0,1,1,1,1,1,-209.9801,3.651563,234.2406,0,0.7854042,0,0.6189833;
customb,house1,default,1,1,1,0,1,1,1,1,1,-281.8631,15.19906,260.5952,0,0.8603684,0,0.5096727;
customb,house1,default,1,1,1,0,1,1,1,1,1,-532.1129,13.97908,282.6961,0,0.8839762,0,0.467532;
customb,house1,default,1,1,1,0,1,1,1,1,1,-574.7056,13.21353,173.2593,0,0.6867784,0,0.726867;
customb,house1,default,1,1,1,0,1,1,1,1,1,-504.7845,8.610529,-401.5421,0,0.544632,0,0.8386751;
customb,house1,default,1,1,1,0,1,1,1,1,1,-363.6977,10.02254,286.334,0,0.9875373,0,-0.1573852;
customb,house1,default,1,1,1,0,1,1,1,1,1,-564.3767,6.333743,-346.8887,0,0.689741,0,0.7240562;
customb,house1,default,1,1,1,0,1,1,1,1,1,-581.0497,-2.25143,-414.963,0,0.6971602,0,0.7169154;
customb,house1,default,1,1,1,0,1,1,1,1,1,-652.2121,0.6996652,-398.9324,0,0.8138576,0,0.5810645;
customb,house1,default,1,1,1,0,1,1,1,1,1,-663.1309,9.454899,-323.9845,0,0.8880114,0,0.4598216;
customb,house1,default,1,1,1,0,1,1,1,1,1,-710.8837,-2.843549,-348.5448,0,0.9653537,0,0.2609448;
customb,house1,default,1,1,1,0,1,1,1,1,1,-736.7665,10.13682,-277.5894,0,0.9932696,0,0.1158254;
customb,house1,default,1,1,1,0,1,1,1,1,1,-636.1942,9.671291,142.7069,0,0.3391262,0,0.9407409;
customb,house1,default,1,1,1,0,1,1,1,1,1,-675.1875,16.81883,86.74174,0,0.9857078,0,-0.1684645;
customb,house1,default,1,1,1,0,1,1,1,1,1,-681.9801,12.62444,10.4861,0,0.03530189,0,0.9993767;
customb,house1,default,1,1,1,0,1,1,1,1,1,-702.6926,13.34933,-103.476,0,0.9967113,0,-0.08103454;
customb,house1,default,1,1,1,0,1,1,1,1,1,-729.7985,5.722704,-213.1767,0,0.9854142,0,-0.1701729;
customb,arch1,default,1,1,1,0,1,1,1,1,1,-692.2975,34.59676,-43.56139,-0.01787056,0.9979628,0.01216676,-0.06002446;
customb,arch1,default,1,1,1,0,1,1,1,1,1,-709.8966,28.54372,-167.4389,-0.03529989,0.1452534,0.02223335,0.9885146;
customb,house1,default,1,1,1,0,1,1,1,1,1,124.4758,4.976172,-357.9502,0,0.5078858,0,0.8614245;
customb,house1,default,1,1,1,0,1,1,1,1,1,-326.5051,8.440895,-480.9583,0,0.1435778,0,-0.9896391;
customb,house1,default,1,1,1,0,1,1,1,1,1,-400.575,-0.3903632,-445.188,0,-0.02452072,0,0.9996993;
customb,house1,default,1,1,1,0,1,1,1,1,1,-384.221,2.861659,-516.7614,0,0.2150284,0,-0.9766078;
customb,house1,default,1,1,1,0,1,1,1,1,1,48.95539,11.12087,-380.8072,0,0.617296,0,0.786731;
customb,house1,default,1,1,1,0,1,1,1,1,1,-332.7403,1.373935,-585.5084,0,0.3708394,0,-0.928697;
customb,house1,default,1,1,1,0,1,1,1,1,1,-268.3527,2.229447,-613.2153,0,0.668068,0,-0.7441003;
customb,house1,default,1,1,1,0,1,1,1,1,1,-24.1086,12.31531,-385.6823,0,0.7429302,0,0.6693689;
customb,house1,default,1,1,1,0,1,1,1,1,1,-274.0443,3.686962,-398.621,0,0.6447525,0,-0.7643915;
customb,house1,default,1,1,1,0,1,1,1,1,1,-259.1522,11.34882,-342.9771,0,0.7214567,0,-0.6924596;
customb,house1,default,1,1,1,0,1,1,1,1,1,-184.9501,10.41346,-331.8618,0,0.776598,0,-0.6299964;
customb,house1,default,1,1,1,0,1,1,1,1,1,-101.0927,9.276237,-391.9665,0,0.6379586,0,0.7700707;
customb,house1,default,1,1,1,0,1,1,1,1,1,-204.2733,3.256654,-403.0464,0,0.6810548,0,-0.7322325;
customb,house1,default,1,1,1,0,1,1,1,1,1,-150.8348,5.629228,-426.7843,0,-0.6080435,0,-0.7939038;
customb,house1,default,1,1,1,0,1,1,1,1,1,-111.3483,12.73465,-313.9503,0,0.8062305,0,-0.5916016;
customb,house1,default,1,1,1,0,1,1,1,1,1,-59.41698,6.378238,-266.5457,0,0.1248248,0,0.9921788;
custom,tower1,default,1,1,1,0,1,1,1,1,1,-137.7906,50.35046,-289.1018,0,0.8448442,0,-0.5350124;
customb,house1,default,1,1,1,0,1,1,1,1,1,173.3204,6.848239,-192.4272,0,-0.149423,0,-0.9887734;
customb,house1,default,1,1,1,0,1,1,1,1,1,140.1439,1.104219,-262.222,0,-0.2646037,0,-0.9643573;
customb,house1,default,1,1,1,0,1,1,1,1,1,109.0227,15.25781,-84.03956,0,0.4876177,0,-0.8730572;
customb,house1,default,1,1,1,0,1,1,1,1,1,189.3766,13.4178,-79.50697,0,0.413806,0,-0.9103651;
customb,house1,default,1,1,1,0,1,1,1,1,1,169.5578,12.94022,-125.2691,0,0.4599564,0,-0.8879415;
customb,house1,default,1,1,1,0,1,1,1,1,1,102.3313,10.71259,-314.1071,0,0.965536,0,-0.2602696;
custom,tower2,default,1,1,1,0,1,1,1,1,1,74.07127,-26.97968,-381.4356,0,0.8224989,0,0.5687667;
base,aot_supply,92.03519,77.7767,-388.4119,0.4103263,0.5716802,-0.5878716,0.3990251;
custom,house4,default,1,1,1,0,1,1,1,1,1,-291.9401,-3.830184,-450.815,0,-0.8474205,0,-0.5309225;
custom,house4,default,1,1,1,0,1,1,1,1,1,-226.9481,-6.61743,-442.43,0,0.9953427,0,-0.09640042;
custom,house4,default,1,1,1,0,1,1,1,1,1,-277.4661,-3.538131,-513.0487,0,-0.4136075,0,-0.9104553;
customb,house1,default,1,1,1,0,1,1,1,1,1,-194.7405,3.253961,-613.1492,0,0.7372034,0,-0.675671;
customb,house1,default,1,1,1,0,1,1,1,1,1,-118.9926,2.263714,-596.7314,0,0.7876766,0,-0.616089;
customb,house1,default,1,1,1,0,1,1,1,1,1,-52.01143,5.57558,-567.833,0,0.877726,0,-0.479163;
customb,house1,default,1,1,1,0,1,1,1,1,1,-222.2786,5.486176,-552.0132,0,0.7309899,0,-0.6823884;
customb,house1,default,1,1,1,0,1,1,1,1,1,-141.8075,8.1996,-538.7069,0,0.7932993,0,-0.6088319;
custom,house4,default,1,1,1,0,1,1,1,1,1,-154.8049,-3.21784,-455.3334,0,0.9999881,0,-0.004881294;
custom,tower1,default,1,1,1,0,1,1,1,1,1,-213.6582,50.38209,-527.7668,0,0.7451319,0,-0.6669172;
customb,house1,default,1,1,1,0,1,1,1,1,1,4.397405,7.663227,-523.5704,0,0.9163763,0,-0.4003181;
customb,house1,default,1,1,1,0,1,1,1,1,1,-80.91134,8.607721,-503.4847,0,0.9039266,0,-0.4276876;
customb,house1,default,1,1,1,0,1,1,1,1,1,-23.32453,12.15994,-467.8888,0,-0.461292,0,-0.8872484;
customb,house1,default,1,1,1,0,1,1,1,1,1,-391.9586,7.792775,-589.9893,0,0.8136853,0,-0.5813057;
customb,house1,default,1,1,1,0,1,1,1,1,1,-432.3144,5.976328,-531.6717,0,0.7305524,0,-0.6828566;
customb,house1,default,1,1,1,0,1,1,1,1,1,-461.9496,11.06492,-595.3954,0,0.6435738,0,-0.7653841;
customb,house1,default,1,1,1,0,1,1,1,1,1,-502.3858,8.234627,-522.0834,0,0.5549805,0,-0.8318633;
customb,house1,default,1,1,1,0,1,1,1,1,1,-533.8024,15.99838,-566.9246,0,0.4849574,0,-0.8745378;
customb,house1,default,1,1,1,0,1,1,1,1,1,-597.9764,15.53987,-537.7894,0,0.5726473,0,-0.8198019;
customb,house1,default,1,1,1,0,1,1,1,1,1,-565.6998,10.93987,-486.1252,0,0.4215897,0,-0.9067867;
customb,house1,default,1,1,1,0,1,1,1,1,1,-654.0258,11.5385,-492.0222,0,-0.1012332,0,0.9948628;
customb,house1,default,1,1,1,0,1,1,1,1,1,-620.2382,7.725813,-444.722,0,0.6802143,0,-0.7330133;
customb,house1,default,1,1,1,0,1,1,1,1,1,-529.7573,5.066309,-445.3716,0,0.8901191,0,-0.4557279;
customb,house1,default,1,1,1,0,1,1,1,1,1,-452.1445,10.76452,-482.9816,0,0.9990584,0,-0.04338508;
customb,house1,default,1,1,1,0,1,1,1,1,1,-438.883,7.877633,-404.5297,0,-0.1077618,0,-0.9941767;
customb,house1,default,1,1,1,0,1,1,1,1,1,166.6557,12.10834,101.6088,0,0.9639517,0,-0.2660774;
customb,house1,default,1,1,1,0,1,1,1,1,1,111.4786,4.561919,128.1729,0,0.9953442,0,-0.09638435;
custom,house2,default,1,1,1,0,1,1,1,1,1,125.4457,0.7237954,184.6721,0,0.745252,0,0.6667829;
base,aot_supply,117.1057,2.580171,187.122,0,0.6465904,0,-0.7628375;
customb,arch1,default,1,1,1,0,1,1,1,1,1,-282.7468,32.92509,314.1291,0,0.9819748,0,-0.1890121;
customb,house1,default,1,1,1,0,1,1,1,1,1,-345.8763,5.274811,358.6082,0,0.9923921,0,-0.1231184;
customb,house1,default,1,1,1,0,1,1,1,1,1,-257.7598,13.74162,381.3671,0,0.9845131,0,-0.1753111;
customb,house1,default,1,1,1,0,1,1,1,1,1,-322.4753,13.01751,429.3424,0,0.9754536,0,-0.2202052;
customb,house1,default,1,1,1,0,1,1,1,1,1,207.006,14.25973,167.2991,0,0.9599593,0,-0.2801399;
customb,house1,default,1,1,1,0,1,1,1,1,1,107.2677,13.70484,246.3798,0,0.9895089,0,0.1444722;
custom,tower1,default,2,1,2,0,1,1,1,1,1,187.7693,33.6102,249.8733,0,0.9870152,0,-0.1606266;
customb,house1,default,1,1,1,0,1,1,1,1,1,252.0981,12.81577,225.3735,0,0.9385337,0,-0.3451879;
customb,house1,default,1,1,1,0,1,1,1,1,1,87.10135,13.58137,318.6508,0,0.9878052,0,0.1556948;
customb,house1,default,1,1,1,0,1,1,1,1,1,169.4095,11.47708,298.4209,0,0.9999484,0,0.01016182;
customb,house1,default,1,1,1,0,1,1,1,1,1,229.9138,14.67709,283.4585,0,0.938386,0,-0.3455891;
customb,house1,default,1,1,1,0,1,1,1,1,1,307.0063,12.76846,281.2887,0,0.9205548,0,-0.3906135;
custom,house4,default,1,1,1,0,1,1,1,1,1,273.3958,-1.768969,325.9843,0,0.9361649,0,0.3515612;
customb,house1,default,1,1,1,0,1,1,1,1,1,161.6162,11.39628,367.8407,0,0.9946252,0,0.1035417;
customb,house1,default,1,1,1,0,1,1,1,1,1,50.01481,-3.595798,360.4579,-0.01120641,0.7133634,-0.01100619,0.7006183;
customb,house1,default,1,1,1,0,1,1,1,1,1,129.7391,13.08511,438.5328,0,0.955363,0,0.2954345;
customb,house1,default,1,1,1,0,1,1,1,1,1,74.10082,13.42056,487.7102,0,0.8619933,0,0.5069199;
customb,house1,default,1,1,1,0,1,1,1,1,1,5.174764,10.78225,511.6812,0,0.7409926,0,0.6715132;
customb,house1,default,1,1,1,0,1,1,1,1,1,-71.50403,8.031555,508.6181,0,0.604124,0,0.7968904;
customb,house1,default,1,1,1,0,1,1,1,1,1,-20.34257,6.169847,367.8474,0,0.7835937,0,0.6212738;
customb,house1,default,1,1,1,0,1,1,1,1,1,-216.5316,13.09028,424.1169,0,0.6821247,0,-0.7312359;
customb,house1,default,1,1,1,0,1,1,1,1,1,-266.0941,15.61622,483.2719,0,0.8614955,0,-0.5077654;
customb,house1,default,1,1,1,0,1,1,1,1,1,-140.9745,9.534031,491.4811,0,0.6396397,0,0.7686749;
custom,house4,default,1,1,1,0,1,1,1,1,1,-201.5248,0.03679547,504.408,0,0.9987718,0,-0.04954623;
custom,tower1,default,1,1,1,0,1,1,1,1,1,-172.3823,29.74837,504.102,0,0.0376995,0,-0.9992892;
custom,tower1,default,1,1,1,0,1,1,1,1,1,-238.2376,51.3838,516.428,0,0.1570483,0,-0.9875909;
customb,house1,default,1,1,1,0,1,1,1,1,1,-108.3562,7.9201,388.4926,0,0.7827599,0,0.6223238;
custom,house4,default,1,1,1,0,1,1,1,1,1,-163.6695,0.1178526,406.1529,0,-0.1618317,0,-0.9868184;
custom,tower2,default,1,1,1,0,1,1,1,1,1,-2.077185,-23.73759,260.7594,0,0.999974,0,0.007210077;
custom,tower1,default,2,2,2,0,1,1,1,1,1,-109.1259,23.61958,258.8909,0,0.9966208,0,-0.08214071;
custom,tower1,default,2,2,2,0,1,1,1,1,1,36.31014,37.31919,303.235,0,0.9861076,0,-0.1661076;
custom,tower1,default,2,2,2,0,1,1,1,1,1,-196.0549,15.56021,309.4944,0,0.9816646,0,0.1906166;
custom,tower1,default,2,2,2,0,1,1,1,1,1,-79.45783,38.70869,359.3206,0,0.8167542,0,0.5769858;
base,aot_supply,-2.0386,81.09337,237.0484,0.7313412,-0.00401403,0.004304519,0.6819864;
customb,house1,default,1,1,1,0,1,1,1,1,1,62.27381,13.54175,-482.1801,0,0.8618822,0,-0.5071086;
customb,house1,default,1,1,1,0,1,1,1,1,1,370.8372,11.19222,315.0847,0,0.8106207,0,-0.5855717;
customb,house1,default,1,1,1,0,1,1,1,1,1,325.0169,16.39263,364.7278,0,0.8403931,0,-0.5419775;
customb,house1,default,1,1,1,0,1,1,1,1,1,394.9608,11.35167,381.6182,0,0.7487503,0,-0.6628523;
customb,house1,default,1,1,1,0,1,1,1,1,1,442.9389,14.17224,315.317,0,0.5549555,0,-0.8318801;
customb,house1,default,1,1,1,0,1,1,1,1,1,499.9615,14.59081,348.7639,0,0.8859371,0,0.4638055;
custom,village1,default,1,1,1,0,1,1,1,1,1,501.9866,-2.342296,529.315,0,0.6639889,0,-0.7477425;
custom,house4,default,1,1,1,0,1,1,1,1,1,392.7971,-2.910848,418.6098,0,-0.579815,0,-0.8147482;
custom,house4,default,1,1,1,0,1,1,1,1,1,526.235,-2.346395,382.9429,0,0.4413144,0,-0.8973526;
customb,house1,default,1,1,1,0,1,1,1,1,1,-568.9057,14.31051,336.3582,0,-0.2081683,0,0.978093;
customb,house1,default,1,1,1,0,1,1,1,1,1,-668.5413,6.774021,191.9208,0,0.1425003,0,-0.9897948;
customb,house1,default,1,1,1,0,1,1,1,1,1,-586.0464,13.25973,411.6481,0,0.9999651,0,0.008358784;
customb,house1,default,1,1,1,0,1,1,1,1,1,-683.8796,13.45071,264.1076,0,0.9999297,0,0.011855;
customb,house1,default,1,1,1,0,1,1,1,1,1,-682.0176,13.78521,382.715,0,0.9997823,0,-0.02086534;
customb,arch1,default,1,1,1,0,1,1,1,1,1,-684.0654,34.07619,319.0414,-0.007177167,0.9997732,0.01580629,0.01233574;
customb,house1,default,1,1,1,0,1,1,1,1,1,-672.2046,11.1896,460.2542,0,0.995448,0,-0.09530694;
customb,house1,default,1,1,1,0,1,1,1,1,1,-648.4128,7.329221,528.4295,0,0.9804646,0,-0.196696;
customb,house1,default,1,1,1,0,1,1,1,1,1,-566.9878,8.782389,475.8864,0,0.1662133,0,0.9860899;
customb,house1,default,1,1,1,0,1,1,1,1,1,-603.8626,12.51951,576.7908,0,0.4472574,0,0.8944053;
customb,house1,default,1,1,1,0,1,1,1,1,1,-530.8165,14.09336,529.156,0,0.483937,0,0.8751029;
custom,tower2,default,1,1,1,0,1,1,1,1,1,-661.5744,-14.50311,642.0323,0,0.881862,0,0.4715075;
base,aot_supply,-640.9297,90.08411,627.6363,-0.5750986,0.3609136,-0.3124129,-0.6643803;
custom,house4,default,1,1,1,0,1,1,1,1,1,-607.7723,-1.91638,609.9567,0,-0.01679446,0,-0.999859;
custom,house4,default,1,1,1,0,1,1,1,1,1,-656.5154,-0.3557047,585.6669,0,0.4222803,0,-0.9064653;
customb,house1,default,1,1,1,0,1,1,1,1,1,-533.7207,10.38094,610.7043,0,0.7591026,0,-0.6509711;
custom,tower1,default,1,1,1,0,1,1,1,1,1,-524.8268,54.50852,632.4998,0,0.9976085,0,-0.06911822;
custom,house4,default,1,1,1,0,1,1,1,1,1,-569.8441,-0.05712548,689.3766,0,0.9950347,0,0.0995284;
customb,house1,default,1,1,1,0,1,1,1,1,1,-648.5598,14.91515,666.7056,0,0.8917084,0,-0.4526103;
customb,house1,default,1,1,1,0,1,1,1,1,1,-461.264,13.72067,546.6186,0,0.7063775,0,-0.7078353;
customb,house1,default,1,1,1,0,1,1,1,1,1,-392.8624,11.98503,541.0428,0,0.7062242,0,0.7079883;
customb,house1,default,1,1,1,0,1,1,1,1,1,-415.3873,12.81351,617.9768,0,0.7116831,0,-0.7025007;
customb,arch1,default,1,1,1,0,1,1,1,1,1,-480.6371,31.08987,614.2126,0,0.7223346,0,-0.6915438;
customb,house1,default,1,1,1,0,1,1,1,1,1,-338.1673,13.67848,617.8367,0,0.7244549,0,-0.6893222;
customb,house1,default,1,1,1,0,1,1,1,1,1,-503.4228,5.329108,681.3764,0,0.6710753,0,0.7413892;
customb,house1,default,1,1,1,0,1,1,1,1,1,-417.8055,-12.60897,683.8878,0,0.6597351,0,-0.7514983;
customb,house1,default,1,1,1,0,1,1,1,1,1,-345.7831,6.580905,681.8076,0,0.7275328,0,-0.686073;
customb,house1,default,1,1,1,0,1,1,1,1,1,-318.6687,9.093958,542.4868,0,0.6980145,0,0.7160836;
customb,house1,default,1,1,1,0,1,1,1,1,1,-244.7994,14.48754,550.4674,0,0.6186542,0,0.7856635;
customb,house1,default,1,1,1,0,1,1,1,1,1,-268.1035,11.25469,617.9017,0,0.6657885,0,0.7461405;
customb,house1,default,1,1,1,0,1,1,1,1,1,-264.2309,16.05469,669.4229,0,0.7806252,0,0.6249996;
customb,house1,default,1,1,1,0,1,1,1,1,1,-187.6806,10.50868,644.4235,0,0.713162,0,0.7009993;
customb,house1,default,1,1,1,0,1,1,1,1,1,-171.849,13.80358,570.9285,0,0.5709684,0,0.8209721;
customb,house1,default,1,1,1,0,1,1,1,1,1,-111.6915,12.69989,641.6885,0,0.6885796,0,0.7251608;
customb,house1,default,1,1,1,0,1,1,1,1,1,-101.7091,17.45139,580.2369,0,0.7392524,0,0.6734284;
customb,house1,default,1,1,1,0,1,1,1,1,1,-33.93871,11.67179,639.9855,0,0.7128506,0,0.7013159;
customb,house1,default,1,1,1,0,1,1,1,1,1,-26.84736,18.00748,574.5544,0,0.7453853,0,0.666634;
customb,house1,default,1,1,1,0,1,1,1,1,1,256.4544,12.60499,10.82733,0,0.959793,0,-0.2807088;
customb,arch1,default,1,1,1,0,1,1,1,1,1,41.0708,28.20049,402.3976,0,-0.006735536,0,-0.9999774;
customb,arch1,default,1,1,1,0,1,1,1,1,1,35.71783,28.21493,477.4834,0,0.07714403,0,-0.9970199;
custom,cannon1,default,1,1,1,0,1,1,1,1,1,38.19529,29.96275,420.3978,0,-0.004952647,0,-0.9999878;
customb,house1,default,1,1,1,0,1,1,1,1,1,50.79119,14.02515,568.5927,0,0.6493857,0,-0.7604592;
custom,church1,default,1,1,1,0,1,1,1,1,1,647.3461,15.4959,670.0065,0,-0.4941369,0,-0.8693842;
customb,house1,default,1,1,1,0,1,1,1,1,1,650.8807,11.48292,528.6935,0,-0.01152537,0,-0.9999336;
customb,house1,default,1,1,1,0,1,1,1,1,1,648.6711,9.216534,454.4924,0,-0.01763032,0,-0.9998446;
customb,house1,default,1,1,1,0,1,1,1,1,1,639.1854,10.81653,387.6086,0,0.9999959,0,0.002879457;
customb,house1,default,1,1,1,0,1,1,1,1,1,644.3887,15.21651,309.5309,0,0.01073562,0,-0.9999424;
customb,house1,default,1,1,1,0,1,1,1,1,1,565.907,14.36381,308.2907,0,-0.4025999,0,0.9153761;
customb,house1,default,1,1,1,0,1,1,1,1,1,494.9137,15.06991,255.8513,0,0.2039238,0,-0.9789868;
custom,capsule,grass,25,0.25,25,0,1,1,1,1,1,-471.9813,-0.8946053,411.8578,0,0.5000399,0,-0.8660024;
custom,wall4,default,120,110,100,0,1,1,1,1.0,1.0,15517.65,68.44243,1330.34,0,0.6897629,0,0.7240353;
custom,cuboid,stone1,225,4,225,0,1,1,1,5,5,-27.36525,-19.42546,-128.6904,0,0.704107,0,-0.7100939;
customb,house1,default,1,1,1,0,1,1,1,1,1,-631.1465,11.05099,-269.6225,0,0.9998583,0,0.01683797;
customb,house1,default,1,1,1,0,1,1,1,1,1,-693.8252,15.88068,-259.5166,0,0.9987104,0,0.05076958;
customb,house1,default,1,1,1,0,1,1,1,1,1,-565.9733,12.73687,-286.133,0,0.9778395,0,-0.209356;
customb,arch1,default,1,1,1,0,1,1,1,1,1,-608.581,27.79545,-337.0025,0,0.6631601,0,-0.7484775;
customb,house1,default,1,1,1,0,1,1,1,1,1,-522.9261,13.12535,-226.9389,0,0.9344627,0,-0.356061;
customb,house1,default,1,1,1,0,1,1,1,1,1,-607.2716,8.411697,-206.7256,0,0.8789816,0,-0.4768558;
customb,arch1,default,1,1,1,0,1,1,1,1,1,-482.3063,41.07347,-122.4042,-0.1517157,0.3117363,-0.03082959,0.9374713;
customb,house1,default,1,1,1,0,1,1,1,1,1,-229.7108,6.440543,37.10364,0,0.6797578,0,-0.7334368;
customb,house1,default,1,1,1,0,1,1,1,1,1,-291.6264,11.05473,78.27722,0,0.3830958,0,-0.9237086;
customb,house1,default,1,1,1,0,1,1,1,1,1,-302.4184,9.046587,5.636645,0,0.930106,0,-0.3672911;
customb,house1,default,1,1,1,0,1,1,1,1,1,-350.2705,8.180613,-58.92914,0,0.9650266,0,-0.262152;
custom,tower4,default,1,1,1,0,1,1,1,1,1,-333.5949,49.8523,268.1027,0,-0.9292135,0,-0.3695435;
custom,village2,default,1,1,1,0,1,1,1,1,1,598.6078,10.69668,-346.6634,0,-0.3164556,0,0.9486073;
custom,windmill1,default,1,1,1,0,1,1,1,1,1,365.6915,0.5749543,-680.5009,0,0.4080034,0,0.9129804;
customb,house1,default,1,1,1,0,1,1,1,1,1,642.8218,12.96365,234.4353,0,0.04461268,0,0.9990044;
customb,house1,default,1,1,1,0,1,1,1,1,1,523.6046,13.74883,186.0885,0,0.2044078,0,-0.9788858;
customb,house1,default,1,1,1,0,1,1,1,1,1,330.7036,13.01331,91.99563,0,0.2410178,0,-0.9705207;
customb,arch1,default,1,1,1,0,1,1,1,1,1,303.6782,31.89912,47.80097,0,0.4415495,0,0.8972369;
customb,house1,default,1,1,1,0,1,1,1,1,1,311.663,11.68772,166.7537,0,0.9994657,0,-0.03268636;
customb,house1,default,1,1,1,0,1,1,1,1,1,321.2565,10.0385,241.4621,0,0.991899,0,-0.1270296;
customb,house1,default,1,1,1,0,1,1,1,1,1,633.6501,11.62421,158.7757,0,-0.07444057,0,-0.9972255;
customb,house1,default,1,1,1,0,1,1,1,1,1,620.3106,13.37359,85.77777,0,0.1000832,0,0.9949791;
customb,house1,default,1,1,1,0,1,1,1,1,1,607.6057,11.50354,15.29397,0,0.07356823,0,0.9972902;
customb,house1,default,1,1,1,0,1,1,1,1,1,599.17,12.63102,-52.03616,0,0.9997959,0,0.02020729;
customb,house1,default,1,1,1,0,1,1,1,1,1,538.223,11.85665,108.2711,0,-0.004077396,0,0.9999917;
customb,house1,default,1,1,1,0,1,1,1,1,1,529.0313,15.71256,34.54255,0,0.1130512,0,0.9935892;
customb,house1,default,1,1,1,0,1,1,1,1,1,463.771,15.56675,31.58182,0,0.3191262,0,-0.9477123;
customb,house1,default,1,1,1,0,1,1,1,1,1,385.5819,13.53327,91.63531,0,0.9085932,0,-0.4176823;
customb,arch1,default,1,1,1,0,1,1,1,1,1,414.6111,32.74643,70.12815,0,0.4330674,0,-0.9013616;
customb,arch1,default,1,1,1,0,1,1,1,1,1,485.8784,34.91414,34.14127,0,0.5507047,0,-0.8347002;
customb,house1,default,1,1,1,0,1,1,1,1,1,317.4667,12.76198,-152.4719,0,0.4668188,0,0.884353;
customb,house1,default,1,1,1,0,1,1,1,1,1,378.9772,15.51872,-107.4706,0,0.4478049,0,0.8941313;
customb,house1,default,1,1,1,0,1,1,1,1,1,433.8182,15.63397,-63.37971,0,0.407975,0,0.9129931;
customb,house1,default,1,1,1,0,1,1,1,1,1,490.8133,13.0724,-19.10555,0,0.4617901,0,0.8869892;
custom,tower1,default,4,1,4,0,1,1,1,1,1,-592.2453,50.41864,-623.8236,0,0.3958049,0,0.9183347;
customb,house1,default,1,1,1,0,1,1,1,1,1,584.9694,13.37978,-119.0271,0,0.9610979,0,-0.2762079;
customb,house1,default,1,1,1,0,1,1,1,1,1,536.4035,12.80715,-176.5187,0,0.9077126,0,-0.4195926;
customb,house1,default,1,1,1,0,1,1,1,1,1,485.1394,13.95061,-221.1859,0,0.9095381,0,-0.4156206;
customb,house1,default,1,1,1,0,1,1,1,1,1,432.4226,13.53449,-265.4026,0,0.9006349,0,-0.4345766;
customb,house1,default,1,1,1,0,1,1,1,1,1,377.3254,14.10092,-307.9112,0,0.8952596,0,-0.445545;
customb,house1,default,1,1,1,0,1,1,1,1,1,321.515,13.61607,-348.4003,0,0.8897496,0,-0.4564491;
customb,house1,default,1,1,1.25,0,1,1,1,1,1,42.35407,9.657024,-419.3153,0,-0.4799435,0,-0.8772994;
customb,house1,default,1,1,1,0,1,1,1,1,1,123.945,11.95089,-455.7956,0,0.5283402,0,0.8490328;
customb,house1,default,1,1,1,0,1,1,1,1,1,187.1292,12.54856,-425.9632,0,0.5275981,0,0.8494942;
customb,arch1,default,1,1,1.50,0,1,1,1,1,1,251.9091,33.2986,-390.0027,0,0.8585818,0,-0.5126767;
customb,arch1,default,1,1,1,0,1,1,1,1,1,391.9747,31.18506,-242.8925,0,0.3237296,0,-0.9461496;
customb,arch1,default,1,1,1,0,1,1,1,1,1,345.1894,31.0314,-182.5018,0,0.3237296,0,-0.9461496;
custom,tower1,default,1,1,1,0,1,1,1,1,1,370.5573,-24.58813,-210.9105,0,0.9091802,0,-0.4164028;
custom,cannon1,default,1,1,1,0,1,1,1,1,1,368.4654,33.56898,-215.6914,0,-0.3537618,0,0.9353356;
custom,tower1,default,3,1,3,0,1,1,1,1,1,241.5566,50.96043,-479.5964,0,0.09558443,0,-0.9954214;
custom,house6,default,2,1.5,2,0,1,1,1,1,1,240.9111,-0.1935672,-964.5001,0,0.8962884,0,0.4434717;
custom,house6,default,1,1,1,0,1,1,1,1,1,228.9574,-0.740355,-851.1927,0,-0.6214773,0,0.7834322;
custom,house6,default,1,1,1,0,1,1,1,1,1,283.1925,0.7941858,-870.6921,0,0.8450819,0,0.5346369;
custom,house3,default,1,1,1,0,1,1,1,1,1,384.9621,-0.3254314,-600.9424,0,0.9999999,0,-0.0006332212;
map,disablebounds;
spawnpoint,titan,356.6046,1.256195,525.6748,0,0.799744,0,0.6003412;
spawnpoint,titan,-799.9189,0.8776487,-166.981,0,0.9289276,0,-0.3702615;
custom,house8,default,1,1,1,0,1,1,1,1.0,1.0,-892.3607,17.9834,-246.7207,0,0.9930909,0,-0.1173481;
custom,house8,default,1,1,1,0,1,1,1,1.0,1.0,-789.8648,17.99669,-248.9789,0,0.9980431,0,0.06253072;
custom,house8,default,1,1,1,0,1,1,1,1.0,1.0,-824.5245,18.54919,-250.5535,0,0.9998446,0,0.01763332;
custom,house8,default,1,1.3,1,0,1,1,1,1.0,1.0,-857.5654,21.2648,-251.0776,0,0.9998684,0,-0.01622297;
custom,house8,default,1,0.9,1,0,1,1,1,1.0,1.0,-926.4234,15.99257,-232.6683,0,0.9610748,0,-0.2762882;
base,aot_supply,-46.52913,0.4709236,693.1313,0,0.831575,0,-0.5554126;
custom,capsule,grass2,10,0.25,10,0,1,1,1,2,2,139.4105,-1.184554,-952.403,0,0.9997703,0,0.02143515;
custom,windmill1,default,1,1,1,0,1,1,1,25,25,561.121,-2.073542,-652.9955,0,0.3809541,0,0.924594;
custom,house3,default,1,1,1,0,1,1,1,1,1,744.4917,1.236445,-591.649,0,0.9873134,0,-0.1587836;
custom,village2,default,1,1,1,0,1,1,1,1,1,862.4641,11.47718,-643.6565,0,-0.02946961,0,0.9995657;
custom,house6,default,1,1,1,0,1,1,1,1,1,923.762,-1.29454,-579.9117,0,0.982823,0,-0.1845509;
custom,house6,default,1,1,1,0,1,1,1,1,1,332.3808,0.01705408,-905.7893,0,0.4390644,0,-0.8984556;
custom,pillar1,stone9,1,1,1,0,1,1,1,1,1,843.4631,0.06748993,-557.2988,0,0.941281,0,-0.3376243;
base,aot_supply,847.4136,61.88604,-560.7906,-0.0227021,0.9030978,-0.01077665,0.4286991;
base,aot_supply,default,10,1,10,0,1,1,1,1.0,1.0,-136.9479,1.135722,-1270.518,0,0.9992688,0,-0.0382372;
custom,wall4,default,10,10,10,0,1,1,1,1.0,1.0,170.0228,10.19494,1109.751,0,0.001225997,0,0.9999993;
custom,wall4,default,10,10,10,0,1,1,1,1.0,1.0,-1262.147,8.262443,192.2644,0,0.7044881,0,-0.7097158;
custom,wall4,default,120,110,100,0,1,1,1,1.0,1.0,18330.89,-29.5908,-1747.058,0,0.750254,0,0.6611497;
custom,wall4,default,10,10,10,0,1,1,1,1.0,1.0,-392.7032,10.94033,-1362.611,0,0.9999942,0,-0.003424424;
customb,arch1,default,1,1,1,0,1,1,1,1,1,453.8135,30.45132,369.0143,0,0.8195676,0,0.5729826;
customb,house1,default,1,1,1,0,1,1,1,1,1,691.5284,8.008175,781.1506,0,0.998122,0,0.06125857;
customb,house1,default,1,1,1,0,1,1,1,1,1,678.8679,10.6751,852.8916,0,0.9946356,0,0.1034407;
customb,house1,default,1,1,1,0,1,1,1,1,1,661.6865,9.875096,922.0519,0,0.9886587,0,0.1501796;
custom,capsule,grass2,100,0.25,100,0,1,1,1,25,25,565.8264,-0.7099404,-824.1646,0,0.9999304,0,-0.01179778;
custom,windmill1,default,1,1,1,0,1,1,1,25,25,658.9677,-1.873616,-582.6439,0,0.3809541,0,0.924594;
custom,capsule,grass2,10,0.25,10,0,1,1,1,2,2,152.9283,-0.8224049,-1008.079,0,0.321368,0,0.9469544;
custom,house6,default,1,1,1,0,1,1,1,2,2,164.5229,-3.19264,-854.3797,0,0.5852438,0,0.8108575;
custom,house6,default,1,1,1,0,1,1,1,2,2,362.3282,-1.044472,-951.3223,0,-0.3586756,0,-0.9334623;
custom,house6,default,1,1,1,0,1,1,1,2,2,328.2458,-2.961629,-1005.75,0,0.9819792,0,-0.1889894;
custom,house6,default,1,1,1,0,1,1,1,2,2,307.7523,-3.564058,-1058.823,0,0.9765086,0,-0.2154787;
custom,house6,default,1,1,1,0,1,1,1,2,2,111.8935,-6.143849,-887.9109,0,-0.2859863,0,-0.9582337;
customb,arch1,default,1,1,2,0,0,0,0,1,1,104.1156,59.52861,-220.0782,0.1646831,0.7662143,0.174897,-0.5959918;
photon,CannonWall,default,1,1,1,0,1,1,1,1.0,1.0,-306.2643,103.1558,58.62447,0,0.3940562,0,0.9190864;
spawnpoint,titan,352.1368,1.702507,-451.6451,0,0.9053971,0,-0.4245658;
spawnpoint,titan,316.2912,0.8540092,-252.5824,0,0.1218289,0,0.9925511;
spawnpoint,titan,-207.9254,0.711723,-46.08267,0,0.8179349,0,-0.5753108;
spawnpoint,titan,-365.073,0.9671881,-322.9384,0,0.9995997,0,-0.02829321;
spawnpoint,titan,-624.9636,0.9562982,-123.7848,0,0.5574437,0,-0.8302148;
spawnpoint,titan,-582.9377,0.8059555,10.06876,0,0.06548546,0,-0.9978535;
spawnpoint,titan,-427.413,1.726279,331.3147,0,0.04789433,0,0.9988524;
spawnpoint,titan,-76.34408,0.8447376,450.2571,0,0.6086938,0,0.7934052;
spawnpoint,titan,215.3579,0.7341577,534.7584,0,0.461671,0,0.8870512;
spawnpoint,titan,277.6365,0.7254229,597.4118,0,0.4165977,0,0.909091;
spawnpoint,titan,380.2001,0.8487515,608.9382,0,0.4382918,0,0.8988327;
spawnpoint,titan,406.7638,0.8541411,209.3653,0,0.9988529,0,-0.04788395;
spawnpoint,titan,352.2167,0.847212,10.06163,0,0.9933333,0,-0.1152776;
spawnpoint,titan,130.2194,13.43214,-165.7628,0,0.9367059,0,-0.3501171;
spawnpoint,titan,-68.53597,0.7005583,260.1332,0,0.1219933,0,-0.9925309;
spawnpoint,playerC,29.28033,104.276,-187.3102,0,0.993589,0,-0.1130527;
custom,house7,default,1.2,1.2,1.2,0,1,1,1,1.0,1.0,-37.92971,20.18953,694.3267,0,0.9815241,0,0.1913384;
custom,wall4,default,1,5,1,0,1,1,1,1.0,1.0,1067.643,207.7116,846.1203,0,0.710517,0,0.70368;
custom,wall4,default,0.25,5,0.25,0,1,1,1,1.0,1.0,1063.005,210.7094,1028.457,0,0.7304778,0,0.6829365;
custom,cuboid,stone1,7,5,100,0,1,1,1,1.0,1.0,561.8372,-25.88251,1025.481,0,0.7042915,0,-0.7099109;
custom,cuboid,stone1,7,5,100,0,1,1,1,1.0,1.0,-434.144,-25.8678,1029.088,0,0.7072923,0,-0.7069213;
custom,cuboid,stone1,7,5,15,0,1,1,1,1.0,1.0,-998.7034,-25.93103,1035.942,0,0.6938319,0,-0.7201371;
custom,tower1,default,1,1,1,0,1,1,1,1.0,1.0,279.352,38.20743,941.3649,0,0.2346366,0,-0.9720832;
custom,tower1,default,1,1,1,0,1,1,1,1.0,1.0,399.7631,26.91115,714.7923,0,0.5472702,0,0.836956;
custom,tower2,default,1,1,1,0,1,1,1,1.0,1.0,59.71379,89.39854,-207.5084,0,0.7594002,0,-0.6506239;
photon,CannonWall,default,1,1,1,0,1,1,1,1.0,1.0,35.60651,195.4995,-211.1962,0,0.7559958,0,-0.6545765;
photon,CannonWall,default,1,1,1,0,1,1,1,1.0,1.0,35.15769,209.6043,-210.9322,0,-0.6666827,0,-0.7453418;
photon,CannonWall,default,1,1,1,0,1,1,1,1.0,1.0,-403.1865,98.05407,-313.123,0,-0.2732686,0,-0.9619378;
photon,CannonWall,default,1,1,1,0,1,1,1,1.0,1.0,-403.146,84.12169,-314.6615,0,0.8784714,0,0.477795;
photon,CannonWall,default,1,1,1,0,1,1,1,1.0,1.0,-306.8013,88.79734,59.49232,0,-0.4378687,0,0.899039;
photon,CannonWall,default,1,1,1,0,1,1,1,1.0,1.0,-1.774132,96.49697,237.973,0,0.7101927,0,0.7040074;
photon,CannonWall,default,1,1,1,0,1,1,1,1.0,1.0,-1.487095,82.44453,237.0673,0,0.03141902,0,-0.9995063;
custom,tower2,default,1,1,1,0,1,1,1,1.0,1.0,79.87155,-10.76013,389.9421,0,0.730506,0,-0.6829063;
base,aot_supply,default,1,1,1,0,1,1,1,1.0,1.0,55.64475,93.88313,388.668,-0.4944657,0.5244542,-0.496805,-0.4833593;
photon,CannonWall,default,1,1,1,0,1,1,1,1.0,1.0,58.49963,95.24864,389.217,0,0.3773479,0,0.9260716;
photon,CannonWall,default,1,1,1,0,1,1,1,1.0,1.0,57.97008,109.5893,388.3475,0,0.2353838,0,0.9719025;
custom,tower2,default,1,1,1,0,1,1,1,1.0,1.0,546.059,-10.96672,966.33,0,0.01647382,0,0.9998643;
base,aot_supply,default,1,1,1,0,1,1,1,1.0,1.0,546.455,92.95255,985.658,0.6586064,0.03122148,-0.019231,0.7515936;
photon,CannonWall,default,1,1,1,0,1,1,1,1.0,1.0,546.6704,95.15668,988.7488,0,0.9996764,0,0.02543823;
photon,CannonWall,default,1,1,1,0,1,1,1,1.0,1.0,546.1171,109.0909,991.842,0,0.9986225,0,0.05247126;
custom,tower2,default,1,1,1,0,1,1,1,1.0,1.0,562.0032,-12.19557,-279.3244,0,0.9308069,0,-0.3655113;
base,aot_supply,default,1,1,1,0,1,1,1,1.0,1.0,548.9648,92.41048,-294.1997,-0.256639,0.6627613,-0.6535711,-0.2602475;
photon,CannonWall,default,1,1,1,0,1,1,1,1.0,1.0,547.0059,93.81425,-295.3727,0,0.9296946,0,-0.3683314;
photon,CannonWall,default,1,1,1,0,1,1,1,1.0,1.0,546.015,108.0825,-296.3646,0,0.3776407,0,-0.9259523;
photon,CannonWall,default,1,1,1,0,1,1,1,1.0,1.0,95.56951,79.15276,-389.3852,0,0.1875275,0,0.9822594;
photon,CannonWall,default,1,1,1,0,1,1,1,1.0,1.0,95.31342,93.78637,-389.4797,0,-0.565924,0,0.8244575;
photon,CannonWall,default,1,1,1,0,1,1,1,1.0,1.0,-165.2707,88.53228,-180.5815,0,-0.3301956,0,-0.9439125;
photon,CannonWall,default,1,1,1,0,1,1,1,1.0,1.0,38.026,226.8533,-216.6243,-0.02979554,-0.8889191,0.4513603,-0.07217284;
photon,CannonWall,default,1,1,1,0,1,1,1,1.0,1.0,42.50377,227.1959,-209.4978,-0.3965227,-0.594121,0.3515952,-0.6051205;
photon,CannonWall,default,1,1,1,0,1,1,1,1.0,1.0,36.33414,227.0884,-205.2912,-0.5272979,0.0551069,-0.023839,-0.8475564;
photon,CannonWall,default,1,1,1,0,1,1,1,1.0,1.0,31.74806,226.9837,-213.2237,-0.3544898,0.6366066,-0.3919671,-0.5616325;
photon,CannonWall,default,1,1,1,0,1,1,1,1.0,1.0,-165.6373,102.783,-180.1502,0,0.4277913,0,-0.9038776;
photon,CannonWall,default,1,1,1,0,1,1,1,1.0,1.0,-642.157,105.5679,629.3896,0,0.88331,0,0.4687893;
photon,CannonWall,default,1,1,1,0,1,1,1,1.0,1.0,-643.0921,91.56794,628.7916,0,0.9534242,0,0.3016328;
photon,CannonWall,default,1,1,1,0,1,1,1,1.0,1.0,29.6535,97.94417,88.61179,0,-0.1640736,0,-0.9864481;
photon,CannonWall,default,1,1,1,0,1,1,1,1.0,1.0,30.39727,83.93314,88.59127,0,0.7951351,0,0.6064324;
base,aot_supply,default,1,1,1,0,1,1,1,1.0,1.0,40.67584,193.9127,-210.6759,-0.4753812,0.5196131,-0.5494758,-0.4495458;
custom,tower2,default,1,1,1,0,1,1,1,1.0,1.0,-886.8746,-10.05468,88.80048,0,0.9994715,0,-0.03250722;
photon,CannonWall,default,1,1,1,0,1,1,1,1.0,1.0,-888.0466,96.05504,65.4332,0,0.9995267,0,0.03076167;
photon,CannonWall,default,1,1,1,0,1,1,1,1.0,1.0,-887.3782,109.9145,65.9608,0,0.7344652,0,0.6786464;
base,aot_supply,default,1,1,1,0,1,1,1,1.0,1.0,-892.5938,94.03294,66.22849,0.4939689,0.5046501,-0.5262442,0.4736985;
custom,tower2,default,1,1,1,0,1,1,1,1.0,1.0,-996.4749,-11.46054,-263.479,0,0.9995407,0,-0.03030461;
base,aot_supply,default,1,1,1,0,1,1,1,1.0,1.0,-997.7956,93.65817,-282.8792,-0.007484186,0.4725337,-0.8812717,-0.00401299;
photon,CannonWall,default,1,1,1,0,1,1,1,1.0,1.0,-998.3895,94.77484,-287.1387,0.006994993,-0.7338426,-0.01013515,-0.679208;
photon,CannonWall,default,1,1,1,0,1,1,1,1.0,1.0,-998.2585,108.5629,-286.386,0.001180344,-0.724888,-0.001286289,-0.6888646;
custom,tower1,default,1,1,1,0,1,1,1,1.0,1.0,199.0854,43.4575,766.7589,0,0.6762996,0,0.7366266;
custom,tower1,default,1,1,1,0,1,1,1,1.0,1.0,131.5213,33.30304,481.4408,0,0.978796,0,0.2048375;
custom,tower1,default,1,1,1,0,1,1,1,1.0,1.0,-642.0793,50.61344,376.2609,0,0.06418832,0,0.9979378;
custom,tower1,default,1,1,1,0,1,1,1,1.0,1.0,-593.7473,50.55105,101.1616,0,0.3016254,0,0.9534265;
base,aot_supply,default,1,1,1,0,1,1,1,1.0,1.0,-573.6037,202.0697,133.1253,0.6905118,0.2632307,-0.301747,0.6023719;
photon,CannonWall,default,1,1,1,0,1,1,1,1.0,1.0,-571.0535,203.1736,135.3006,0,0.9365386,0,0.3505644;
photon,CannonWall,default,1,1,1,0,1,1,1,1.0,1.0,-571.2611,216.9895,134.9216,0,0.4043919,0,0.9145858;
custom,plane,default,1,1,1,0,1,1,1,1.0,1.0,36.58139,249.098,-211.5381,0,0.7733082,0,-0.6340303;
base,aot_supply,default,1,1,1,0,1,1,1,1.0,1.0,211.4377,0.566044,-279.9338,0,0.465647,0,-0.8849705;
base,aot_supply,default,1,1,1,0,1,1,1,1.0,1.0,729.2288,1.260139,-556.2498,0,0.8166146,0,0.5771834;
base,aot_supply,default,1,1,1,0,1,1,1,1.0,1.0,-535.4623,0.05454493,-494.1857,0,0.9441141,0,-0.3296189;
base,aot_supply,default,1,1,1,0,1,1,1,1.0,1.0,-276.3846,0.6884569,-458.2682,0,0.524458,0,-0.8514363;
base,aot_supply,default,1,1,1,0,1,1,1,1.0,1.0,-10.79158,0.3654556,-217.8188,0,0.6945695,0,0.7194257;
base,aot_supply,default,1,1,1,0,1,1,1,1.0,1.0,86.01717,0.641261,-198.0978,0,0.7248622,0,-0.688894;
base,aot_supply,default,1,1,1,0,1,1,1,1.0,1.0,46.91463,0.693652,-280.0675,0,0.05247611,0,-0.9986222;
base,aot_supply,default,1,1,1,0,1,1,1,1.0,1.0,-229.7985,1.361992,-460.4186,0,-0.05957399,0,-0.9982239;
base,aot_supply,default,1,1,1,0,1,1,1,1.0,1.0,-264.5341,1.086984,-501.2983,0,0.9150292,0,-0.4033878;
base,aot_supply,default,1,1,1,0,1,1,1,1.0,1.0,-517.2489,1.024221,168.0679,0,-0.08216498,0,-0.9966187;
base,aot_supply,default,1,1,1,0,1,1,1,1.0,1.0,-532.3814,0.5360849,-167.3475,0,0.8719634,0,0.4895712;
base,aot_supply,default,1,1,1,0,1,1,1,1.0,1.0,-649.4711,0.3132858,-459.5789,0,0.6002543,0,-0.7998092;
base,aot_supply,default,1,1,1,0,1,1,1,1.0,1.0,414.2563,0.7091523,311.4655,0,-0.1738362,0,-0.9847746;
base,aot_supply,default,1,1,1,0,1,1,1,1.0,1.0,476.9563,0.3031671,-4.954133,0,0.4649814,0,0.8853204;
base,aot_supply,default,1,1,1,0,1,1,1,1.0,1.0,-19.17764,0.2139025,358.3827,0,0.1630238,0,0.9866222;
base,aot_supply,default,1,1,1,0,1,1,1,1.0,1.0,-387.3189,0.595919,246.686,0,0.9961849,0,-0.08726806;
base,aot_supply,default,1,1,1,0,1,1,1,1.0,1.0,551.2839,0.4097902,553.4297,0,0.7269377,0,0.6867034;
base,aot_supply,default,1,1,1,0,1,1,1,1.0,1.0,385.2909,0.08683994,438.2243,0,0.9852737,0,0.170985;
custom,wall4,default,50,50,50,0,1,1,1,1.0,1.0,1238.167,61.93276,9835.373,0,0.01936605,0,0.9998125;
custom,wall4,default,50,50,50,0,1,1,1,1.0,1.0,94.43052,263.2554,8983.666,0,0.002514511,0,-0.9999968;
custom,wall4,default,10,10,10,0,1,1,1,1.0,1.0,1166.558,11.28536,241.6633,0,0.7021849,0,0.7119946;
custom,tower1,default,1,1,1,0,1,1,1,1.0,1.0,276.4977,36.32258,510.2476,0,0.8953593,0,0.4453447;
custom,tower1,default,1,1,1,0,1,1,1,1.0,1.0,-12.69618,28.06571,807.8499,0,0.3101884,0,-0.9506751;