custom,plane,default,100000,1000000,100000,0,1,1,1,1.0,1.0,-391990.1,16.52454,-264165.8,0.02228525,0.8496394,-0.01001553,-0.526798;
custom,cone,default,10,10,10,0,1,1,1,1.0,1.0,645.8861,-33.12512,-635.2808,-0.006522953,0.1131285,0.05719328,-0.9919115;
custom,wall1,default,0.5,0.5,0.5,0,1,1,1,1.0,1.0,425.5797,0.7804074,-557.0873,0,0.994796,0,-0.1018867;
base,aot_supply,default,1,1,1,0,1,1,1,1.0,1.0,429.3169,-0.3214963,-506.0723,-0.000102557,-0.05876051,-0.001742321,-0.9982706;
spawnpoint,titan,-52.78065,2.385848,-541.8801,0,0.8003336,0,-0.599555;
spawnpoint,titan,-34.4333,3.257426,-578.9268,0,0.8717499,0,-0.4899511;
spawnpoint,titan,17.49053,1.151492,-589.3066,0,0.9871034,0,-0.1600841;
spawnpoint,titan,40.41151,2.951493,-599.6048,0,0.9871034,0,-0.1600841;
spawnpoint,titan,15.58946,-0.05625515,-566.8115,0,0.9833763,0,-0.1815794;
photon,CannonWall,default,1,1,1,0,1,1,1,1.0,1.0,325.5249,52.97313,-615.5476,0,0.5507194,0,-0.8346905;
photon,CannonWall,default,1,1,1,0,1,1,1,1.0,1.0,329.7183,53.09312,-596.4553,0.01627745,0.5708433,0.01017775,-0.8208346;
spawnpoint,titan,657.1394,1.39703,247.847,0,0.7711515,0,0.6366516;
spawnpoint,titan,635.531,-0.4029697,252.0135,0,0.7711515,0,0.6366516;
spawnpoint,playerC,422.3669,2.136394,-552.0455,0,0.5081972,0,-0.8612407;
custom,torus,default,5,5,5,0,1,1,1,1.0,1.0,648.7405,224.8371,-634.0511,0,0.9704943,0,-0.241124;
custom,tower2,default,5,5,5,0,1,1,1,1.0,1.0,-88.15971,-93.60761,-426.7238,0,0.5955285,0,-0.8033342;
custom,tower2,default,1,1,1,0,1,1,1,1.0,1.0,21.28619,-16.44139,-446.024,0,0.4194749,0,-0.907767;
custom,tower2,default,1,1,1,0,1,1,1,1.0,1.0,195.3207,-19.30031,-396.1362,0,0.2537275,0,0.9672758;
;
35467;
