//Unfinished, please identify if you can 
custom,cuboid,rock1,1000,1,1000,0,1,1,1,1000,1000,116.542,-219.0601,-3720.474,0,0.9998824,0,0.01533492;
racing,killCuboid,1000,1,1000,116.542,-218.6608,-3720.474,0,0.9998824,0,0.01533492;
racing,killCuboid,1,50,50,1508.733,-180.7497,592.1409,0,0.6866808,0,0.7269591;
racing,killCuboid,1,50,50,1506.604,-182.4699,683.9761,0,0.6866808,0,0.7269591;
racing,killCuboid,1,40,1,1262.157,-132.4498,670.119,0,0.9994253,0,0.03389916;
racing,killCuboid,1,40,1,1264.072,-130.9982,578.3306,0,0.6833321,0,0.7301077;
custom,cuboid,stone5,1,40,1,0,1,1,1,1,50,1264.293,-131.0629,578.1505,0,0.6873487,0,0.7263277;
custom,cuboid,stone5,1,40,1,0,1,1,1,1,50,1262.178,-132.464,670.1138,0,0.6822399,0,0.7311284;
racing,killCuboid,24,1,8.5,1360.325,-83.11311,628.9229,-0.008399589,0.0276463,0.2905809,-0.9564141;
custom,cuboid,stone5,1,30,1,0,1,1,1,1,30,1325.459,-210.2526,673.7139,0,0.9996524,0,0.02636193;
custom,cuboid,stone5,1,30,1,0,1,1,1,1,30,1329.8,-208.1975,581.8856,0,0.02999937,0,-0.9995499;
racing,killCuboid,1,1,8.5,1456.058,-147.1242,634.973,-0.479765,0.8769858,-0.0120871,0.02398564;
racing,killCuboid,1,11,20,1170.84,-189.0004,573.1558,0,0.7262253,0,-0.6874568;
racing,killCuboid,1,11,20,1165.548,-189.1539,663.183,0,0.7316352,0,-0.6816965;
racing,killCuboid,9.8,1,20,1168.268,-139.2888,617.9783,0,0.7266065,0,-0.6870539;
racing,killCuboid,1,12,10,1261.906,-74.74246,623.2336,0,0.02718168,0,-0.9996306;
racing,killTube,8,20,8,1194.007,-177.7976,619.2444,-0.011984,0.01206796,0.7045322,-0.7094682;
racing,killCuboid,1,11,1,1075.974,-189.198,567.8876,0,0.02141971,0,-0.9997706;
racing,killCuboid,1,11,1,1070.774,-189.0551,656.1707,0,0.6924191,0,0.7214956;
racing,killCuboid,1,11,30,925.6509,-189.258,649.7578,0,0.7235919,0,-0.6902281;
racing,killCuboid,1,11,25,956.1239,-189.2642,563.9969,0,0.7217441,0,-0.6921601;
custom,cuboid,crystal2,0.95,10,0.95,0,1,1,1,1.0,1.0,836.0527,-184.3423,559.0614,0,0.01420005,0,-0.9998992;
racing,killCuboid,1,11,80,791.1995,-189.2401,247.7192,0,0.9999123,0,0.01324294;
racing,killCuboid,1,11,72,842.1749,-189.3068,203.9237,0,0.9999632,0,0.008587697;
custom,cuboid,stone2,4.7,1,1,0,1,1,1,1,1,827.1523,-139.3915,-146.3602,0,0.001829233,0,0.9999983;
custom,cuboid,stone5,10.2,1,5,0,1,1,1,1.0,1.0,1730.635,-209.2157,650.7607,0,0.7266508,0,-0.6870071;
racing,killCuboid,4.9,1,80,816.3766,-139.2075,247.6387,0,0.007502848,0,-0.9999719;
racing,killCuboid,10,1,30,918.8025,-139.0692,603.6548,0,0.685161,0,0.7283917;
racing,endPrism,5,0.4,5,800.985,-174.1856,645.4485,0.1570629,-0.6787084,0.6869066,-0.2069919;
custom,cuboid,stone5,10.2,1,5,0,1,1,1,1.0,1.0,1667.71,-209.4546,647.1846,0,0.7265967,0,-0.6870643;
custom,cuboid,stone5,1,1,10,0,1,1,1,1.0,1.0,1707.634,-199.3583,613.4425,0,0.7267875,0,-0.6868625;
custom,cuboid,stone5,1,1,10,0,1,1,1,1.0,1.0,1703.527,-199.2745,685.3282,0,0.6860952,0,0.7275118;
racing,killCuboid,10.1,1.1,20.1,1192.493,63.43127,620.3726,0,0.7249579,0,-0.6887932;
custom,cuboid,stone5,10,1,20,0,1,1,1,1.0,1.0,1192.09,63.87949,619.8674,0,0.724964,0,-0.6887869;
racing,killCuboid,1,1.1,1.3,1651.395,-199.824,610.168,0,0.6866606,0,0.7269782;
racing,killCuboid,1,1.1,1.3,1647.449,-199.7365,682.1136,0,0.6876486,0,0.7260437;
racing,killCuboid,4,7,1,1166.753,101.7295,598.5615,0,0.7272463,0,-0.6863766;
racing,killCuboid,10.1,1.1,20.1,1113.516,145.4101,614.2142,0,0.7315992,0,-0.6817351;
racing,checkpointCuboid,10.2,20,1.3,1699.216,-176.4446,649.3732,0,0.6885954,0,0.7251459;
racing,killCuboid,10.2,50,1,1750.963,-180.6788,651.8755,0,0.725994,0,-0.687701;
racing,killCuboid,10.2,1,50,1506.358,62.79837,636.9308,0,0.7269908,0,-0.6866473;
racing,killCuboid,3.7,4,1,824.7778,-164.2172,-146.6944,0,0.0009295629,0,-0.9999996;
racing,killCuboid,1,3,30,804.5981,-198.7036,-302.045,0,0.9999601,0,0.008930311;
racing,killCuboid,1,3,30,850.9481,-198.3347,-303.4565,0,0.9999723,0,0.00743801;
racing,killCuboid,3.7,1,30,828.0359,-178.8633,-303.6629,0,-0.0086416,0,0.9999627;
custom,cuboid,stone7,3.7,1,1,0,1,1,1,1.0,1.0,830.6263,-178.8265,-448.536,0,0.009200349,0,-0.9999577;
racing,killCuboid,1,15,20,809.6123,-190.2344,-551.8579,0,0.9999487,0,0.01013412;
racing,killCuboid,1,15,20,854.615,-190.0241,-553.3339,0,0.9999781,0,0.006618184;
racing,killCuboid,4,1,60,834.6997,-120.3284,-752.2765,0,0.9999755,0,0.007002963;
racing,killCuboid,4,5,1,830.2478,-150.1146,-448.4273,0,0.999962,0,0.008725915;
racing,killCuboid,4,5,1,834.062,-192.11,-655.4449,0,-0.007541568,0,0.9999716;
racing,killCuboid,4,5,45,836.8624,-192.0557,-875.8102,0,0.9999665,0,0.008188016;
custom,cuboid,rock1,1,5,45,0,1,1,1,1.0,1.0,815.7941,-146.694,-1275.217,0,0.9999979,0,0.002050243;
racing,killCuboid,1.1,4.6,45.1,812.1018,-145.9104,-876.0145,0,0.9999746,0,0.007132533;
racing,killCuboid,1.1,4.6,45.1,860.5369,-144.6712,-878.5033,0,0.9999689,0,0.007889555;
custom,cuboid,rock1,1,5,45,0,1,1,1,1.0,1.0,866.2286,-146.9755,-1278.648,0,0.9999741,0,0.007190988;
custom,cylinder,rock1,1,2.5,1,0,1,1,1,1.0,1.0,869.4479,-146.9598,-1503.182,0,0.4114561,0,0.9114296;
custom,cylinder,rock1,1,2.5,1,0,1,1,1,1.0,1.0,816.7267,-146.6485,-1499.885,0,0.002940155,0,0.9999957;
custom,cuboid,stone1,1,5,50,0,1,1,1,1.0,1.0,599.256,-146.5695,-1702.721,0,0.9065819,0,-0.42203;
custom,cuboid,stone1,1,5,50,0,1,1,1,1.0,1.0,633.4214,-146.9517,-1744.713,0,0.9086994,0,-0.417451;
custom,cylinder,stone1,1,2.5,1,0,1,1,1,1.0,1.0,790.0756,-146.5433,-1542.12,0,0.9449887,0,0.3271031;
custom,cylinder,stone1,1,2.5,1,0,1,1,1,1.0,1.0,822.4756,-146.825,-1582.381,0,0.5478419,0,-0.8365819;
custom,cylinder,stone1,1,2.5,1,0,1,1,1,1.0,1.0,443.8316,-146.9515,-1907.531,0,0.4032163,0,0.9151047;
custom,cylinder,stone1,1,2.5,1,0,1,1,1,1.0,1.0,408.1967,-146.3879,-1863.494,0,0.8790593,0,0.4767124;
misc,barrier,100,1,100,807.1237,-176.3423,-1605.928,0,-0.01110937,0,0.9999383;
misc,barrier,1,5,5,802.5972,-146.5392,-1520.881,0,0.2733528,0,0.9619139;
misc,barrier,1,5,10,847.1397,-146.6182,-1542.569,0,0.2666933,0,0.9637815;
misc,barrier,1,5,10,415.6552,-146.7255,-1888.011,0,0.9419124,0,0.3358587;
misc,barrier,100,1,100,900.7532,-117.2975,-1551.118,0,0.7104098,0,0.7037883;
spawnpoint,playerC,464.9961,-155.3739,-1852.654,0,0.9271161,0,-0.3747743;
spawnpoint,playerM,461.3235,-153.974,-1848.426,0,0.9271161,0,-0.3747743;
custom,cuboid,stone7,1,1,3.6,0,1,1,1,1.0,1.0,827.3852,-178.8272,-295.9299,0,0.7145345,0,-0.6996003;
racing,killCuboid,9.8,1,20,1165.424,-17.23356,616.437,0,0.727237,0,-0.6863864;
custom,cuboid,stone5,9.5,69.5,0.9,0,1,1,1,7,10,1071.144,330.5669,610.8842,0,0.6875953,0,0.7260942;
racing,killCuboid,9.7,70.1,1.1,1070.435,327.6275,611.6108,0,0.6869113,0,0.7267413;
racing,killCuboid,1,70,20,1163.004,328.0787,662.7313,0,0.7318164,0,-0.681502;
racing,killCuboid,1,70,20,1167.397,328.2215,573.5716,0,0.724686,0,-0.6890794;
racing,startCuboid,1,11,10,507.1128,-116.6988,-1816.218,0,0.9388767,0,0.3442537;
racing,killCuboid,4,7,1,1197.841,103.1316,652.9634,0,0.9649186,0,-0.2625491;
racing,killCuboid,10,1,1,1208.59,145.8832,620.1733,0,0.7321879,0,-0.6811028;
racing,endPrism,1,0.1,1,1146.823,210.3059,627.4045,0,0.7254812,0,-0.688242;
racing,killCuboid,4.55,1.05,20.05,1165.689,208.8583,600.8949,0,0.7251285,0,-0.6886136;
racing,killCuboid,1.02,1.02,9.02,1120.01,208.9984,626.3197,0,0.7249252,0,-0.6888277;
racing,killCuboid,1.01,1.01,6.01,1234.134,209.1,632.2071,0,0.7256417,0,-0.6880728;
racing,killCuboid,2.7,1.02,20.1,1162.792,209.036,646.6242,0,0.7263643,0,-0.68731;
custom,cuboid,stone5,7,1,20,0,1,1,1,1.0,1.0,1173.883,296.6622,613.7791,0,0.7248896,0,-0.6888651;
racing,killCuboid,4.5,4,20,1165.737,233.992,601.1654,0,0.725574,0,-0.6881442;
racing,killCuboid,2.5,4,20,1163.225,234.1006,645.7523,0,0.7260991,0,-0.6875902;
racing,killCuboid,7.01,1.01,20,1174.007,296.6486,613.788,0,0.7249534,0,-0.688798;
custom,cuboid,stone2,1,2,1,0,1,1,1,1.0,1.0,1082.285,310.9644,579.2151,0,0.9996947,0,0.02470906;
custom,cylinder,stone2,0.5,0.5,0.5,0,1,1,1,1.0,1.0,1082.307,316.6255,579.1059,0,0.7638962,0,-0.6453392;
racing,checkpointCylinder,0.47,0.2,0.47,1082.278,323.5428,579.1219,0,0.745332,0,-0.6666935;
custom,cylinder,stone2,0.5,0.02,0.5,0,1,1,1,1.0,1.0,1082.201,325.6774,579.1827,0,0.7453638,0,-0.666658;
custom,sphere,metal1,0.6,0.6,0.6,0,1,1,1,1.0,1.0,1660.555,-191.8951,610.4299,0,0.9063146,0,-0.4226036;
custom,sphere,metal1,0.6,0.6,0.6,0,1,1,1,1.0,1.0,1658.21,-192.0811,683.1753,0,0.7178455,0,-0.6962025;
custom,cylinder,stone2,0.28,1,0.28,0,1,1,1,1.0,1.0,1082.224,335.4963,579.1763,0,0.8410786,0,-0.5409129;
racing,killCylinder,0.29,1,0.29,1082.232,335.5559,579.2118,0,0.8418359,0,-0.5397338;
racing,killCuboid,1,6,6,1103.932,330.7827,627.1844,0,0.7261289,0,-0.6875587;
racing,killCuboid,1,6,6,1159.41,330.7217,617.7593,0,-0.8308769,0,-0.5564562;
racing,killCuboid,1,6,1,1182.484,330.7041,608.2398,0,0.5624415,0,-0.8268371;
racing,killCuboid,3.1,3,1,1184.828,300.7631,594.8969,0,0.7234743,0,-0.6903514;
racing,killCuboid,3.1,3,1,1184.65,345.4026,594.7986,0,0.728276,0,-0.6852839;
racing,killCuboid,1,6,1,1185.301,330.4337,584.3,0,0.7202146,0,-0.6937515;
custom,cuboid,stone5,4,0.5,7,0,1,1,1,1.0,1.0,1099.794,358.2027,611.8552,0,0.726394,0,-0.6872786;
racing,endPrism,0.8,0.8,0.8,1184.005,308.8918,596.9105,-0.6872159,0.6776264,0.1675819,0.2011793;
racing,checkpointCuboid,4.1,0.6,7.1,1099.311,358.2366,612.2516,0,0.7262376,0,-0.6874439;
racing,killCuboid,4.15,0.65,7.15,1099.24,358.3858,612.228,0,0.7261934,0,-0.6874905;
racing,killCuboid,3,25,3,1121.302,485.0167,586.1132,0,0.726442,0,-0.6872278;
custom,cylinder,metal2,0.2,12.5,0.2,1,1,1,1,1.0,1.0,1119.95,485.0299,586.6252,0,0.7710707,0,-0.6367495;
racing,killCuboid,3,12.5,3,1089.824,422.6643,614.5278,0,0.7174651,0,-0.6965945;
racing,killCuboid,3,9,3,1089.788,564.995,614.5429,0,0.7204035,0,-0.6935552;
racing,killCuboid,0.1,3,4.5,1089.204,500.2804,615.5883,0,0.3959939,0,-0.9182532;
racing,endPrism,2,2,2,1088.16,378.1527,615.2047,-0.7076362,0.02652852,-0.03156251,-0.705373;
racing,killCuboid,0.1,1,4,1085.762,518.4955,618.9207,0,0.3952641,0,-0.9185676;
racing,killCuboid,10,0.5,20,1234.469,358.3938,620.0385,0,0.7284037,0,-0.6851483;
racing,killCuboid,10,60,1,1269.817,300.6626,624.4824,0,0.724924,0,-0.6888289;
racing,killCuboid,5,1,5,1081.895,605.143,574.3829,0,0.7267815,0,-0.6868687;
racing,killSphere,1.5,8.5,1.5,1099.278,496.7848,623.8497,0,0.9308384,0,-0.365431;
racing,killCuboid,2.5,0.6,7,1097.918,357.9062,641.0294,0,0.7284311,0,-0.6851191;
racing,endCuboid,2,0.2,7,1098.04,358.9943,643.553,0,0.7285781,0,-0.6849628;
racing,killCuboid,0.5,0.2,1,1081.902,346.2366,579.132,0,0.7209653,0,-0.6929712;
racing,endCuboid,0.25,0.1,1,1081.132,346.4145,579.0713,0,0.7210927,0,-0.6928387;
custom,cuboid,lava1,2,5,0.4,0,1,1,1,1.0,1.0,1266.795,575.6296,625.1116,0,0.7251115,0,-0.6886315;
custom,cuboid,lava1,70,1,10,0,1,1,1,1.0,1.0,1589.186,684.614,642.7628,0.00522639,0.02644364,-0.1938217,-0.9806664;
racing,killCuboid,70.1,0.2,10.1,1586.651,690.0187,641.791,0.01670046,0.0296111,-0.192467,-0.9807144;
racing,killCuboid,70.1,0.2,10.1,1597.605,767.4941,643.6157,0.005850268,0.02861321,-0.1352443,-0.9903818;
racing,killCuboid,70.1,0.2,10.1,1593.236,681.0764,640.9251,0.0008004993,0.02606345,-0.1935398,-0.9807459;
racing,checkpointCuboid,1,1,10.1,1916.021,819.0462,659.5903,-0.1975973,0.9799384,-0.004873463,0.02553794;
racing,killCuboid,1.1,1.1,10.2,1915.758,819.4292,659.4179,-0.1945375,0.9806029,-0.003907804,0.02361928;
racing,killCuboid,70.2,0.2,10.2,1612.343,668.4158,643.6218,0.004093541,0.02602999,-0.2013789,-0.9791589;
racing,killCuboid,72.2,0.2,10.2,1603.158,637.3439,642.0207,-0.00617724,-0.02654181,0.2023512,0.9789338;
racing,killCuboid,10.2,0.2,10,1959.761,818.6143,664.8572,-0.8707868,0.4906182,-0.02727596,0.01673934;
racing,killCuboid,7,0.2,10,1963.932,790.6224,662.7935,-0.0122911,0.02272103,0.263587,-0.9642897;
custom,prism,lava1,2,2,2,0,1,1,1,1.0,1.0,1947.588,856.8967,663.9368,-0.838921,0.4739933,-0.2293798,-0.137575;
custom,cuboid,lava1,2,1,10,0,1,1,1,1.0,1.0,1281.749,498.101,625.2399,-0.2078314,0.9777297,-0.005776795,0.02858981;
custom,prism,lava1,2,1,2,0,1,1,1,1.0,1.0,1969.088,820.0702,658.6575,0.08825213,0.2325117,-0.4689269,0.8475007;