custom,cuboid,WoodPlanksBeamed0010_S,1,1,1,0,1,1,1,1.0,1.0,-31.52781,214.6791,226.6904,0,1,0,-2.8213E-07;
custom,cuboid,windmilltex,1,1,1,0,1,1,1,1.0,1.0,-31.52781,214.6791,226.6904,0,1,0,-2.8213E-07;
custom,cuboid,wagontex,1,1,1,0,1,1,1,1.0,1.0,-31.52781,214.6791,226.6904,0,1,0,-2.8213E-07;
custom,cuboid,village2tex,1,1,1,0,1,1,1,1.0,1.0,-31.52781,214.6791,226.6904,0,1,0,-2.8213E-07;
custom,cuboid,trunktex,1,1,1,0,1,1,1,1.0,1.0,-31.52781,214.6791,226.6904,0,1,0,-2.8213E-07;
custom,cuboid,towertex,1,1,1,0,1,1,1,1.0,1.0,-31.52781,214.6791,226.6904,0,1,0,-2.8213E-07;
custom,cuboid,stitan,1,1,1,0,1,1,1,1.0,1.0,-31.52781,214.6791,226.6904,0,1,0,-2.8213E-07;
custom,cuboid,sspawnt,1,1,1,0,1,1,1,1.0,1.0,-31.52781,214.6791,226.6904,0,1,0,-2.8213E-07;
custom,cuboid,sspawnplayerM,1,1,1,0,1,1,1,1.0,1.0,-31.52781,214.6791,226.6904,0,1,0,-2.8213E-07;
custom,cuboid,sspawnplayerC,1,1,1,0,1,1,1,1.0,1.0,-31.52781,214.6791,226.6904,0,1,0,-2.8213E-07;
custom,cuboid,spunk,1,1,1,0,1,1,1,1.0,1.0,-31.52781,214.6791,226.6904,0,1,0,-2.8213E-07;
custom,cuboid,splayer,1,1,1,0,1,1,1,1.0,1.0,-31.52781,214.6791,226.6904,0,1,0,-2.8213E-07;
custom,cuboid,sannie,1,1,1,0,1,1,1,1.0,1.0,-31.52781,214.6791,226.6904,0,1,0,-2.8213E-07;
custom,cuboid,rock2tex,1,1,1,0,1,1,1,1.0,1.0,-31.52781,214.6791,226.6904,0,1,0,-2.8213E-07;
custom,cuboid,pillar2tex,1,1,1,0,1,1,1,1.0,1.0,-31.52781,214.6791,226.6904,0,1,0,-2.8213E-07;
custom,cuboid,pillar_col,1,1,1,0,1,1,1,1.0,1.0,-31.52781,214.6791,226.6904,0,1,0,-2.8213E-07;
custom,cuboid,log1tex,1,1,1,0,1,1,1,1.0,1.0,-31.52781,214.6791,226.6904,0,1,0,-2.8213E-07;
custom,cuboid,HousesONE,1,1,1,0,1,1,1,1.0,1.0,-31.52781,214.6791,226.6904,0,1,0,-2.8213E-07;
custom,cuboid,Church_Texture_Red,1,1,1,0,1,1,1,1.0,1.0,-31.52781,214.6791,226.6904,0,1,0,-2.8213E-07;
custom,cuboid,cave1tex,1,1,1,0,1,1,1,1.0,1.0,-31.52781,214.6791,226.6904,0,1,0,-2.8213E-07;
custom,cuboid,castle1tex,1,1,1,0,1,1,1,1.0,1.0,-31.52781,214.6791,226.6904,0,1,0,-2.8213E-07;
custom,cuboid,canaltex,1,1,1,0,1,1,1,1.0,1.0,-31.52781,214.6791,226.6904,0,1,0,-2.8213E-07;
custom,cuboid,bombtex,1,1,1,0,1,1,1,1.0,1.0,-31.52781,214.6791,226.6904,0,1,0,-2.8213E-07;
custom,cuboid,arena2tex,1,1,1,0,1,1,1,1.0,1.0,-31.52781,214.6791,226.6904,0,1,0,-2.8213E-07;