//heya, frog here, you can skip the starting barrier, if someone has a fix hmu and ill move this back
map,disablebounds;
custom,cuboid,default,1000,1,1000,1,1,1,1,1,1,0,299,0,0,0,0,1;
custom,cuboid,stone4,1,7,10,0,0,0,0,1,1,45,335,15,0,0,0,1;
custom,cuboid,stone4,1,7,10,0,0,0,0,1,1,-45,335,15,0,0,0,1;
custom,cuboid,stone4,1,7,10,0,0,0,0,1,1,-45,335,105,0,0,0,1;
custom,cuboid,stone4,1,7,10,0,0,0,0,1,1,45,335,105,0,0,0,1;
custom,cuboid,stone4,1,7,10,0,0,0,0,1,1,-45,335,195,0,0,0,1;
custom,cuboid,stone4,1,7,10,0,0,0,0,1,1,45,335,195,0,0,0,1;
custom,cuboid,stone4,1,7,10,0,0,0,0,1,1,45,335,285,0,0,0,1;
custom,cuboid,stone4,1,7,10,0,0,0,0,1,1,-45,335,285,0,0,0,1;
custom,cuboid,stone4,1,7,10,0,0,0,0,1,1,-45,335,375,0,0,0,1;
custom,cuboid,stone4,1,7,10,0,0,0,0,1,1,45,335,375,0,0,0,1;
custom,cuboid,stone4,1,7,10,0,0,0,0,1,1,-45,335,465,0,0,0,1;
custom,cuboid,stone4,10,7,1,0,0,0,0,1,1,0,335,510,0,0,0,1;
custom,cuboid,stone4,10,7,1,0,0,0,0,1,1,90,335,420,0,0,0,1;
custom,cuboid,stone4,10,7,1,0,0,0,0,1,1,180,335,420,0,0,0,1;
custom,cuboid,stone4,10,7,1,0,0,0,0,1,1,270,335,420,0,0,0,1;
custom,cuboid,stone4,10,7,1,0,0,0,0,1,1,360,335,420,0,0,0,1;
custom,cuboid,stone4,10,7,1,0,0,0,0,1,1,90,335,510,0,0,0,1;
custom,cuboid,stone4,10,7,1,0,0,0,0,1,1,180,335,510,0,0,0,1;
custom,cuboid,stone4,10,7,1,0,0,0,0,1,1,270,335,510,0,0,0,1;
custom,cuboid,stone4,10,7,1,0,0,0,0,1,1,360,335,510,0,0,0,1;
custom,cuboid,stone4,10,7,1,0,0,0,0,1,1,450,335,510,0,0,0,1;
custom,cuboid,stone4,10,7,1,0,0,0,0,1,1,450,335,330,0,0,0,1;
custom,cuboid,stone4,10,7,1,0,0,0,0,1,1,360,335,330,0,0,0,1;
custom,cuboid,stone4,10,7,1,0,0,0,0,1,1,270,335,330,0,0,0,1;
custom,cuboid,stone4,10,7,1,0,0,0,0,1,1,180,335,330,0,0,0,1;
custom,cuboid,stone4,10,7,1,0,0,0,0,1,1,90,335,240,0,0,0,1;
custom,cuboid,stone4,10,7,1,0,0,0,0,1,1,180,335,240,0,0,0,1;
custom,cuboid,stone4,10,7,1,0,0,0,0,1,1,270,335,240,0,0,0,1;
custom,cuboid,stone4,10,7,1,0,0,0,0,1,1,360,335,240,0,0,0,1;
custom,cuboid,stone4,10,7,1,0,0,0,0,1,1,450,335,240,0,0,0,1;
custom,cuboid,stone4,10,7,1,0,0,0,0,1,1,540,335,330,0,0,0,1;
custom,cuboid,stone4,10,7,1,0,0,0,0,1,1,540,335,240,0,0,0,1;
custom,cuboid,stone4,1,7,10,0,0,0,0,1,1,495,335,465,0,0,0,1;
custom,cuboid,stone4,1,7,10,0,0,0,0,1,1,495,335,375,0,0,0,1;
custom,cuboid,stone4,1,7,10,0,0,0,0,1,1,675,335,285,0,0,0,1;
custom,cuboid,stone4,1,7,10,0,0,0,0,1,1,675,335,195,0,0,0,1;
custom,cuboid,stone4,1,7,10,0,0,0,0,1,1,585,335,195,0,0,0,1;
custom,cuboid,stone4,10,7,1,0,0,0,0,1,1,630,335,330,0,0,0,1;
custom,cuboid,stone4,10,7,1,0,0,0,0,1,1,0.1928983,335.0001,-29.5357,0,0,0,1;
custom,cuboid,stone4,7,7,1,0,0,0,0,1,1,615,335,180,0,0,0,1;
custom,cuboid,stone4,7,7,1,0,0,0,0,1,1,645,335,150,0,0,0,1;
racing,killCuboid,7,7,1,615,335,240,0,0,0,1;
custom,cuboid,stone4,7,7,1,0,0,0,0,1,1,645,335,210,0,0,0,1;
custom,cuboid,stone4,1,7,10,0,0,0,0,1,1,585,335,105,0,0,0,1;
custom,cuboid,stone4,1,7,10,0,0,0,0,1,1,675,335,105,0,0,0,1;
custom,cuboid,stone4,1,7,10,0,0,0,0,1,1,675,335,15,0,0,0,1;
custom,cuboid,stone4,1,7,10,0,0,0,0,1,1,585,335,15,0,0,0,1;
custom,cuboid,stone4,1,7,10,0,0,0,0,1,1,585,335,-75,0,0,0,1;
custom,cuboid,stone4,1,7,10,0,0,0,0,1,1,675,335,-75,0,0,0,1;
custom,cuboid,stone4,1,7,10,0,0,0,0,1,1,675,335,-165,0,0,0,1;
custom,cuboid,stone4,1,7,10,0,0,0,0,1,1,585,335,-165,0,0,0,1;
custom,cuboid,stone4,1,7,10,0,0,0,0,1,1,585,335,-255,0,0,0,1;
custom,cuboid,stone4,1,7,10,0,0,0,0,1,1,675,335,-255,0,0,0,1;
custom,cuboid,stone4,1,7,10,0,0,0,0,1,1,675,335,-345,0,0,0,1;
custom,cuboid,stone4,1,7,10,0,0,0,0,1,1,585,335,-345,0,0,0,1;
custom,cuboid,stone4,1,7,10,0,0,0,0,1,1,675,335,-435,0,0,0,1;
custom,cuboid,stone4,1,7,10,0,0,0,0,1,1,585,335,-435,0,0,0,1;
custom,cuboid,stone4,1,7,10,0,0,0,0,1,1,675,335,-525,0,0,0,1;
custom,cuboid,stone4,1,7,10,0,0,0,0,1,1,585,335,-525,0,0,0,1;
custom,cuboid,stone4,1,7,10,0,0,0,0,1,1,585,335,-615,0,0,0,1;
custom,cuboid,stone4,1,7,10,0,0,0,0,1,1,675,335,-615,0,0,0,1;
custom,cuboid,stone4,1,7,10,0,0,0,0,1,1,675,335,-705,0,0,0,1;
custom,cuboid,stone4,1,7,10,0,0,0,0,1,1,585,335,-705,0,0,0,1;
custom,cuboid,stone4,1,7,10,0,0,0,0,1,1,675,335,-795,0,0,0,1;
custom,cuboid,stone4,1,7,10,0,0,0,0,1,1,510,335,-795,0,0,0,1;
custom,cuboid,stone4,1,7,10,0,0,0,0,1,1,510,335,-705,0,0,0,1;
custom,cuboid,stone4,1,7,10,0,0,0,0,1,1,510,335,-615,0,0,0,1;
custom,cuboid,stone4,1,7,10,0,0,0,0,1,1,510,335,-525,0,0,0,1;
custom,cuboid,stone4,1,7,10,0,0,0,0,1,1,510,335,-435,0,0,0,1;
custom,cuboid,stone4,1,7,10,0,0,0,0,1,1,420,335,-345,0,0,0,1;
custom,cuboid,stone4,10,7,1,0,0,0,0,1,1,540,335,-300,0,0,0,1;
custom,cuboid,stone4,10,7,1,0,0,0,0,1,1,465,335,-300,0,0,0,1;
custom,cuboid,stone4,10,7,1,0,0,0,0,1,1,555,335,-840,0,0,0,1;
custom,cuboid,stone4,10,7,1,0,0,0,0,1,1,630,335,-840,0,0,0,1;
custom,cuboid,stone4,10,7,1,0,0,0,0,1,1,465,335,-480,0,0,0,1;
custom,cuboid,stone4,10,7,1,0,0,0,0,1,1,375,335,-480,0,0,0,1;
custom,cuboid,stone4,10,7,1,0,0,0,0,1,1,375,335,-390,0,0,0,1;
custom,cuboid,stone4,10,7,1,0,0,0,0,1,1,285,335,-390,0,0,0,1;
custom,cuboid,stone4,10,7,1,0,0,0,0,1,1,285,335,-480,0,0,0,1;
custom,cuboid,stone4,10,7,1,0,0,0,0,1,1,195,335,-390,0,0,0,1;
custom,cuboid,stone4,10,7,1,0,0,0,0,1,1,195,335,-480,0,0,0,1;
custom,cuboid,stone4,1,7,5.7,0,0,0,0,1,1,150,335,-405,0,0,0,1;
custom,cuboid,stone4,1,7,5.7,0,0,0,0,1,1,150,335,-465,0,0,0,1;
racing,killCuboid,1,7,5.7,150,335,-465,0,0,0,1;
racing,killCuboid,1,7,5.7,150,335,-390,0,0,0,1;
custom,cuboid,stone4,10,7,1,0,0,0,0,1,1,105,335,-480,0,0,0,1;
custom,cuboid,stone4,10,7,1,0,0,0,0,1,1,105,335,-390,0,0,0,1;
custom,cuboid,stone4,10,7,1,0,0,0,0,1,1,15,335,-390,0,0,0,1;
custom,cuboid,stone4,10,7,1,0,0,0,0,1,1,15,335,-480,0,0,0,1;
custom,cuboid,stone4,10,7,1,0,0,0,0,1,1,-75,335,-480,0,0,0,1;
custom,cuboid,stone4,10,7,1,0,0,0,0,1,1,-75,335,-390,0,0,0,1;
custom,cuboid,stone4,10,7,1,0,0,0,0,1,1,-165,335,-390,0,0,0,1;
custom,cuboid,stone4,10,7,1,0,0,0,0,1,1,-165,335,-480,0,0,0,1;
custom,cuboid,stone4,10,7,1,0,0,0,0,1,1,-255,335,-390,0,0,0,1;
custom,cuboid,stone4,10,7,1,0,0,0,0,1,1,-255,335,-480,0,0,0,1;
custom,cuboid,stone4,10,7,1,0,0,0,0,1,1,-345,335,-480,0,0,0,1;
custom,cuboid,stone4,10,7,1,0,0,0,0,1,1,-345,335,-390,0,0,0,1;
custom,cuboid,stone4,10,7,1,0,0,0,0,1,1,-435,335,-390,0,0,0,1;
custom,cuboid,stone4,10,7,1,0,0,0,0,1,1,-435,335,-480,0,0,0,1;
custom,cuboid,stone4,1,7,5.6,0,0,0,0,1,1,-300.0289,335,-404.4007,0,0,0,1;
custom,cuboid,stone4,1,7,5.6,0,0,0,0,1,1,-300.0795,335.6,-465.8447,0.001745328,-1.492394E-10,1.663909E-13,0.9999985;
custom,cuboid,stone4,1,3.35,10,0,0,0,0,1,1,-300,316.75,-435,0,0,0,1;
custom,cuboid,stone4,1,3.35,10,0,0,0,0,1,1,-300,354.8502,-435,0,0,0,1;
racing,killCuboid,1,3.35,10,-300,354.8103,-435,0,0,0,1;
racing,killCuboid,1,3.35,10,-300,316.75,-435,0,0,0,1;
racing,killCuboid,1,7,5.6,-299.9615,335,-465.799,0,0,0,1;
racing,killCuboid,1,7,5.6,-300.0212,335.2,-404.5605,0,0,0,1;
custom,cuboid,stone4,10,7,1,0,0,0,0,1,1,-525,335,-390,0,0,0,1;
custom,cuboid,stone4,1,7,10,0,0,0,0,1,1,-570,335,-435,0,0,0,1;
custom,cuboid,stone4,1,7,10,0,0,0,0,1,1,-480,335,-525,0,0,0,1;
custom,cuboid,stone4,1,7,10,0,0,0,0,1,1,-570,335,-525,0,0,0,1;
custom,cuboid,stone4,1,7,10,0,0,0,0,1,1,-570,335,-615,0,0,0,1;
custom,cuboid,stone4,1,7,10,0,0,0,0,1,1,-480,335,-615,0,0,0,1;
custom,cuboid,stone4,1,7,10,0,0,0,0,1,1,-480,335,-705,0,0,0,1;
custom,cuboid,stone4,1,7,10,0,0,0,0,1,1,-570,335,-705,0,0,0,1;
custom,cuboid,stone4,1,7,10,0,0,0,0,1,1,-570,335,-795,0,0,0,1;
custom,cuboid,stone4,1,7,10,0,0,0,0,1,1,-480,335,-795,0,0,0,1;
custom,cuboid,stone4,1,7,10,0,0,0,0,1,1,-570,335,-885,0,0,0,1;
custom,cuboid,stone4,1,7,10,0,0,0,0,1,1,-480,335,-885,0,0,0,1;
custom,cuboid,stone4,1,7,10,0,0,0,0,1,1,-570,335,-975,0,0,0,1;
custom,cuboid,stone4,1,7,10,0,0,0,0,1,1,-390,335,-975,0,0,0,1;
custom,cuboid,stone4,1,7,10,0,0,0,0,1,1,-390,335,-885,0,0,0,1;
custom,cuboid,stone4,1,7,10,0,0,0,0,1,1,-390,335,-795,0,0,0,1;
custom,cuboid,stone4,1,7,10,0,0,0,0,1,1,-390,335,-705,0,0,0,1;
custom,cuboid,stone4,1,7,10,0,0,0,0,1,1,-390,335,-615,0,0,0,1;
custom,cuboid,stone4,10,7,1,0,0,0,0,1,1,-525,335,-1020,0,0,0,1;
custom,cuboid,stone4,10,7,1,0,0,0,0,1,1,-435,335,-1020,0,0,0,1;
custom,cuboid,stone4,10,7,1,0,0,0,0,1,1,-345,335,-570,0,0,0,1;
custom,cuboid,stone4,10,7,1,0,0,0,0,1,1,-255,335,-570,0,0,0,1;
custom,cuboid,stone4,10,7,1,0,0,0,0,1,1,-165,335,-570,0,0,0,1;
custom,cuboid,stone4,10,7,1,0,0,0,0,1,1,-75,335,-570,0,0,0,1;
custom,cuboid,stone4,10,7,1,0,0,0,0,1,1,15,335,-570,0,0,0,1;
custom,cuboid,stone4,10,7,1,0,0,0,0,1,1,105,335,-570,0,0,0,1;
custom,cuboid,stone4,10,7,1,0,0,0,0,1,1,195,335,-570,0,0,0,1;
custom,cuboid,stone4,10,7,1,0,0,0,0,1,1,285,335,-570,0,0,0,1;
custom,cuboid,stone4,10,7,1,0,0,0,0,1,1,375,335,-570,0,0,0,1;
custom,cuboid,stone4,10,7,1,0,0,0,0,1,1,465,335,-660,0,0,0,1;
custom,cuboid,stone4,10,7,1,0,0,0,0,1,1,375,335,-660,0,0,0,1;
custom,cuboid,stone4,10,7,1,0,0,0,0,1,1,285,335,-660,0,0,0,1;
custom,cuboid,stone4,10,7,1,0,0,0,0,1,1,195,335,-660,0,0,0,1;
custom,cuboid,stone4,1,7,10,0,0,0,0,1,1,60,335,-615,0,0,0,1;
custom,cuboid,stone4,1,7,10,0,0,0,0,1,1,150,335,-705,0,0,0,1;
custom,cuboid,stone4,1,7,10,0,0,0,0,1,1,60,335,-705,0,0,0,1;
custom,cuboid,stone4,1,7,10,0,0,0,0,1,1,60,335,-795,0,0,0,1;
custom,cuboid,stone4,1,7,10,0,0,0,0,1,1,150,335,-795,0,0,0,1;
racing,killCuboid,1,7,10,60,335,-975,0,0,0,1;
racing,killCuboid,1,7,10,150,335,-975,0,0,0,1;
racing,killCuboid,1,7,10,150,335,-1065,0,0,0,1;
racing,killCuboid,1,7,10,60,335,-1065,0,0,0,1;
racing,killCuboid,1,7,10,150,335,-885,0,0,0,1;
racing,killCuboid,1,7,10,60,335,-885,0,0,0,1;
racing,killCuboid,1,7,10,60,335,-1155,0,0,0,1;
racing,killCuboid,1,7,10,150,335,-1155,0,0,0,1;
racing,killCuboid,1,7,10,150,335,-1245,0,0,0,1;
racing,killCuboid,1,7,10,60,335,-1245,0,0,0,1;
racing,killCuboid,1,7,10,150,335,-1335,0,0,0,1;
racing,killCuboid,1,7,10,60,335,-1335,0,0,0,1;
racing,killCuboid,1,7,10,150,335,-1425,0,0,0,1;
racing,killCuboid,1,7,10,60,335,-1425,0,0,0,1;
racing,killCuboid,10,0.1,10,105,304.5002,-885,0,0,0,1;
racing,killCuboid,10,0.1,10,105,305.3405,-975,0,0,0,1;
racing,killCuboid,10,0.1,10,105,305.3003,-1065,0,0,0,1;
racing,killCuboid,10,0.1,10,105,305.1799,-1155,0,0,0,1;
racing,killCuboid,10,0.1,10,105,304.2602,-1245,0,0,0,1;
racing,killCuboid,10,0.1,10,105,303.6203,-1335,0,0,0,1;
racing,killCuboid,10,0.1,10,105,304.4601,-1425,0,0,0,1;
racing,killCuboid,1,7,10,150,335,-1515,0,0,0,1;
racing,killCuboid,1,7,10,60,335,-1515,0,0,0,1;
custom,cuboid,stone4,1,7,10,0,0,0,0,1,1,150,335,-1605,0,0,0,1;
custom,cuboid,stone4,1,7,10,0,0,0,0,1,1,60,335,-1605,0,0,0,1;
custom,cuboid,stone4,1,7,10,0,0,0,0,1,1,60,335,-1695,0,0,0,1;
custom,cuboid,stone4,10,7,1,0,0,0,0,1,1,105,335,-1740,0,0,0,1;
custom,cuboid,stone4,10,7,1,0,0,0,0,1,1,195,335,-1650,0,0,0,1;
custom,cuboid,stone4,10,7,1,0,0,0,0,1,1,285,335,-1650,0,0,0,1;
custom,cuboid,stone4,10,7,1,0,0,0,0,1,1,195,335,-1740,0,0,0,1;
custom,cuboid,stone4,10,7,1,0,0,0,0,1,1,285,335,-1740,0,0,0,1;
custom,cuboid,stone4,10,7,1,0,0,0,0,1,1,375,335,-1740,0,0,0,1;
custom,cuboid,stone4,10,7,1,0,0,0,0,1,1,465,335,-1740,0,0,0,1;
custom,cuboid,stone4,10,7,1,0,0,0,0,1,1,555,335,-1740,0,0,0,1;
custom,cuboid,stone4,10,7,1,0,0,0,0,1,1,645,335,-1740,0,0,0,1;
custom,cuboid,stone4,10,7,1,0,0,0,0,1,1,375,335,-1650,0,0,0,1;
custom,cuboid,stone4,10,7,1,0,0,0,0,1,1,465,335,-1650,0,0,0,1;
custom,cuboid,stone4,10,7,1,0,0,0,0,1,1,555,335,-1650,0,0,0,1;
custom,cuboid,stone4,10,7,1,0,0,0,0,1,1,645,335,-1650,0,0,0,1;
custom,cuboid,stone4,10,7,1,0,0,0,0,1,1,735,335,-1740,0,0,0,1;
custom,cuboid,stone4,10,7,1,0,0,0,0,1,1,735,335,-1650,0,0,0,1;
custom,cuboid,stone4,10,7,1,0,0,0,0,1,1,825,335,-1740,0,0,0,1;
racing,killCuboid,10,6.5,10,195,332.5,-1695,0,0,0,1;
racing,killCuboid,10,6.5,10,285,332.5,-1695,0,0,0,1;
racing,killCuboid,10,6.5,10,375,332.5,-1695,0,0,0,1;
racing,killCuboid,10,6.5,10,465,332.5,-1695,0,0,0,1;
racing,killCuboid,10,6.5,10,555,332.5,-1695,0,0,0,1;
racing,killCuboid,10,6.5,10,660,342.4573,-1695,0,0,0,1;
racing,killCuboid,10,6.5,10,748.0679,342.4987,-1695.741,0,0,0,1;
custom,cuboid,stone4,10,7,1,0,0,0,0,1,1,825,335.1578,-1650,0,0,0,1;
custom,cuboid,stone4,10,7,1,0,0,0,0,1,1,915,335.2369,-1650,0,0,0,1;
custom,cuboid,stone4,10,7,1,0,0,0,0,1,1,915,334.9984,-1740,0,0,0,1;
custom,cuboid,stone4,10,7,1,0,0,0,0,1,1,1005,334.8383,-1740,0,0,0,1;
custom,cuboid,stone4,10,7,1,0,0,0,0,1,1,1005,335.278,-1650,0,0,0,1;
custom,cuboid,stone4,10,7,1,0,0,0,0,1,1,1095,335.0379,-1650,0,0,-0.003490651,0.9999939;
custom,cuboid,stone4,10,7,1,0,0,0,0,1,1,1095,334.9587,-1740,0,0,0,1;
racing,endCuboid,5,7,5,1080,335.997,-1695,0,0,0,1;
misc,barrier,10000,50,10000,0,619.3546,0,0,0.06305235,0,0.9980102;
spawnpoint,playerC,0.8103515,305.3488,20.51457,0,0.9999844,0,-0.005593049;
custom,arc180,default,0.3,0.3,0.3,0,1,1,1,1.0,1.0,16.61954,338.9509,-24.9065,0.5076362,0.480048,0.5198232,0.4915722;
custom,cuboid,default,0.1,0.5,0.3,0,1,1,1,1.0,1.0,16.41506,335.5106,-25.93564,0,0.9999978,0,-0.002102417;
custom,tube,default,0.5,0.1,0.5,0,1,1,1,1.0,1.0,10.22219,335.3506,-24.246,0.001484559,0.7080919,0.7061173,-0.001488709;
custom,tube,default,0.5,0.1,0.5,0,1,1,1,1.0,1.0,-2.178053,335.1506,-24.27307,0.001486116,0.7073519,0.7068585,-0.001487154;
custom,cuboid,default,0.1,0.5,0.1,0,1,1,1,1.0,1.0,7.029543,335.1507,-22.48967,0.06627378,0.9977993,-0.0001393354,-0.002097796;
custom,arc90,default,0.3,0.1,0.5,0,1,1,1,1.0,1.0,3.419911,334.7506,-24.77199,0.001486636,0.7071052,0.7071054,-0.001486634;
custom,cuboid,default,0.5,0.1,0.1,0,1,1,1,1.0,1.0,4.019434,336.1506,-24.89329,0,0.9999978,0,-0.002102417;
custom,cuboid,default,0.1,0.8,0.1,0,1,1,1,1.0,1.0,-8.075539,338.6971,-24.99492,0,1,0,8.399884E-05;
custom,sphere,default,0.1,0.1,0.1,0,1,1,1,1.0,1.0,-8.035679,332.6969,-24.13946,0,0.9999014,0,0.01404617;
racing,startCuboid,10,7,1,7.878778,343.8469,146.9026,0,0.006570443,0,-0.9999784;