map,disablebounds;


















spawnpoint,playerC,0,70,-1900,0,1,0,0;
custom,cuboid,ice1,2,0.4,2,1,1,1,1,2,2,0,58,-1900,0,1,0,0;


custom,cuboid,metal4,9,9,2,1,1,1,1,0.9,0.9,0,60,-2000,0,1,0,0;

custom,cuboid,metal4,9,9,2,1,1,1,1,0.9,0.9,0,60,2000,0,1,0,0;

custom,cuboid,metal4,9,1,400,1,1,1,1,0.9,40,0,100,0,0,1,0,0;
custom,cuboid,metal4,9,1,400,1,1,1,1,0.9,40,0,20,0,0,1,0,0;
custom,cuboid,metal4,9,1,400,1,1,1,1,0.9,40,40,60,0,1,1,0,0;
custom,cuboid,metal4,9,1,400,1,1,1,1,0.9,40,-40,60,0,1,1,0,0;

racing,startcuboid,9,9,2,0,60,-1800,0,1,0,0;
racing,checkpointcuboid,9,9,0.8,0,60,-200,0,1,0,0;
racing,endcuboid,9,9,2,0,60,1800,0,1,0,0;

custom,cuboid,ice1,9.5,1.5,3,1,1,1,1,9.5,3,0,100,-1800,0,1,0,0;
custom,cuboid,ice1,9.5,1.5,3,1,1,1,1,9.5,3,0,20,-1800,0,1,0,0;
custom,cuboid,ice1,9.5,1.5,3,1,1,1,1,9.5,3,40,60,-1800,1,1,0,0;
custom,cuboid,ice1,9.5,1.5,3,1,1,1,1,9.5,3,-40,60,-1800,1,1,0,0;

custom,cuboid,default,9.6,1.6,2.1,1,0,0,0,9.6,2.1,0,100,-1800,0,1,0,0;
custom,cuboid,default,9.6,1.6,2.1,1,0,0,0,9.6,2.1,0,20,-1800,0,1,0,0;
custom,cuboid,default,9.6,1.6,2.1,1,0,0,0,9.6,2.1,40,60,-1800,1,1,0,0;
custom,cuboid,default,9.6,1.6,2.1,1,0,0,0,9.6,2.1,-40,60,-1800,1,1,0,0;

custom,cuboid,ice1,9.5,1.5,1,1,1,1,1,9.5,1,0,100,-1600,0,1,0,0;
custom,cuboid,ice1,9.5,1.5,1,1,1,1,1,9.5,1,0,20,-1600,0,1,0,0;
custom,cuboid,ice1,9.5,1.5,1,1,1,1,1,9.5,1,40,60,-1600,1,1,0,0;
custom,cuboid,ice1,9.5,1.5,1,1,1,1,1,9.5,1,-40,60,-1600,1,1,0,0;


custom,cuboid,ice1,9.5,1.5,1,1,1,1,1,9.5,1,0,100,-1400,0,1,0,0;
custom,cuboid,ice1,9.5,1.5,1,1,1,1,1,9.5,1,0,20,-1400,0,1,0,0;
custom,cuboid,ice1,9.5,1.5,1,1,1,1,1,9.5,1,40,60,-1400,1,1,0,0;
custom,cuboid,ice1,9.5,1.5,1,1,1,1,1,9.5,1,-40,60,-1400,1,1,0,0;


custom,cuboid,ice1,9.5,1.5,1,1,1,1,1,9.5,1,0,100,-1200,0,1,0,0;
custom,cuboid,ice1,9.5,1.5,1,1,1,1,1,9.5,1,0,20,-1200,0,1,0,0;
custom,cuboid,ice1,9.5,1.5,1,1,1,1,1,9.5,1,40,60,-1200,1,1,0,0;
custom,cuboid,ice1,9.5,1.5,1,1,1,1,1,9.5,1,-40,60,-1200,1,1,0,0;


custom,cuboid,ice1,9.5,1.5,1,1,1,1,1,9.5,1,0,100,-1000,0,1,0,0;
custom,cuboid,ice1,9.5,1.5,1,1,1,1,1,9.5,1,0,20,-1000,0,1,0,0;
custom,cuboid,ice1,9.5,1.5,1,1,1,1,1,9.5,1,40,60,-1000,1,1,0,0;
custom,cuboid,ice1,9.5,1.5,1,1,1,1,1,9.5,1,-40,60,-1000,1,1,0,0;


custom,cuboid,ice1,9.5,1.5,1,1,1,1,1,9.5,1,0,100,-800,0,1,0,0;
custom,cuboid,ice1,9.5,1.5,1,1,1,1,1,9.5,1,0,20,-800,0,1,0,0;
custom,cuboid,ice1,9.5,1.5,1,1,1,1,1,9.5,1,40,60,-800,1,1,0,0;
custom,cuboid,ice1,9.5,1.5,1,1,1,1,1,9.5,1,-40,60,-800,1,1,0,0;


custom,cuboid,ice1,9.5,1.5,1,1,1,1,1,9.5,1,0,100,-600,0,1,0,0;
custom,cuboid,ice1,9.5,1.5,1,1,1,1,1,9.5,1,0,20,-600,0,1,0,0;
custom,cuboid,ice1,9.5,1.5,1,1,1,1,1,9.5,1,40,60,-600,1,1,0,0;
custom,cuboid,ice1,9.5,1.5,1,1,1,1,1,9.5,1,-40,60,-600,1,1,0,0;


custom,cuboid,ice1,9.5,1.5,1,1,1,1,1,9.5,1,0,100,-400,0,1,0,0;
custom,cuboid,ice1,9.5,1.5,1,1,1,1,1,9.5,1,0,20,-400,0,1,0,0;
custom,cuboid,ice1,9.5,1.5,1,1,1,1,1,9.5,1,40,60,-400,1,1,0,0;
custom,cuboid,ice1,9.5,1.5,1,1,1,1,1,9.5,1,-40,60,-400,1,1,0,0;


custom,cuboid,ice1,9.5,1.5,1,1,1,1,1,9.5,1,0,100,-200,0,1,0,0;
custom,cuboid,ice1,9.5,1.5,1,1,1,1,1,9.5,1,0,20,-200,0,1,0,0;
custom,cuboid,ice1,9.5,1.5,1,1,1,1,1,9.5,1,40,60,-200,1,1,0,0;
custom,cuboid,ice1,9.5,1.5,1,1,1,1,1,9.5,1,-40,60,-200,1,1,0,0;








custom,cuboid,ice1,9.5,1.5,42,1,1,1,1,9.5,42,0,100,200,0,1,0,0;
custom,cuboid,ice1,9.5,1.5,42,1,1,1,1,9.5,42,0,20,200,0,1,0,0;
custom,cuboid,ice1,9.5,1.5,42,1,1,1,1,9.5,42,40,60,200,1,1,0,0;
custom,cuboid,ice1,9.5,1.5,42,1,1,1,1,9.5,42,-40,60,200,1,1,0,0;








custom,cuboid,ice1,9.5,1.5,1,1,1,1,1,9.5,1,0,100,600,0,1,0,0;
custom,cuboid,ice1,9.5,1.5,1,1,1,1,1,9.5,1,0,20,600,0,1,0,0;
custom,cuboid,ice1,9.5,1.5,1,1,1,1,1,9.5,1,40,60,600,1,1,0,0;
custom,cuboid,ice1,9.5,1.5,1,1,1,1,1,9.5,1,-40,60,600,1,1,0,0;


custom,cuboid,ice1,9.5,1.5,1,1,1,1,1,9.5,1,0,100,800,0,1,0,0;
custom,cuboid,ice1,9.5,1.5,1,1,1,1,1,9.5,1,0,20,800,0,1,0,0;
custom,cuboid,ice1,9.5,1.5,1,1,1,1,1,9.5,1,40,60,800,1,1,0,0;
custom,cuboid,ice1,9.5,1.5,1,1,1,1,1,9.5,1,-40,60,800,1,1,0,0;


custom,cuboid,ice1,9.5,1.5,1,1,1,1,1,9.5,1,0,100,1000,0,1,0,0;
custom,cuboid,ice1,9.5,1.5,1,1,1,1,1,9.5,1,0,20,1000,0,1,0,0;
custom,cuboid,ice1,9.5,1.5,1,1,1,1,1,9.5,1,40,60,1000,1,1,0,0;
custom,cuboid,ice1,9.5,1.5,1,1,1,1,1,9.5,1,-40,60,1000,1,1,0,0;


custom,cuboid,ice1,9.5,1.5,1,1,1,1,1,9.5,1,0,100,1200,0,1,0,0;
custom,cuboid,ice1,9.5,1.5,1,1,1,1,1,9.5,1,0,20,1200,0,1,0,0;
custom,cuboid,ice1,9.5,1.5,1,1,1,1,1,9.5,1,40,60,1200,1,1,0,0;
custom,cuboid,ice1,9.5,1.5,1,1,1,1,1,9.5,1,-40,60,1200,1,1,0,0;


custom,cuboid,ice1,9.5,1.5,1,1,1,1,1,9.5,1,0,100,1400,0,1,0,0;
custom,cuboid,ice1,9.5,1.5,1,1,1,1,1,9.5,1,0,20,1400,0,1,0,0;
custom,cuboid,ice1,9.5,1.5,1,1,1,1,1,9.5,1,40,60,1400,1,1,0,0;
custom,cuboid,ice1,9.5,1.5,1,1,1,1,1,9.5,1,-40,60,1400,1,1,0,0;


custom,cuboid,ice1,9.5,1.5,1,1,1,1,1,9.5,1,0,100,1600,0,1,0,0;
custom,cuboid,ice1,9.5,1.5,1,1,1,1,1,9.5,1,0,20,1600,0,1,0,0;
custom,cuboid,ice1,9.5,1.5,1,1,1,1,1,9.5,1,40,60,1600,1,1,0,0;
custom,cuboid,ice1,9.5,1.5,1,1,1,1,1,9.5,1,-40,60,1600,1,1,0,0;


custom,cuboid,ice1,9.5,1.5,3,1,1,1,1,9.5,3,0,100,1800,0,1,0,0;
custom,cuboid,ice1,9.5,1.5,3,1,1,1,1,9.5,3,0,20,1800,0,1,0,0;
custom,cuboid,ice1,9.5,1.5,3,1,1,1,1,9.5,3,40,60,1800,1,1,0,0;
custom,cuboid,ice1,9.5,1.5,3,1,1,1,1,9.5,3,-40,60,1800,1,1,0,0;

custom,cuboid,default,9.6,1.6,2.1,1,0,0,0,9.6,2.1,0,100,1800,0,1,0,0;
custom,cuboid,default,9.6,1.6,2.1,1,0,0,0,9.6,2.1,0,20,1800,0,1,0,0;
custom,cuboid,default,9.6,1.6,2.1,1,0,0,0,9.6,2.1,40,60,1800,1,1,0,0;
custom,cuboid,default,9.6,1.6,2.1,1,0,0,0,9.6,2.1,-40,60,1800,1,1,0,0;

custom,cuboid,default,9.6,1.6,0.9,1,0,0,0,9.6,0.9,0,100,-1600,0,1,0,0;
custom,cuboid,default,9.6,1.6,0.9,1,0,0,0,9.6,0.9,0,20,-1600,0,1,0,0;
custom,cuboid,default,9.6,1.6,0.9,1,0,0,0,9.6,0.9,40,60,-1600,1,1,0,0;
custom,cuboid,default,9.6,1.6,0.9,1,0,0,0,9.6,0.9,-40,60,-1600,1,1,0,0;


custom,cuboid,default,9.6,1.6,0.9,1,0,0,0,9.6,0.9,0,100,-1400,0,1,0,0;
custom,cuboid,default,9.6,1.6,0.9,1,0,0,0,9.6,0.9,0,20,-1400,0,1,0,0;
custom,cuboid,default,9.6,1.6,0.9,1,0,0,0,9.6,0.9,40,60,-1400,1,1,0,0;
custom,cuboid,default,9.6,1.6,0.9,1,0,0,0,9.6,0.9,-40,60,-1400,1,1,0,0;


custom,cuboid,default,9.6,1.6,0.9,1,0,0,0,9.6,0.9,0,100,-1200,0,1,0,0;
custom,cuboid,default,9.6,1.6,0.9,1,0,0,0,9.6,0.9,0,20,-1200,0,1,0,0;
custom,cuboid,default,9.6,1.6,0.9,1,0,0,0,9.6,0.9,40,60,-1200,1,1,0,0;
custom,cuboid,default,9.6,1.6,0.9,1,0,0,0,9.6,0.9,-40,60,-1200,1,1,0,0;


custom,cuboid,default,9.6,1.6,0.9,1,0,0,0,9.6,0.9,0,100,-1000,0,1,0,0;
custom,cuboid,default,9.6,1.6,0.9,1,0,0,0,9.6,0.9,0,20,-1000,0,1,0,0;
custom,cuboid,default,9.6,1.6,0.9,1,0,0,0,9.6,0.9,40,60,-1000,1,1,0,0;
custom,cuboid,default,9.6,1.6,0.9,1,0,0,0,9.6,0.9,-40,60,-1000,1,1,0,0;


custom,cuboid,default,9.6,1.6,0.9,1,0,0,0,9.6,0.9,0,100,-800,0,1,0,0;
custom,cuboid,default,9.6,1.6,0.9,1,0,0,0,9.6,0.9,0,20,-800,0,1,0,0;
custom,cuboid,default,9.6,1.6,0.9,1,0,0,0,9.6,0.9,40,60,-800,1,1,0,0;
custom,cuboid,default,9.6,1.6,0.9,1,0,0,0,9.6,0.9,-40,60,-800,1,1,0,0;


custom,cuboid,default,9.6,1.6,0.9,1,0,0,0,9.6,0.9,0,100,-600,0,1,0,0;
custom,cuboid,default,9.6,1.6,0.9,1,0,0,0,9.6,0.9,0,20,-600,0,1,0,0;
custom,cuboid,default,9.6,1.6,0.9,1,0,0,0,9.6,0.9,40,60,-600,1,1,0,0;
custom,cuboid,default,9.6,1.6,0.9,1,0,0,0,9.6,0.9,-40,60,-600,1,1,0,0;


custom,cuboid,default,9.6,1.6,0.9,1,0,0,0,9.6,0.9,0,100,-400,0,1,0,0;
custom,cuboid,default,9.6,1.6,0.9,1,0,0,0,9.6,0.9,0,20,-400,0,1,0,0;
custom,cuboid,default,9.6,1.6,0.9,1,0,0,0,9.6,0.9,40,60,-400,1,1,0,0;
custom,cuboid,default,9.6,1.6,0.9,1,0,0,0,9.6,0.9,-40,60,-400,1,1,0,0;


custom,cuboid,default,9.6,1.6,0.9,1,0,0,0,9.6,0.9,0,100,-200,0,1,0,0;
custom,cuboid,default,9.6,1.6,0.9,1,0,0,0,9.6,0.9,0,20,-200,0,1,0,0;
custom,cuboid,default,9.6,1.6,0.9,1,0,0,0,9.6,0.9,40,60,-200,1,1,0,0;
custom,cuboid,default,9.6,1.6,0.9,1,0,0,0,9.6,0.9,-40,60,-200,1,1,0,0;








custom,cuboid,stone6,9.6,1.6,41.9,1,0.5,0.2,0,9.6,41.9,0,100,200,0,1,0,0;
custom,cuboid,stone6,9.6,1.6,41.9,1,0.5,0.2,0,9.6,41.9,0,20,200,0,1,0,0;
custom,cuboid,stone6,9.6,1.6,41.9,1,0.5,0.2,0,9.6,41.9,40,60,200,1,1,0,0;
custom,cuboid,stone6,9.6,1.6,41.9,1,0.5,0.2,0,9.6,41.9,-40,60,200,1,1,0,0;

racing,killcuboid,9.7,1.7,41.8,0,100,200,0,1,0,0;
racing,killcuboid,9.7,1.7,41.8,0,20,200,0,1,0,0;
racing,killcuboid,9.7,1.7,41.8,40,60,200,1,1,0,0;
racing,killcuboid,9.7,1.7,41.8,-40,60,200,1,1,0,0;



custom,cuboid,default,9.6,1.6,0.9,1,0,0,0,9.6,0.9,0,100,600,0,1,0,0;
custom,cuboid,default,9.6,1.6,0.9,1,0,0,0,9.6,0.9,0,20,600,0,1,0,0;
custom,cuboid,default,9.6,1.6,0.9,1,0,0,0,9.6,0.9,40,60,600,1,1,0,0;
custom,cuboid,default,9.6,1.6,0.9,1,0,0,0,9.6,0.9,-40,60,600,1,1,0,0;


custom,cuboid,default,9.6,1.6,0.9,1,0,0,0,9.6,0.9,0,100,800,0,1,0,0;
custom,cuboid,default,9.6,1.6,0.9,1,0,0,0,9.6,0.9,0,20,800,0,1,0,0;
custom,cuboid,default,9.6,1.6,0.9,1,0,0,0,9.6,0.9,40,60,800,1,1,0,0;
custom,cuboid,default,9.6,1.6,0.9,1,0,0,0,9.6,0.9,-40,60,800,1,1,0,0;


custom,cuboid,default,9.6,1.6,0.9,1,0,0,0,9.6,0.9,0,100,1000,0,1,0,0;
custom,cuboid,default,9.6,1.6,0.9,1,0,0,0,9.6,0.9,0,20,1000,0,1,0,0;
custom,cuboid,default,9.6,1.6,0.9,1,0,0,0,9.6,0.9,40,60,1000,1,1,0,0;
custom,cuboid,default,9.6,1.6,0.9,1,0,0,0,9.6,0.9,-40,60,1000,1,1,0,0;


custom,cuboid,default,9.6,1.6,0.9,1,0,0,0,9.6,0.9,0,100,1200,0,1,0,0;
custom,cuboid,default,9.6,1.6,0.9,1,0,0,0,9.6,0.9,0,20,1200,0,1,0,0;
custom,cuboid,default,9.6,1.6,0.9,1,0,0,0,9.6,0.9,40,60,1200,1,1,0,0;
custom,cuboid,default,9.6,1.6,0.9,1,0,0,0,9.6,0.9,-40,60,1200,1,1,0,0;


custom,cuboid,default,9.6,1.6,0.9,1,0,0,0,9.6,0.9,0,100,1400,0,1,0,0;
custom,cuboid,default,9.6,1.6,0.9,1,0,0,0,9.6,0.9,0,20,1400,0,1,0,0;
custom,cuboid,default,9.6,1.6,0.9,1,0,0,0,9.6,0.9,40,60,1400,1,1,0,0;
custom,cuboid,default,9.6,1.6,0.9,1,0,0,0,9.6,0.9,-40,60,1400,1,1,0,0;


custom,cuboid,default,9.6,1.6,0.9,1,0,0,0,9.6,0.9,0,100,1600,0,1,0,0;
custom,cuboid,default,9.6,1.6,0.9,1,0,0,0,9.6,0.9,0,20,1600,0,1,0,0;
custom,cuboid,default,9.6,1.6,0.9,1,0,0,0,9.6,0.9,40,60,1600,1,1,0,0;
custom,cuboid,default,9.6,1.6,0.9,1,0,0,0,9.6,0.9,-40,60,1600,1,1,0,0;

custom,cuboid,default,9,4,0.8,1,0.5,0.85,1,1.125,0.5,0,120,-1600,0,1,0,0,rmo:0,120,-1600,0,75,-1600,30;
custom,cuboid,default,9,4,0.8,1,0.5,0.85,1,1.125,0.5,0,0,-1600,0,1,0,0,rmo:0,0,-1600,0,45,-1600,30;

custom,cuboid,default,4,9,0.8,1,0.5,0.85,1,0.5,1.125,40,60,-1200,0,1,0,0,rmo:40,60,-1200,20,60,-1200,20;
custom,cuboid,default,4,9,0.8,1,0.5,0.85,1,0.5,1.125,-40,60,-1200,0,1,0,0,rmo:-40,60,-1200,-20,60,-1200,20;
custom,cuboid,default,9,4,0.8,1,0.5,0.85,1,1.125,0.5,0,100,-1200,0,1,0,0,rmo:0,100,-1200,0,80,-1200,20;
custom,cuboid,default,9,4,0.8,1,0.5,0.85,1,1.125,0.5,0,20,-1200,0,1,0,0,rmo:0,20,-1200,0,40,-1200,20;

custom,cuboid,default,6,1,0.8,1,0.5,0.85,1,0.75,0.125,75,95,-1000,0,1,0,0,rmo:75,95,-1000,30,95,-1000,40;
custom,cuboid,default,6,1,0.8,1,0.5,0.85,1,0.75,0.125,75,75,-1000,0,1,0,0,rmo:75,75,-1000,30,75,-1000,40;
custom,cuboid,default,6,1,0.8,1,0.5,0.85,1,0.75,0.125,75,55,-1000,0,1,0,0,rmo:75,55,-1000,30,55,-1000,40;
custom,cuboid,default,6,1,0.8,1,0.5,0.85,1,0.75,0.125,75,35,-1000,0,1,0,0,rmo:75,35,-1000,30,35,-1000,40;
custom,cuboid,default,6,1,0.8,1,0.5,0.85,1,0.75,0.125,65,85,-1000,0,1,0,0,rmo:65,85,-1000,20,85,-1000,40;
custom,cuboid,default,6,1,0.8,1,0.5,0.85,1,0.75,0.125,65,65,-1000,0,1,0,0,rmo:65,65,-1000,20,65,-1000,40;
custom,cuboid,default,6,1,0.8,1,0.5,0.85,1,0.75,0.125,65,45,-1000,0,1,0,0,rmo:65,45,-1000,20,45,-1000,40;
custom,cuboid,default,6,1,0.8,1,0.5,0.85,1,0.75,0.125,65,25,-1000,0,1,0,0,rmo:65,25,-1000,20,25,-1000,40;
custom,cuboid,default,6,1,0.8,1,0.5,0.85,1,0.75,0.125,-65,95,-1000,0,1,0,0,rmo:-65,95,-1000,-20,95,-1000,40;
custom,cuboid,default,6,1,0.8,1,0.5,0.85,1,0.75,0.125,-65,75,-1000,0,1,0,0,rmo:-65,75,-1000,-20,75,-1000,40;
custom,cuboid,default,6,1,0.8,1,0.5,0.85,1,0.75,0.125,-65,55,-1000,0,1,0,0,rmo:-65,55,-1000,-20,55,-1000,40;
custom,cuboid,default,6,1,0.8,1,0.5,0.85,1,0.75,0.125,-65,35,-1000,0,1,0,0,rmo:-65,35,-1000,-20,35,-1000,40;
custom,cuboid,default,6,1,0.8,1,0.5,0.85,1,0.75,0.125,-75,85,-1000,0,1,0,0,rmo:-75,85,-1000,-30,85,-1000,40;
custom,cuboid,default,6,1,0.8,1,0.5,0.85,1,0.75,0.125,-75,65,-1000,0,1,0,0,rmo:-75,65,-1000,-30,65,-1000,40;
custom,cuboid,default,6,1,0.8,1,0.5,0.85,1,0.75,0.125,-75,45,-1000,0,1,0,0,rmo:-75,45,-1000,-30,45,-1000,40;
custom,cuboid,default,6,1,0.8,1,0.5,0.85,1,0.75,0.125,-75,25,-1000,0,1,0,0,rmo:-75,25,-1000,-30,25,-1000,40;

custom,cuboid,default,1,40,0.8,1,0.5,0.85,1,0.125,5,35,700,-800,0,1,0,0,rmo:35,700,-800,35,-100,-800,1200;
custom,cuboid,default,1,40,0.8,1,0.5,0.85,1,0.125,5,15,700,-800,0,1,0,0,rmo:15,700,-800,15,-100,-800,1200;
custom,cuboid,default,1,40,0.8,1,0.5,0.85,1,0.125,5,-15,700,-800,0,1,0,0,rmo:-15,700,-800,-15,-100,-800,1200;
custom,cuboid,default,1,40,0.8,1,0.5,0.85,1,0.125,5,-35,700,-800,0,1,0,0,rmo:-35,700,-800,-35,-100,-800,1200;
custom,cuboid,default,1,40,0.8,1,0.5,0.85,1,0.125,5,25,-100,-800,0,1,0,0,rmo:25,-100,-800,25,700,-800,1200;
custom,cuboid,default,2,40,0.8,1,0.5,0.85,1,0.25,5,0,-100,-800,0,1,0,0,rmo:0,-100,-800,0,700,-800,1200;
custom,cuboid,default,1,40,0.8,1,0.5,0.85,1,0.125,5,-25,-100,-800,0,1,0,0,rmo:-25,-100,-800,-25,700,-800,1200;




custom,cuboid,default,8,40,0.8,1,0.5,0.85,1,1,5,0,-640,-1400,0,1,0,0,rmo:0,-100,-1400,0,1200,-1400,3000;



custom,cuboid,default,4,9,0.8,1,0.5,0.85,1,0.5,1.125,20,60,-600,0,1,0,0,rmo:20,60,-600,-20,60,-600,30;
custom,cuboid,default,9,4,0.8,1,0.5,0.85,1,1.125,0.5,0,80,-600,0,1,0,0,rmo:0,80,-600,0,40,-600,30;


custom,cuboid,default,6,3,0.8,1,0.5,0.85,1,0.75,0.375,0,110,-400,0,1,0,0,rmo:0,110,-400,-50,60,-400,40;
custom,cuboid,default,6,3,0.8,1,0.5,0.85,1,0.75,0.375,25,103.3012702,-400,0.2679491924,1,0,0,rmo:25,103.3012702,-400,-43.30127019,85,-400,40;
custom,cuboid,default,6,3,0.8,1,0.5,0.85,1,0.75,0.375,43.30127019,85,-400,0.5773502692,1,0,0,rmo:43.30127019,85,-400,-25,103.3012702,-400,40;
custom,cuboid,default,6,3,0.8,1,0.5,0.85,1,0.75,0.375,50,60,-400,1,1,0,0,rmo:50,60,-400,0,110,-400,40;
custom,cuboid,default,6,3,0.8,1,0.5,0.85,1,0.75,0.375,43.30127019,35,-400,1.732050808,1,0,0,rmo:43.30127019,35,-400,25,103.3012702,-400,40;
custom,cuboid,default,6,3,0.8,1,0.5,0.85,1,0.75,0.375,25,16.69872981,-400,3.732050808,1,0,0,rmo:25,16.69872981,-400,43.30127019,85,-400,40;
custom,cuboid,default,6,3,0.8,1,0.5,0.85,1,0.75,0.375,0,10,-400,1.63312E+16,1,0,0,rmo:0,10,-400,50,60,-400,40;
custom,cuboid,default,6,3,0.8,1,0.5,0.85,1,0.75,0.375,-25,16.69872981,-400,-3.732050808,1,0,0,rmo:-25,16.69872981,-400,43.30127019,35,-400,40;
custom,cuboid,default,6,3,0.8,1,0.5,0.85,1,0.75,0.375,-43.30127019,35,-400,-1.732050808,1,0,0,rmo:-43.30127019,35,-400,25,16.69872981,-400,40;
custom,cuboid,default,6,3,0.8,1,0.5,0.85,1,0.75,0.375,-50,60,-400,-1,1,0,0,rmo:-50,60,-400,0,10,-400,40;
custom,cuboid,default,6,3,0.8,1,0.5,0.85,1,0.75,0.375,-43.30127019,85,-400,-0.5773502692,1,0,0,rmo:-43.30127019,85,-400,-25,16.69872981,-400,40;
custom,cuboid,default,6,3,0.8,1,0.5,0.85,1,0.75,0.375,-25,103.3012702,-400,-0.2679491924,1,0,0,rmo:-25,103.3012702,-400,-43.30127019,35,-400,40;

custom,cylinder,default,2,0.4,2,1,0.5,0.85,1,0.25,0.05,0,60,-400,0,1,1,0,rmo:0,60,-400,0,60,-400,40;

custom,cuboid,metal4,1,1,1,1,0.5,0.85,1,0.05,0.05,40,100,0,0,1,0,0,rmo:40,100,0,40,100,100,40;
custom,cuboid,metal4,1,1,1,1,0.5,0.85,1,0.05,0.05,20,100,0,0,1,0,0,rmo:20,100,0,20,100,100,40;
custom,cuboid,metal4,1,1,1,1,0.5,0.85,1,0.05,0.05,0,100,0,0,1,0,0,rmo:0,100,0,0,100,100,40;
custom,cuboid,metal4,1,1,1,1,0.5,0.85,1,0.05,0.05,-20,100,0,0,1,0,0,rmo:-20,100,0,-20,100,100,40;
custom,cuboid,metal4,1,1,1,1,0.5,0.85,1,0.05,0.05,-40,100,0,0,1,0,0,rmo:-40,100,0,-40,100,100,40;

custom,cuboid,metal4,1,1,1,1,0.5,0.85,1,0.05,0.05,40,80,0,0,1,0,0,rmo:40,80,0,40,80,100,40;
custom,cuboid,metal4,1,1,1,1,0.5,0.85,1,0.05,0.05,20,80,0,0,1,0,0,rmo:20,80,0,20,80,100,40;
custom,cuboid,metal4,1,1,1,1,0.5,0.85,1,0.05,0.05,0,80,0,0,1,0,0,rmo:0,80,0,0,80,100,40;
custom,cuboid,metal4,1,1,1,1,0.5,0.85,1,0.05,0.05,-20,80,0,0,1,0,0,rmo:-20,80,0,-20,80,100,40;
custom,cuboid,metal4,1,1,1,1,0.5,0.85,1,0.05,0.05,-40,80,0,0,1,0,0,rmo:-40,80,0,-40,80,100,40;

custom,cuboid,metal4,1,1,1,1,0.5,0.85,1,0.05,0.05,40,60,0,0,1,0,0,rmo:40,60,0,40,60,100,40;
custom,cuboid,metal4,1,1,1,1,0.5,0.85,1,0.05,0.05,20,60,0,0,1,0,0,rmo:20,60,0,20,60,100,40;
custom,cuboid,metal4,1,1,1,1,0.5,0.85,1,0.05,0.05,0,60,0,0,1,0,0,rmo:0,60,0,0,60,100,40;
custom,cuboid,metal4,1,1,1,1,0.5,0.85,1,0.05,0.05,-20,60,0,0,1,0,0,rmo:-20,60,0,-20,60,100,40;
custom,cuboid,metal4,1,1,1,1,0.5,0.85,1,0.05,0.05,-40,60,0,0,1,0,0,rmo:-40,60,0,-40,60,100,40;

custom,cuboid,metal4,1,1,1,1,0.5,0.85,1,0.05,0.05,40,40,0,0,1,0,0,rmo:40,40,0,40,40,100,40;
custom,cuboid,metal4,1,1,1,1,0.5,0.85,1,0.05,0.05,20,40,0,0,1,0,0,rmo:20,40,0,20,40,100,40;
custom,cuboid,metal4,1,1,1,1,0.5,0.85,1,0.05,0.05,0,40,0,0,1,0,0,rmo:0,40,0,0,40,100,40;
custom,cuboid,metal4,1,1,1,1,0.5,0.85,1,0.05,0.05,-20,40,0,0,1,0,0,rmo:-20,40,0,-20,40,100,40;
custom,cuboid,metal4,1,1,1,1,0.5,0.85,1,0.05,0.05,-40,40,0,0,1,0,0,rmo:-40,40,0,-40,40,100,40;

custom,cuboid,metal4,1,1,1,1,0.5,0.85,1,0.05,0.05,40,20,0,0,1,0,0,rmo:40,20,0,40,20,100,40;
custom,cuboid,metal4,1,1,1,1,0.5,0.85,1,0.05,0.05,20,20,0,0,1,0,0,rmo:20,20,0,20,20,100,40;
custom,cuboid,metal4,1,1,1,1,0.5,0.85,1,0.05,0.05,0,20,0,0,1,0,0,rmo:0,20,0,0,20,100,40;
custom,cuboid,metal4,1,1,1,1,0.5,0.85,1,0.05,0.05,-20,20,0,0,1,0,0,rmo:-20,20,0,-20,20,100,40;
custom,cuboid,metal4,1,1,1,1,0.5,0.85,1,0.05,0.05,-40,20,0,0,1,0,0,rmo:-40,20,0,-40,20,100,40;

custom,cuboid,metal4,1,1,1,1,0.5,0.85,1,0.05,0.05,30,90,100,0,1,0,0,rmo:30,90,100,30,90,0,40;
custom,cuboid,metal4,1,1,1,1,0.5,0.85,1,0.05,0.05,10,90,100,0,1,0,0,rmo:10,90,100,10,90,0,40;
custom,cuboid,metal4,1,1,1,1,0.5,0.85,1,0.05,0.05,-10,90,100,0,1,0,0,rmo:-10,90,100,-10,90,0,40;
custom,cuboid,metal4,1,1,1,1,0.5,0.85,1,0.05,0.05,-30,90,100,0,1,0,0,rmo:-30,90,100,-30,90,0,40;

custom,cuboid,metal4,1,1,1,1,0.5,0.85,1,0.05,0.05,30,70,100,0,1,0,0,rmo:30,70,100,30,70,0,40;
custom,cuboid,metal4,1,1,1,1,0.5,0.85,1,0.05,0.05,10,70,100,0,1,0,0,rmo:10,70,100,10,70,0,40;
custom,cuboid,metal4,1,1,1,1,0.5,0.85,1,0.05,0.05,-10,70,100,0,1,0,0,rmo:-10,70,100,-10,70,0,40;
custom,cuboid,metal4,1,1,1,1,0.5,0.85,1,0.05,0.05,-30,70,100,0,1,0,0,rmo:-30,70,100,-30,70,0,40;

custom,cuboid,metal4,1,1,1,1,0.5,0.85,1,0.05,0.05,30,50,100,0,1,0,0,rmo:30,50,100,30,50,0,40;
custom,cuboid,metal4,1,1,1,1,0.5,0.85,1,0.05,0.05,10,50,100,0,1,0,0,rmo:10,50,100,10,50,0,40;
custom,cuboid,metal4,1,1,1,1,0.5,0.85,1,0.05,0.05,-10,50,100,0,1,0,0,rmo:-10,50,100,-10,50,0,40;
custom,cuboid,metal4,1,1,1,1,0.5,0.85,1,0.05,0.05,-30,50,100,0,1,0,0,rmo:-30,50,100,-30,50,0,40;

custom,cuboid,metal4,1,1,1,1,0.5,0.85,1,0.05,0.05,30,30,100,0,1,0,0,rmo:30,30,100,30,30,0,40;
custom,cuboid,metal4,1,1,1,1,0.5,0.85,1,0.05,0.05,10,30,100,0,1,0,0,rmo:10,30,100,10,30,0,40;
custom,cuboid,metal4,1,1,1,1,0.5,0.85,1,0.05,0.05,-10,30,100,0,1,0,0,rmo:-10,30,100,-10,30,0,40;
custom,cuboid,metal4,1,1,1,1,0.5,0.85,1,0.05,0.05,-30,30,100,0,1,0,0,rmo:-30,30,100,-30,30,0,40;


custom,cuboid,metal4,0.6,0.6,0.6,1,0.5,0.85,1,0.03,0.03,40,100,200,0,1,0,0,rmo:40,100,200,-40,20,300,40;
custom,cuboid,metal4,0.6,0.6,0.6,1,0.5,0.85,1,0.03,0.03,20,100,200,0,1,0,0,rmo:20,100,200,-20,20,300,40;
custom,cuboid,metal4,0.6,0.6,0.6,1,0.5,0.85,1,0.03,0.03,0,100,200,0,1,0,0,rmo:0,100,200,0,20,300,40;
custom,cuboid,metal4,0.6,0.6,0.6,1,0.5,0.85,1,0.03,0.03,-20,100,200,0,1,0,0,rmo:-20,100,200,20,20,300,40;
custom,cuboid,metal4,0.6,0.6,0.6,1,0.5,0.85,1,0.03,0.03,-40,100,200,0,1,0,0,rmo:-40,100,200,40,20,300,40;

custom,cuboid,metal4,0.6,0.6,0.6,1,0.5,0.85,1,0.03,0.03,40,80,200,0,1,0,0,rmo:40,80,200,-40,40,300,40;
custom,cuboid,metal4,0.6,0.6,0.6,1,0.5,0.85,1,0.03,0.03,20,80,200,0,1,0,0,rmo:20,80,200,-20,40,300,40;
custom,cuboid,metal4,0.6,0.6,0.6,1,0.5,0.85,1,0.03,0.03,0,80,200,0,1,0,0,rmo:0,80,200,0,40,300,40;
custom,cuboid,metal4,0.6,0.6,0.6,1,0.5,0.85,1,0.03,0.03,-20,80,200,0,1,0,0,rmo:-20,80,200,20,40,300,40;
custom,cuboid,metal4,0.6,0.6,0.6,1,0.5,0.85,1,0.03,0.03,-40,80,200,0,1,0,0,rmo:-40,80,200,40,40,300,40;

custom,cuboid,metal4,0.6,0.6,0.6,1,0.5,0.85,1,0.03,0.03,40,60,200,0,1,0,0,rmo:40,60,200,-40,60,300,40;
custom,cuboid,metal4,0.6,0.6,0.6,1,0.5,0.85,1,0.03,0.03,20,60,200,0,1,0,0,rmo:20,60,200,-20,60,300,40;
custom,cuboid,metal4,0.6,0.6,0.6,1,0.5,0.85,1,0.03,0.03,0,60,200,0,1,0,0,rmo:0,60,200,0,60,300,40;
custom,cuboid,metal4,0.6,0.6,0.6,1,0.5,0.85,1,0.03,0.03,-20,60,200,0,1,0,0,rmo:-20,60,200,20,60,300,40;
custom,cuboid,metal4,0.6,0.6,0.6,1,0.5,0.85,1,0.03,0.03,-40,60,200,0,1,0,0,rmo:-40,60,200,40,60,300,40;

custom,cuboid,metal4,0.6,0.6,0.6,1,0.5,0.85,1,0.03,0.03,40,40,200,0,1,0,0,rmo:40,40,200,-40,80,300,40;
custom,cuboid,metal4,0.6,0.6,0.6,1,0.5,0.85,1,0.03,0.03,20,40,200,0,1,0,0,rmo:20,40,200,-20,80,300,40;
custom,cuboid,metal4,0.6,0.6,0.6,1,0.5,0.85,1,0.03,0.03,0,40,200,0,1,0,0,rmo:0,40,200,0,80,300,40;
custom,cuboid,metal4,0.6,0.6,0.6,1,0.5,0.85,1,0.03,0.03,-20,40,200,0,1,0,0,rmo:-20,40,200,20,80,300,40;
custom,cuboid,metal4,0.6,0.6,0.6,1,0.5,0.85,1,0.03,0.03,-40,40,200,0,1,0,0,rmo:-40,40,200,40,80,300,40;

custom,cuboid,metal4,0.6,0.6,0.6,1,0.5,0.85,1,0.03,0.03,40,20,200,0,1,0,0,rmo:40,20,200,-40,100,300,40;
custom,cuboid,metal4,0.6,0.6,0.6,1,0.5,0.85,1,0.03,0.03,20,20,200,0,1,0,0,rmo:20,20,200,-20,100,300,40;
custom,cuboid,metal4,0.6,0.6,0.6,1,0.5,0.85,1,0.03,0.03,0,20,200,0,1,0,0,rmo:0,20,200,0,100,300,40;
custom,cuboid,metal4,0.6,0.6,0.6,1,0.5,0.85,1,0.03,0.03,-20,20,200,0,1,0,0,rmo:-20,20,200,20,100,300,40;
custom,cuboid,metal4,0.6,0.6,0.6,1,0.5,0.85,1,0.03,0.03,-40,20,200,0,1,0,0,rmo:-40,20,200,40,100,300,40;

custom,cuboid,metal4,0.6,0.6,0.6,1,0.5,0.85,1,0.03,0.03,30,90,300,0,1,0,0,rmo:30,90,300,-30,30,200,40;
custom,cuboid,metal4,0.6,0.6,0.6,1,0.5,0.85,1,0.03,0.03,10,90,300,0,1,0,0,rmo:10,90,300,-10,30,200,40;
custom,cuboid,metal4,0.6,0.6,0.6,1,0.5,0.85,1,0.03,0.03,-10,90,300,0,1,0,0,rmo:-10,90,300,10,30,200,40;
custom,cuboid,metal4,0.6,0.6,0.6,1,0.5,0.85,1,0.03,0.03,-30,90,300,0,1,0,0,rmo:-30,90,300,30,30,200,40;

custom,cuboid,metal4,0.6,0.6,0.6,1,0.5,0.85,1,0.03,0.03,30,70,300,0,1,0,0,rmo:30,70,300,-30,50,200,40;
custom,cuboid,metal4,0.6,0.6,0.6,1,0.5,0.85,1,0.03,0.03,10,70,300,0,1,0,0,rmo:10,70,300,-10,50,200,40;
custom,cuboid,metal4,0.6,0.6,0.6,1,0.5,0.85,1,0.03,0.03,-10,70,300,0,1,0,0,rmo:-10,70,300,10,50,200,40;
custom,cuboid,metal4,0.6,0.6,0.6,1,0.5,0.85,1,0.03,0.03,-30,70,300,0,1,0,0,rmo:-30,70,300,30,50,200,40;

custom,cuboid,metal4,0.6,0.6,0.6,1,0.5,0.85,1,0.03,0.03,30,50,300,0,1,0,0,rmo:30,50,300,-30,70,200,40;
custom,cuboid,metal4,0.6,0.6,0.6,1,0.5,0.85,1,0.03,0.03,10,50,300,0,1,0,0,rmo:10,50,300,-10,70,200,40;
custom,cuboid,metal4,0.6,0.6,0.6,1,0.5,0.85,1,0.03,0.03,-10,50,300,0,1,0,0,rmo:-10,50,300,10,70,200,40;
custom,cuboid,metal4,0.6,0.6,0.6,1,0.5,0.85,1,0.03,0.03,-30,50,300,0,1,0,0,rmo:-30,50,300,30,70,200,40;

custom,cuboid,metal4,0.6,0.6,0.6,1,0.5,0.85,1,0.03,0.03,30,30,300,0,1,0,0,rmo:30,30,300,-30,90,200,40;
custom,cuboid,metal4,0.6,0.6,0.6,1,0.5,0.85,1,0.03,0.03,10,30,300,0,1,0,0,rmo:10,30,300,-10,90,200,40;
custom,cuboid,metal4,0.6,0.6,0.6,1,0.5,0.85,1,0.03,0.03,-10,30,300,0,1,0,0,rmo:-10,30,300,10,90,200,40;
custom,cuboid,metal4,0.6,0.6,0.6,1,0.5,0.85,1,0.03,0.03,-30,30,300,0,1,0,0,rmo:-30,30,300,30,90,200,40;


custom,cuboid,metal4,0.6,0.6,0.6,1,0.5,0.85,1,0.03,0.03,40,100,400,0,1,0,0,rmo:40,100,400,0,60,400,40;
custom,cuboid,metal4,0.6,0.6,0.6,1,0.5,0.85,1,0.03,0.03,20,100,400,0,1,0,0,rmo:20,100,400,0,60,400,40;
custom,cuboid,metal4,0.6,0.6,0.6,1,0.5,0.85,1,0.03,0.03,0,100,400,0,1,0,0,rmo:0,100,400,0,60,400,40;
custom,cuboid,metal4,0.6,0.6,0.6,1,0.5,0.85,1,0.03,0.03,-20,100,400,0,1,0,0,rmo:-20,100,400,0,60,400,40;
custom,cuboid,metal4,0.6,0.6,0.6,1,0.5,0.85,1,0.03,0.03,-40,100,400,0,1,0,0,rmo:-40,100,400,0,60,400,40;

custom,cuboid,metal4,0.6,0.6,0.6,1,0.5,0.85,1,0.03,0.03,40,80,400,0,1,0,0,rmo:40,80,400,0,60,400,40;
custom,cuboid,metal4,0.6,0.6,0.6,1,0.5,0.85,1,0.03,0.03,20,80,400,0,1,0,0,rmo:20,80,400,0,60,400,40;
custom,cuboid,metal4,0.6,0.6,0.6,1,0.5,0.85,1,0.03,0.03,0,80,400,0,1,0,0,rmo:0,80,400,0,60,400,40;
custom,cuboid,metal4,0.6,0.6,0.6,1,0.5,0.85,1,0.03,0.03,-20,80,400,0,1,0,0,rmo:-20,80,400,0,60,400,40;
custom,cuboid,metal4,0.6,0.6,0.6,1,0.5,0.85,1,0.03,0.03,-40,80,400,0,1,0,0,rmo:-40,80,400,0,60,400,40;

custom,cuboid,metal4,0.6,0.6,0.6,1,0.5,0.85,1,0.03,0.03,40,60,400,0,1,0,0,rmo:40,60,400,0,60,400,40;
custom,cuboid,metal4,0.6,0.6,0.6,1,0.5,0.85,1,0.03,0.03,20,60,400,0,1,0,0,rmo:20,60,400,0,60,400,40;
custom,cuboid,metal4,0.6,0.6,0.6,1,0.5,0.85,1,0.03,0.03,0,60,400,0,1,0,0,rmo:0,60,400,0,60,400,40;
custom,cuboid,metal4,0.6,0.6,0.6,1,0.5,0.85,1,0.03,0.03,-20,60,400,0,1,0,0,rmo:-20,60,400,0,60,400,40;
custom,cuboid,metal4,0.6,0.6,0.6,1,0.5,0.85,1,0.03,0.03,-40,60,400,0,1,0,0,rmo:-40,60,400,0,60,400,40;

custom,cuboid,metal4,0.6,0.6,0.6,1,0.5,0.85,1,0.03,0.03,40,40,400,0,1,0,0,rmo:40,40,400,0,60,400,40;
custom,cuboid,metal4,0.6,0.6,0.6,1,0.5,0.85,1,0.03,0.03,20,40,400,0,1,0,0,rmo:20,40,400,0,60,400,40;
custom,cuboid,metal4,0.6,0.6,0.6,1,0.5,0.85,1,0.03,0.03,0,40,400,0,1,0,0,rmo:0,40,400,0,60,400,40;
custom,cuboid,metal4,0.6,0.6,0.6,1,0.5,0.85,1,0.03,0.03,-20,40,400,0,1,0,0,rmo:-20,40,400,0,60,400,40;
custom,cuboid,metal4,0.6,0.6,0.6,1,0.5,0.85,1,0.03,0.03,-40,40,400,0,1,0,0,rmo:-40,40,400,0,60,400,40;

custom,cuboid,metal4,0.6,0.6,0.6,1,0.5,0.85,1,0.03,0.03,40,20,400,0,1,0,0,rmo:40,20,400,0,60,400,40;
custom,cuboid,metal4,0.6,0.6,0.6,1,0.5,0.85,1,0.03,0.03,20,20,400,0,1,0,0,rmo:20,20,400,0,60,400,40;
custom,cuboid,metal4,0.6,0.6,0.6,1,0.5,0.85,1,0.03,0.03,0,20,400,0,1,0,0,rmo:0,20,400,0,60,400,40;
custom,cuboid,metal4,0.6,0.6,0.6,1,0.5,0.85,1,0.03,0.03,-20,20,400,0,1,0,0,rmo:-20,20,400,0,60,400,40;
custom,cuboid,metal4,0.6,0.6,0.6,1,0.5,0.85,1,0.03,0.03,-40,20,400,0,1,0,0,rmo:-40,20,400,0,60,400,40;


custom,cylinder,default,8,0.4,8,1,0.5,0.85,1,1,0.05,40,100,600,0,1,1,0,rmo:40,100,600,25,85,600,40;
custom,cylinder,default,8,0.4,8,1,0.5,0.85,1,1,0.05,40,100,600,0,1,1,0,rmo:40,20,600,25,35,600,40;
custom,cylinder,default,8,0.4,8,1,0.5,0.85,1,1,0.05,40,100,600,0,1,1,0,rmo:-40,100,600,-25,85,600,40;
custom,cylinder,default,8,0.4,8,1,0.5,0.85,1,1,0.05,40,100,600,0,1,1,0,rmo:-40,20,600,-25,35,600,40;

custom,cuboid,metal4,1,1,1,1,0.5,0.85,1,0.05,0.05,0,95,1600,0,1,0,0,rmo:0,95,1000,-35,60,1000,20;
custom,cuboid,metal4,1,1,1,1,0.5,0.85,1,0.05,0.05,17.5,90.31088913,1600,0.2679491924,1,0,0,rmo:17.5,90.31088913,1000,-30.31088913,77.5,1000,20;
custom,cuboid,metal4,1,1,1,1,0.5,0.85,1,0.05,0.05,30.31088913,77.5,1600,0.5773502692,1,0,0,rmo:30.31088913,77.5,1000,-17.5,90.31088913,1000,20;
custom,cuboid,metal4,1,1,1,1,0.5,0.85,1,0.05,0.05,35,60,1600,1,1,0,0,rmo:35,60,1000,0,95,1000,20;
custom,cuboid,metal4,1,1,1,1,0.5,0.85,1,0.05,0.05,30.31088913,42.5,1600,1.732050808,1,0,0,rmo:30.31088913,42.5,1000,17.5,90.31088913,1000,20;
custom,cuboid,metal4,1,1,1,1,0.5,0.85,1,0.05,0.05,17.5,29.68911087,1600,3.732050808,1,0,0,rmo:17.5,29.68911087,1000,30.31088913,77.5,1000,20;
custom,cuboid,metal4,1,1,1,1,0.5,0.85,1,0.05,0.05,0,25,1600,1.63312E+16,1,0,0,rmo:0,25,1000,35,60,1000,20;
custom,cuboid,metal4,1,1,1,1,0.5,0.85,1,0.05,0.05,-17.5,29.68911087,1600,-3.732050808,1,0,0,rmo:-17.5,29.68911087,1000,30.31088913,42.5,1000,20;
custom,cuboid,metal4,1,1,1,1,0.5,0.85,1,0.05,0.05,-30.31088913,42.5,1600,-1.732050808,1,0,0,rmo:-30.31088913,42.5,1000,17.5,29.68911087,1000,20;
custom,cuboid,metal4,1,1,1,1,0.5,0.85,1,0.05,0.05,-35,60,1600,-1,1,0,0,rmo:-35,60,1000,0,25,1000,20;
custom,cuboid,metal4,1,1,1,1,0.5,0.85,1,0.05,0.05,-30.31088913,77.5,1600,-0.5773502692,1,0,0,rmo:-30.31088913,77.5,1000,-17.5,29.68911087,1000,20;
custom,cuboid,metal4,1,1,1,1,0.5,0.85,1,0.05,0.05,-17.5,90.31088913,1600,-0.2679491924,1,0,0,rmo:-17.5,90.31088913,1000,-30.31088913,42.5,1000,20;

custom,cuboid,metal4,0.5,0.5,0.5,1,0.5,0.85,1,0.025,0.025,0,75,1600,0,1,0,0,rmo:0,75,1000,0,45,1000,20;
custom,cuboid,metal4,0.5,0.5,0.5,1,0.5,0.85,1,0.025,0.025,7.5,72.99038106,1600,0.2679491924,1,0,0,rmo:7.5,72.99038106,1000,-7.5,47.00961894,1000,20;
custom,cuboid,metal4,0.5,0.5,0.5,1,0.5,0.85,1,0.025,0.025,12.99038106,67.5,1600,0.5773502692,1,0,0,rmo:12.99038106,67.5,1000,-12.99038106,52.5,1000,20;
custom,cuboid,metal4,0.5,0.5,0.5,1,0.5,0.85,1,0.025,0.025,15,60,1600,1,1,0,0,rmo:15,60,1000,-15,60,1000,20;
custom,cuboid,metal4,0.5,0.5,0.5,1,0.5,0.85,1,0.025,0.025,12.99038106,52.5,1600,1.732050808,1,0,0,rmo:12.99038106,52.5,1000,-12.99038106,67.5,1000,20;
custom,cuboid,metal4,0.5,0.5,0.5,1,0.5,0.85,1,0.025,0.025,7.5,47.00961894,1600,3.732050808,1,0,0,rmo:7.5,47.00961894,1000,-7.5,72.99038106,1000,20;
custom,cuboid,metal4,0.5,0.5,0.5,1,0.5,0.85,1,0.025,0.025,0,45,1600,1.63312E+16,1,0,0,rmo:0,45,1000,0,75,1000,20;
custom,cuboid,metal4,0.5,0.5,0.5,1,0.5,0.85,1,0.025,0.025,-7.5,47.00961894,1600,-3.732050808,1,0,0,rmo:-7.5,47.00961894,1000,7.5,72.99038106,1000,20;
custom,cuboid,metal4,0.5,0.5,0.5,1,0.5,0.85,1,0.025,0.025,-12.99038106,52.5,1600,-1.732050808,1,0,0,rmo:-12.99038106,52.5,1000,12.99038106,67.5,1000,20;
custom,cuboid,metal4,0.5,0.5,0.5,1,0.5,0.85,1,0.025,0.025,-15,60,1600,-1,1,0,0,rmo:-15,60,1000,15,60,1000,20;
custom,cuboid,metal4,0.5,0.5,0.5,1,0.5,0.85,1,0.025,0.025,-12.99038106,67.5,1600,-0.5773502692,1,0,0,rmo:-12.99038106,67.5,1000,12.99038106,52.5,1000,20;
custom,cuboid,metal4,0.5,0.5,0.5,1,0.5,0.85,1,0.025,0.025,-7.5,72.99038106,1600,-0.2679491924,1,0,0,rmo:-7.5,72.99038106,1000,7.5,47.00961894,1000,20;

custom,cuboid,default,9,0.5,0.5,1,0.5,0.85,1,0.45,0.025,0,100,1600,0,1,0,0,rmo:0,100,1400,0,20,1400,40;
custom,cuboid,default,9,0.5,0.5,1,0.5,0.85,1,0.45,0.025,20,94.64101615,1600,0.2679491924,1,0,0,rmo:20,94.64101615,1400,-20,25.35898385,1400,40;
custom,cuboid,default,9,0.5,0.5,1,0.5,0.85,1,0.45,0.025,34.64101615,80,1600,0.5773502692,1,0,0,rmo:34.64101615,80,1400,-34.64101615,40,1400,40;
custom,cuboid,default,9,0.5,0.5,1,0.5,0.85,1,0.45,0.025,40,60,1600,1,1,0,0,rmo:40,60,1400,-40,60,1400,40;
custom,cuboid,default,9,0.5,0.5,1,0.5,0.85,1,0.45,0.025,34.64101615,40,1600,1.732050808,1,0,0,rmo:34.64101615,40,1400,-34.64101615,80,1400,40;
custom,cuboid,default,9,0.5,0.5,1,0.5,0.85,1,0.45,0.025,20,25.35898385,1600,3.732050808,1,0,0,rmo:20,25.35898385,1400,-20,94.64101615,1400,40;
custom,cuboid,default,9,0.5,0.5,1,0.5,0.85,1,0.45,0.025,0,20,1600,1.63312E+16,1,0,0,rmo:0,20,1400,0,100,1400,40;
custom,cuboid,default,9,0.5,0.5,1,0.5,0.85,1,0.45,0.025,-20,25.35898385,1600,-3.732050808,1,0,0,rmo:-20,25.35898385,1400,20,94.64101615,1400,40;
custom,cuboid,default,9,0.5,0.5,1,0.5,0.85,1,0.45,0.025,-34.64101615,40,1600,-1.732050808,1,0,0,rmo:-34.64101615,40,1400,34.64101615,80,1400,40;
custom,cuboid,default,9,0.5,0.5,1,0.5,0.85,1,0.45,0.025,-40,60,1600,-1,1,0,0,rmo:-40,60,1400,40,60,1400,40;
custom,cuboid,default,9,0.5,0.5,1,0.5,0.85,1,0.45,0.025,-34.64101615,80,1600,-0.5773502692,1,0,0,rmo:-34.64101615,80,1400,34.64101615,40,1400,40;
custom,cuboid,default,9,0.5,0.5,1,0.5,0.85,1,0.45,0.025,-20,94.64101615,1600,-0.2679491924,1,0,0,rmo:-20,94.64101615,1400,20,25.35898385,1400,40;




















custom,cuboid,default,8,5,0.8,1,0.5,0.85,1,1,0.625,0,120,1600,0,1,0,0,rmo:0,120,1600,-60,60,1600,80;
custom,cuboid,default,8,5,0.8,1,0.5,0.85,1,1,0.625,30,111.9615242,1600,0.2679491924,1,0,0,rmo:30,111.9615242,1600,-51.96152423,90,1600,80;
custom,cuboid,default,8,5,0.8,1,0.5,0.85,1,1,0.625,51.96152423,90,1600,0.5773502692,1,0,0,rmo:51.96152423,90,1600,-30,111.9615242,1600,80;
custom,cuboid,default,8,5,0.8,1,0.5,0.85,1,1,0.625,60,60,1600,1,1,0,0,rmo:60,60,1600,0,120,1600,80;
custom,cuboid,default,8,5,0.8,1,0.5,0.85,1,1,0.625,51.96152423,30,1600,1.732050808,1,0,0,rmo:51.96152423,30,1600,30,111.9615242,1600,80;
custom,cuboid,default,8,5,0.8,1,0.5,0.85,1,1,0.625,30,8.038475773,1600,3.732050808,1,0,0,rmo:30,8.038475773,1600,51.96152423,90,1600,80;
custom,cuboid,default,8,5,0.8,1,0.5,0.85,1,1,0.625,0,0,1600,1.63312E+16,1,0,0,rmo:0,0,1600,60,60,1600,80;
custom,cuboid,default,8,5,0.8,1,0.5,0.85,1,1,0.625,-30,8.038475773,1600,-3.732050808,1,0,0,rmo:-30,8.038475773,1600,51.96152423,30,1600,80;
custom,cuboid,default,8,5,0.8,1,0.5,0.85,1,1,0.625,-51.96152423,30,1600,-1.732050808,1,0,0,rmo:-51.96152423,30,1600,30,8.038475773,1600,80;
custom,cuboid,default,8,5,0.8,1,0.5,0.85,1,1,0.625,-60,60,1600,-1,1,0,0,rmo:-60,60,1600,0,0,1600,80;
custom,cuboid,default,8,5,0.8,1,0.5,0.85,1,1,0.625,-51.96152423,90,1600,-0.5773502692,1,0,0,rmo:-51.96152423,90,1600,-30,8.038475773,1600,80;
custom,cuboid,default,8,5,0.8,1,0.5,0.85,1,1,0.625,-30,111.9615242,1600,-0.2679491924,1,0,0,rmo:-30,111.9615242,1600,-51.96152423,30,1600,80;


custom,cuboid,default,8,4,0.8,1,0.5,0.85,1,1,0.5,0,120,1200,0,1,0,0,rmo:0,120,1200,-60,60,1200,50;
custom,cuboid,default,8,4,0.8,1,0.5,0.85,1,1,0.5,30,111.9615242,1200,0.2679491924,1,0,0,rmo:30,111.9615242,1200,-51.96152423,90,1200,50;
custom,cuboid,default,8,4,0.8,1,0.5,0.85,1,1,0.5,51.96152423,90,1200,0.5773502692,1,0,0,rmo:51.96152423,90,1200,-30,111.9615242,1200,50;
custom,cuboid,default,8,4,0.8,1,0.5,0.85,1,1,0.5,60,60,1200,1,1,0,0,rmo:60,60,1200,0,120,1200,50;
custom,cuboid,default,8,4,0.8,1,0.5,0.85,1,1,0.5,51.96152423,30,1200,1.732050808,1,0,0,rmo:51.96152423,30,1200,30,111.9615242,1200,50;
custom,cuboid,default,8,4,0.8,1,0.5,0.85,1,1,0.5,30,8.038475773,1200,3.732050808,1,0,0,rmo:30,8.038475773,1200,51.96152423,90,1200,50;
custom,cuboid,default,8,4,0.8,1,0.5,0.85,1,1,0.5,0,0,1200,1.63312E+16,1,0,0,rmo:0,0,1200,60,60,1200,50;
custom,cuboid,default,8,4,0.8,1,0.5,0.85,1,1,0.5,-30,8.038475773,1200,-3.732050808,1,0,0,rmo:-30,8.038475773,1200,51.96152423,30,1200,50;
custom,cuboid,default,8,4,0.8,1,0.5,0.85,1,1,0.5,-51.96152423,30,1200,-1.732050808,1,0,0,rmo:-51.96152423,30,1200,30,8.038475773,1200,50;
custom,cuboid,default,8,4,0.8,1,0.5,0.85,1,1,0.5,-60,60,1200,-1,1,0,0,rmo:-60,60,1200,0,0,1200,50;
custom,cuboid,default,8,4,0.8,1,0.5,0.85,1,1,0.5,-51.96152423,90,1200,-0.5773502692,1,0,0,rmo:-51.96152423,90,1200,-30,8.038475773,1200,50;
custom,cuboid,default,8,4,0.8,1,0.5,0.85,1,1,0.5,-30,111.9615242,1200,-0.2679491924,1,0,0,rmo:-30,111.9615242,1200,-51.96152423,30,1200,50;


custom,cuboid,default,8,3,0.8,1,0.5,0.85,1,1,0.375,0,120,800,0,1,0,0,rmo:0,120,800,-60,60,800,20;
custom,cuboid,default,8,3,0.8,1,0.5,0.85,1,1,0.375,30,111.9615242,800,0.2679491924,1,0,0,rmo:30,111.9615242,800,-51.96152423,90,800,20;
custom,cuboid,default,8,3,0.8,1,0.5,0.85,1,1,0.375,51.96152423,90,800,0.5773502692,1,0,0,rmo:51.96152423,90,800,-30,111.9615242,800,20;
custom,cuboid,default,8,3,0.8,1,0.5,0.85,1,1,0.375,60,60,800,1,1,0,0,rmo:60,60,800,0,120,800,20;
custom,cuboid,default,8,3,0.8,1,0.5,0.85,1,1,0.375,51.96152423,30,800,1.732050808,1,0,0,rmo:51.96152423,30,800,30,111.9615242,800,20;
custom,cuboid,default,8,3,0.8,1,0.5,0.85,1,1,0.375,30,8.038475773,800,3.732050808,1,0,0,rmo:30,8.038475773,800,51.96152423,90,800,20;
custom,cuboid,default,8,3,0.8,1,0.5,0.85,1,1,0.375,0,0,800,1.63312E+16,1,0,0,rmo:0,0,800,60,60,800,20;
custom,cuboid,default,8,3,0.8,1,0.5,0.85,1,1,0.375,-30,8.038475773,800,-3.732050808,1,0,0,rmo:-30,8.038475773,800,51.96152423,30,800,20;
custom,cuboid,default,8,3,0.8,1,0.5,0.85,1,1,0.375,-51.96152423,30,800,-1.732050808,1,0,0,rmo:-51.96152423,30,800,30,8.038475773,800,20;
custom,cuboid,default,8,3,0.8,1,0.5,0.85,1,1,0.375,-60,60,800,-1,1,0,0,rmo:-60,60,800,0,0,800,20;
custom,cuboid,default,8,3,0.8,1,0.5,0.85,1,1,0.375,-51.96152423,90,800,-0.5773502692,1,0,0,rmo:-51.96152423,90,800,-30,8.038475773,800,20;
custom,cuboid,default,8,3,0.8,1,0.5,0.85,1,1,0.375,-30,111.9615242,800,-0.2679491924,1,0,0,rmo:-30,111.9615242,800,-51.96152423,30,800,20;
