custom,cuboid,default,134,5,134,1,0,0,0,1,1,0,5,0,0,0,0,0;


//blackcube;
custom,cuboid,default,0.2,121,130.8,1,0,0,0,1.0,1.0,654,605,0,0,0,0,0;
custom,cuboid,default,0.2,121,130.8,1,0,0,0,1.0,1.0,-654,605,0,0,0,0,0;

custom,cuboid,default,130.8,121,0.2,1,0,0,0,1.0,1.0,0,605,654,0,0,0,0;
custom,cuboid,default,130.8,121,0.2,1,0,0,0,1.0,1.0,0,605,-654,0,0,0,0;

custom,cuboid,default,130.8,0.2,130.8,1,0,0,0,1.0,1.0,0,1210,0,0,0,0,0;

custom,arc90,default,30,242,30,1,0,0,0,1.0,1.0,-557.5,459.8,-562,0,0,0,0;
custom,arc90,default,30,242,30,1,0,0,0,1.0,1.0,557.5,459.8,562,0,1,0,0;

custom,arc90,default,30,242,30,1,0,0,0,1.0,1.0,-562,459.8,557.5,0,0.7071068,0,0.7071068;
custom,arc90,default,30,242,30,1,0,0,0,1.0,1.0,562,459.8,-557.5,0,0.7071068,0,-0.7071068;

//circles;

custom,tube,default,83.3,0.1388,83.3,1,0.95,0.95,0.5,1.0,1.0,9,-0.05,18.3,0,0,0,0;
custom,cylinder,default,25,0.05,25,1,0.95,0.95,0.5,1.0,1.0,0,-0.1,0,0,0,0,0;


//MagentaSpawn;

custom,sphere,default,2,2,2,1,1,0.784,1,1.0,1.0,599.1,573.36,120,0,0,0,0;
custom,tube,default,5,0.1,5,1,1,0.392,1,1.0,1.0,600,575,120,0,0,0,0;

custom,sphere,default,2,2,2,1,1,0.784,1,1.0,1.0,599.1,623.36,40,0,0,0,0;
custom,tube,default,5,0.1,5,1,1,0.392,1,1.0,1.0,600,625,40,0,0,0,0;

custom,sphere,default,2,2,2,1,1,0.784,1,1.0,1.0,599.1,623.36,-40,0,0,0,0;
custom,tube,default,5,0.1,5,1,1,0.392,1,1.0,1.0,600,625,-40,0,0,0,0;

custom,sphere,default,2,2,2,1,1,0.784,1,1.0,1.0,599.1,573.36,-120,0,0,0,0;
custom,tube,default,5,0.1,5,1,1,0.392,1,1.0,1.0,600,575,-120,0,0,0,0;

spawnpoint,playerM,600,585.8,120,0,0.7071068,0,-0.7071068;
spawnpoint,playerM,600,635.8,40,0,0.7071068,0,-0.7071068;
spawnpoint,playerM,600,635.8,-40,0,0.7071068,0,-0.7071068;
spawnpoint,playerM,600,585.8,-120,0,0.7071068,0,-0.7071068;

//CyanSpawn;

custom,sphere,default,2,2,2,1,0.784,1,1,1.0,1.0,-600.9,573.36,120,0,0,0,0;
custom,tube,default,5,0.1,5,1,0.392,1,1,1.0,1.0,-600,575,120,0,0,0,0;

custom,sphere,default,2,2,2,1,0.784,1,1,1.0,1.0,-600.9,623.36,40,0,0,0,0;
custom,tube,default,5,0.1,5,1,0.392,1,1,1.0,1.0,-600,625,40,0,0,0,0;

custom,sphere,default,2,2,2,1,0.784,1,1,1.0,1.0,-600.9,623.36,-40,0,0,0,0;
custom,tube,default,5,0.1,5,1,0.392,1,1,1.0,1.0,-600,625,-40,0,0,0,0;

custom,sphere,default,2,2,2,1,0.784,1,1,1.0,1.0,-600.9,573.36,-120,0,0,0,0;
custom,tube,default,5,0.1,5,1,0.392,1,1,1.0,1.0,-600,575,-120,0,0,0,0;


spawnpoint,playerC,-600,585.8,120,0,0.7071068,0,0.7071068;
spawnpoint,playerC,-600,635.8,40,0,0.7071068,0,0.7071068;
spawnpoint,playerC,-600,635.8,-40,0,0.7071068,0,0.7071068;
spawnpoint,playerC,-600,585.8,-120,0,0.7071068,0,0.7071068;

//gas;
custom,cylinder,default,1.4,0.08,1.4,0,1,1,1,1.0,1.0,0,600,0,0,0,0,0;
base,aot_supply,default,1,1,1,0,1,1,1,1.0,1.0,0,600.2,0,0,0,0,0;


custom,cylinder,default,0.15,0.5,0.15,0,1,1,1,1.0,1.0,5.5,605.2,0,0,0,0,0;
custom,cylinder,default,0.15,0.5,0.15,0,1,1,1,1.0,1.0,2.75,605.2,-4.763,0,0,0,0;
custom,cylinder,default,0.15,0.5,0.15,0,1,1,1,1.0,1.0,-2.75,605.2,-4.763,0,0,0,0;
custom,cylinder,default,0.15,0.5,0.15,0,1,1,1,1.0,1.0,-5.5,605.2,0,0,0,0,0;
custom,cylinder,default,0.15,0.5,0.15,0,1,1,1,1.0,1.0,-2.75,605.2,4.763,0,0,0,0;
custom,cylinder,default,0.15,0.5,0.15,0,1,1,1,1.0,1.0,2.75,605.2,4.763,0,0,0,0;

custom,cylinder,default,1.4,0.08,1.4,0,1,1,1,1.0,1.0,0,610.4,0,0,0,0,0;

//stars;

custom,sphere,default,1.5,1.5,1.5,1,1,1,0.7,1.0,1.0,-599,864,-520,0,0,0,0;
custom,sphere,default,1.5,1.5,1.5,1,1,1,0.7,1.0,1.0,-595,570,278,0,0,0,0;
custom,sphere,default,1.5,1.5,1.5,1,1,1,0.7,1.0,1.0,-592,726,-171,0,0,0,0;
custom,sphere,default,1.5,1.5,1.5,1,1,1,0.7,1.0,1.0,-587,387,333,0,0,0,0;
custom,sphere,default,1.5,1.5,1.5,1,1,1,0.7,1.0,1.0,-586,102,292,0,0,0,0;
custom,sphere,default,1.5,1.5,1.5,1,1,1,0.7,1.0,1.0,-581,557,-377,0,0,0,0;
custom,sphere,default,1.5,1.5,1.5,1,1,1,0.7,1.0,1.0,-579,188,-554,0,0,0,0;
custom,sphere,default,1.5,1.5,1.5,1,1,1,0.7,1.0,1.0,-578,476,-550,0,0,0,0;
custom,sphere,default,1.5,1.5,1.5,1,1,1,0.7,1.0,1.0,-565,438,-214,0,0,0,0;
custom,sphere,default,1.5,1.5,1.5,1,1,1,0.7,1.0,1.0,-562,908,-558,0,0,0,0;
custom,sphere,default,1.5,1.5,1.5,1,1,1,0.7,1.0,1.0,-561,931,76,0,0,0,0;
custom,sphere,default,1.5,1.5,1.5,1,1,1,0.7,1.0,1.0,-559,325,-422,0,0,0,0;
custom,sphere,default,1.5,1.5,1.5,1,1,1,0.7,1.0,1.0,-557,761,-230,0,0,0,0;
custom,sphere,default,1.5,1.5,1.5,1,1,1,0.7,1.0,1.0,-553,59,110,0,0,0,0;
custom,sphere,default,1.5,1.5,1.5,1,1,1,0.7,1.0,1.0,-549,244,-245,0,0,0,0;
custom,sphere,default,1.5,1.5,1.5,1,1,1,0.7,1.0,1.0,-546,268,-321,0,0,0,0;
custom,sphere,default,1.5,1.5,1.5,1,1,1,0.7,1.0,1.0,-545,1078,-271,0,0,0,0;
custom,sphere,default,1.5,1.5,1.5,1,1,1,0.7,1.0,1.0,-542,1069,382,0,0,0,0;
custom,sphere,default,1.5,1.5,1.5,1,1,1,0.7,1.0,1.0,-537,397,-373,0,0,0,0;
custom,sphere,default,1.5,1.5,1.5,1,1,1,0.7,1.0,1.0,-535,508,-507,0,0,0,0;
custom,sphere,default,1.5,1.5,1.5,1,1,1,0.7,1.0,1.0,-533,365,148,0,0,0,0;
custom,sphere,default,1.5,1.5,1.5,1,1,1,0.7,1.0,1.0,-528,924,-323,0,0,0,0;
custom,sphere,default,1.5,1.5,1.5,1,1,1,0.7,1.0,1.0,-527,1089,372,0,0,0,0;
custom,sphere,default,1.5,1.5,1.5,1,1,1,0.7,1.0,1.0,-523,191,-158,0,0,0,0;
custom,sphere,default,1.5,1.5,1.5,1,1,1,0.7,1.0,1.0,-522,130,589,0,0,0,0;
custom,sphere,default,1.5,1.5,1.5,1,1,1,0.7,1.0,1.0,-518,246,-289,0,0,0,0;
custom,sphere,default,1.5,1.5,1.5,1,1,1,0.7,1.0,1.0,-513,205,-84,0,0,0,0;
custom,sphere,default,1.5,1.5,1.5,1,1,1,0.7,1.0,1.0,-512,911,-65,0,0,0,0;
custom,sphere,default,1.5,1.5,1.5,1,1,1,0.7,1.0,1.0,-511,470,-144,0,0,0,0;
custom,sphere,default,1.5,1.5,1.5,1,1,1,0.7,1.0,1.0,-510,1033,-416,0,0,0,0;
custom,sphere,default,1.5,1.5,1.5,1,1,1,0.7,1.0,1.0,-509,804,57,0,0,0,0;
custom,sphere,default,1.5,1.5,1.5,1,1,1,0.7,1.0,1.0,-500,1016,-324,0,0,0,0;
custom,sphere,default,1.5,1.5,1.5,1,1,1,0.7,1.0,1.0,-499,55,-495,0,0,0,0;
custom,sphere,default,1.5,1.5,1.5,1,1,1,0.7,1.0,1.0,-497,1087,-258,0,0,0,0;
custom,sphere,default,1.5,1.5,1.5,1,1,1,0.7,1.0,1.0,-493,1055,569,0,0,0,0;
custom,sphere,default,1.5,1.5,1.5,1,1,1,0.7,1.0,1.0,-492,405,220,0,0,0,0;
custom,sphere,default,1.5,1.5,1.5,1,1,1,0.7,1.0,1.0,-485,469,-525,0,0,0,0;
custom,sphere,default,1.5,1.5,1.5,1,1,1,0.7,1.0,1.0,-482,111,476,0,0,0,0;
custom,sphere,default,1.5,1.5,1.5,1,1,1,0.7,1.0,1.0,-481,866,151,0,0,0,0;
custom,sphere,default,1.5,1.5,1.5,1,1,1,0.7,1.0,1.0,-473,801,-16,0,0,0,0;
custom,sphere,default,1.5,1.5,1.5,1,1,1,0.7,1.0,1.0,-471,169,-566,0,0,0,0;
custom,sphere,default,1.5,1.5,1.5,1,1,1,0.7,1.0,1.0,-470,515,-75,0,0,0,0;
custom,sphere,default,1.5,1.5,1.5,1,1,1,0.7,1.0,1.0,-467,102,-279,0,0,0,0;
custom,sphere,default,1.5,1.5,1.5,1,1,1,0.7,1.0,1.0,-466,689,103,0,0,0,0;
custom,sphere,default,1.5,1.5,1.5,1,1,1,0.7,1.0,1.0,-460,609,-271,0,0,0,0;
custom,sphere,default,1.5,1.5,1.5,1,1,1,0.7,1.0,1.0,-458,75,-51,0,0,0,0;
custom,sphere,default,1.5,1.5,1.5,1,1,1,0.7,1.0,1.0,-457,496,-331,0,0,0,0;
custom,sphere,default,1.5,1.5,1.5,1,1,1,0.7,1.0,1.0,-454,846,251,0,0,0,0;
custom,sphere,default,1.5,1.5,1.5,1,1,1,0.7,1.0,1.0,-453,712,168,0,0,0,0;
custom,sphere,default,1.5,1.5,1.5,1,1,1,0.7,1.0,1.0,-451,851,-511,0,0,0,0;
custom,sphere,default,1.5,1.5,1.5,1,1,1,0.7,1.0,1.0,-450,983,259,0,0,0,0;
custom,sphere,default,1.5,1.5,1.5,1,1,1,0.7,1.0,1.0,-448,218,584,0,0,0,0;
custom,sphere,default,1.5,1.5,1.5,1,1,1,0.7,1.0,1.0,-439,783,390,0,0,0,0;
custom,sphere,default,1.5,1.5,1.5,1,1,1,0.7,1.0,1.0,-436,965,-58,0,0,0,0;
custom,sphere,default,1.5,1.5,1.5,1,1,1,0.7,1.0,1.0,-431,598,365,0,0,0,0;
custom,sphere,default,1.5,1.5,1.5,1,1,1,0.7,1.0,1.0,-425,73,-437,0,0,0,0;
custom,sphere,default,1.5,1.5,1.5,1,1,1,0.7,1.0,1.0,-419,724,-89,0,0,0,0;
custom,sphere,default,1.5,1.5,1.5,1,1,1,0.7,1.0,1.0,-416,820,-464,0,0,0,0;
custom,sphere,default,1.5,1.5,1.5,1,1,1,0.7,1.0,1.0,-415,408,-277,0,0,0,0;
custom,sphere,default,1.5,1.5,1.5,1,1,1,0.7,1.0,1.0,-413,946,-396,0,0,0,0;
custom,sphere,default,1.5,1.5,1.5,1,1,1,0.7,1.0,1.0,-410,985,-216,0,0,0,0;
custom,sphere,default,1.5,1.5,1.5,1,1,1,0.7,1.0,1.0,-408,238,438,0,0,0,0;
custom,sphere,default,1.5,1.5,1.5,1,1,1,0.7,1.0,1.0,-406,294,168,0,0,0,0;
custom,sphere,default,1.5,1.5,1.5,1,1,1,0.7,1.0,1.0,-405,701,-443,0,0,0,0;
custom,sphere,default,1.5,1.5,1.5,1,1,1,0.7,1.0,1.0,-404,69,218,0,0,0,0;
custom,sphere,default,1.5,1.5,1.5,1,1,1,0.7,1.0,1.0,-400,92,-195,0,0,0,0;
custom,sphere,default,1.5,1.5,1.5,1,1,1,0.7,1.0,1.0,-399,578,-549,0,0,0,0;
custom,sphere,default,1.5,1.5,1.5,1,1,1,0.7,1.0,1.0,-397,278,-280,0,0,0,0;
custom,sphere,default,1.5,1.5,1.5,1,1,1,0.7,1.0,1.0,-393,679,-20,0,0,0,0;
custom,sphere,default,1.5,1.5,1.5,1,1,1,0.7,1.0,1.0,-388,887,-566,0,0,0,0;
custom,sphere,default,1.5,1.5,1.5,1,1,1,0.7,1.0,1.0,-383,206,-468,0,0,0,0;
custom,sphere,default,1.5,1.5,1.5,1,1,1,0.7,1.0,1.0,-377,561,233,0,0,0,0;
custom,sphere,default,1.5,1.5,1.5,1,1,1,0.7,1.0,1.0,-373,1031,528,0,0,0,0;
custom,sphere,default,1.5,1.5,1.5,1,1,1,0.7,1.0,1.0,-369,950,-572,0,0,0,0;
custom,sphere,default,1.5,1.5,1.5,1,1,1,0.7,1.0,1.0,-367,158,498,0,0,0,0;
custom,sphere,default,1.5,1.5,1.5,1,1,1,0.7,1.0,1.0,-362,556,-44,0,0,0,0;
custom,sphere,default,1.5,1.5,1.5,1,1,1,0.7,1.0,1.0,-359,461,-125,0,0,0,0;
custom,sphere,default,1.5,1.5,1.5,1,1,1,0.7,1.0,1.0,-357,311,513,0,0,0,0;
custom,sphere,default,1.5,1.5,1.5,1,1,1,0.7,1.0,1.0,-356,291,-22,0,0,0,0;
custom,sphere,default,1.5,1.5,1.5,1,1,1,0.7,1.0,1.0,-353,819,367,0,0,0,0;
custom,sphere,default,1.5,1.5,1.5,1,1,1,0.7,1.0,1.0,-350,99,444,0,0,0,0;
custom,sphere,default,1.5,1.5,1.5,1,1,1,0.7,1.0,1.0,-349,503,89,0,0,0,0;
custom,sphere,default,1.5,1.5,1.5,1,1,1,0.7,1.0,1.0,-345,659,148,0,0,0,0;
custom,sphere,default,1.5,1.5,1.5,1,1,1,0.7,1.0,1.0,-344,337,-17,0,0,0,0;
custom,sphere,default,1.5,1.5,1.5,1,1,1,0.7,1.0,1.0,-341,244,-577,0,0,0,0;
custom,sphere,default,1.5,1.5,1.5,1,1,1,0.7,1.0,1.0,-339,262,-30,0,0,0,0;
custom,sphere,default,1.5,1.5,1.5,1,1,1,0.7,1.0,1.0,-337,160,236,0,0,0,0;
custom,sphere,default,1.5,1.5,1.5,1,1,1,0.7,1.0,1.0,-336,790,-51,0,0,0,0;
custom,sphere,default,1.5,1.5,1.5,1,1,1,0.7,1.0,1.0,-335,699,-158,0,0,0,0;
custom,sphere,default,1.5,1.5,1.5,1,1,1,0.7,1.0,1.0,-332,415,-310,0,0,0,0;
custom,sphere,default,1.5,1.5,1.5,1,1,1,0.7,1.0,1.0,-330,753,-42,0,0,0,0;
custom,sphere,default,1.5,1.5,1.5,1,1,1,0.7,1.0,1.0,-323,267,291,0,0,0,0;
custom,sphere,default,1.5,1.5,1.5,1,1,1,0.7,1.0,1.0,-320,975,433,0,0,0,0;
custom,sphere,default,1.5,1.5,1.5,1,1,1,0.7,1.0,1.0,-319,411,464,0,0,0,0;
custom,sphere,default,1.5,1.5,1.5,1,1,1,0.7,1.0,1.0,-317,487,-50,0,0,0,0;
custom,sphere,default,1.5,1.5,1.5,1,1,1,0.7,1.0,1.0,-313,1051,-219,0,0,0,0;
custom,sphere,default,1.5,1.5,1.5,1,1,1,0.7,1.0,1.0,-312,179,-599,0,0,0,0;
custom,sphere,default,1.5,1.5,1.5,1,1,1,0.7,1.0,1.0,-310,953,421,0,0,0,0;
custom,sphere,default,1.5,1.5,1.5,1,1,1,0.7,1.0,1.0,-308,1062,-13,0,0,0,0;
custom,sphere,default,1.5,1.5,1.5,1,1,1,0.7,1.0,1.0,-300,889,405,0,0,0,0;
custom,sphere,default,1.5,1.5,1.5,1,1,1,0.7,1.0,1.0,-299,545,156,0,0,0,0;
custom,sphere,default,1.5,1.5,1.5,1,1,1,0.7,1.0,1.0,-298,123,570,0,0,0,0;
custom,sphere,default,1.5,1.5,1.5,1,1,1,0.7,1.0,1.0,-295,1097,356,0,0,0,0;
custom,sphere,default,1.5,1.5,1.5,1,1,1,0.7,1.0,1.0,-293,225,-23,0,0,0,0;
custom,sphere,default,1.5,1.5,1.5,1,1,1,0.7,1.0,1.0,-292,810,463,0,0,0,0;
custom,sphere,default,1.5,1.5,1.5,1,1,1,0.7,1.0,1.0,-286,180,269,0,0,0,0;
custom,sphere,default,1.5,1.5,1.5,1,1,1,0.7,1.0,1.0,-285,762,-148,0,0,0,0;
custom,sphere,default,1.5,1.5,1.5,1,1,1,0.7,1.0,1.0,-284,184,-350,0,0,0,0;
custom,sphere,default,1.5,1.5,1.5,1,1,1,0.7,1.0,1.0,-280,896,-526,0,0,0,0;
custom,sphere,default,1.5,1.5,1.5,1,1,1,0.7,1.0,1.0,-278,1015,482,0,0,0,0;
custom,sphere,default,1.5,1.5,1.5,1,1,1,0.7,1.0,1.0,-271,586,-186,0,0,0,0;
custom,sphere,default,1.5,1.5,1.5,1,1,1,0.7,1.0,1.0,-264,257,15,0,0,0,0;
custom,sphere,default,1.5,1.5,1.5,1,1,1,0.7,1.0,1.0,-263,859,-226,0,0,0,0;
custom,sphere,default,1.5,1.5,1.5,1,1,1,0.7,1.0,1.0,-260,118,439,0,0,0,0;
custom,sphere,default,1.5,1.5,1.5,1,1,1,0.7,1.0,1.0,-258,473,587,0,0,0,0;
custom,sphere,default,1.5,1.5,1.5,1,1,1,0.7,1.0,1.0,-251,1122,366,0,0,0,0;
custom,sphere,default,1.5,1.5,1.5,1,1,1,0.7,1.0,1.0,-250,399,576,0,0,0,0;
custom,sphere,default,1.5,1.5,1.5,1,1,1,0.7,1.0,1.0,-248,365,-136,0,0,0,0;
custom,sphere,default,1.5,1.5,1.5,1,1,1,0.7,1.0,1.0,-247,249,487,0,0,0,0;
custom,sphere,default,1.5,1.5,1.5,1,1,1,0.7,1.0,1.0,-245,148,62,0,0,0,0;
custom,sphere,default,1.5,1.5,1.5,1,1,1,0.7,1.0,1.0,-243,63,189,0,0,0,0;
custom,sphere,default,1.5,1.5,1.5,1,1,1,0.7,1.0,1.0,-239,481,600,0,0,0,0;
custom,sphere,default,1.5,1.5,1.5,1,1,1,0.7,1.0,1.0,-233,256,239,0,0,0,0;
custom,sphere,default,1.5,1.5,1.5,1,1,1,0.7,1.0,1.0,-231,779,-544,0,0,0,0;
custom,sphere,default,1.5,1.5,1.5,1,1,1,0.7,1.0,1.0,-224,1001,313,0,0,0,0;
custom,sphere,default,1.5,1.5,1.5,1,1,1,0.7,1.0,1.0,-223,363,-117,0,0,0,0;
custom,sphere,default,1.5,1.5,1.5,1,1,1,0.7,1.0,1.0,-218,424,34,0,0,0,0;
custom,sphere,default,1.5,1.5,1.5,1,1,1,0.7,1.0,1.0,-209,1116,573,0,0,0,0;
custom,sphere,default,1.5,1.5,1.5,1,1,1,0.7,1.0,1.0,-208,612,583,0,0,0,0;
custom,sphere,default,1.5,1.5,1.5,1,1,1,0.7,1.0,1.0,-207,839,390,0,0,0,0;
custom,sphere,default,1.5,1.5,1.5,1,1,1,0.7,1.0,1.0,-206,720,61,0,0,0,0;
custom,sphere,default,1.5,1.5,1.5,1,1,1,0.7,1.0,1.0,-204,948,515,0,0,0,0;
custom,sphere,default,1.5,1.5,1.5,1,1,1,0.7,1.0,1.0,-203,285,63,0,0,0,0;
custom,sphere,default,1.5,1.5,1.5,1,1,1,0.7,1.0,1.0,-200,1107,-171,0,0,0,0;
custom,sphere,default,1.5,1.5,1.5,1,1,1,0.7,1.0,1.0,-196,349,-202,0,0,0,0;
custom,sphere,default,1.5,1.5,1.5,1,1,1,0.7,1.0,1.0,-191,587,-399,0,0,0,0;
custom,sphere,default,1.5,1.5,1.5,1,1,1,0.7,1.0,1.0,-190,710,446,0,0,0,0;
custom,sphere,default,1.5,1.5,1.5,1,1,1,0.7,1.0,1.0,-189,446,314,0,0,0,0;
custom,sphere,default,1.5,1.5,1.5,1,1,1,0.7,1.0,1.0,-185,1141,96,0,0,0,0;
custom,sphere,default,1.5,1.5,1.5,1,1,1,0.7,1.0,1.0,-179,832,591,0,0,0,0;
custom,sphere,default,1.5,1.5,1.5,1,1,1,0.7,1.0,1.0,-178,680,573,0,0,0,0;
custom,sphere,default,1.5,1.5,1.5,1,1,1,0.7,1.0,1.0,-170,874,89,0,0,0,0;
custom,sphere,default,1.5,1.5,1.5,1,1,1,0.7,1.0,1.0,-169,1114,546,0,0,0,0;
custom,sphere,default,1.5,1.5,1.5,1,1,1,0.7,1.0,1.0,-168,1015,259,0,0,0,0;
custom,sphere,default,1.5,1.5,1.5,1,1,1,0.7,1.0,1.0,-162,304,-379,0,0,0,0;
custom,sphere,default,1.5,1.5,1.5,1,1,1,0.7,1.0,1.0,-159,1108,437,0,0,0,0;
custom,sphere,default,1.5,1.5,1.5,1,1,1,0.7,1.0,1.0,-158,976,139,0,0,0,0;
custom,sphere,default,1.5,1.5,1.5,1,1,1,0.7,1.0,1.0,-156,620,589,0,0,0,0;
custom,sphere,default,1.5,1.5,1.5,1,1,1,0.7,1.0,1.0,-154,1088,-473,0,0,0,0;
custom,sphere,default,1.5,1.5,1.5,1,1,1,0.7,1.0,1.0,-153,1007,-327,0,0,0,0;
custom,sphere,default,1.5,1.5,1.5,1,1,1,0.7,1.0,1.0,-152,201,-190,0,0,0,0;
custom,sphere,default,1.5,1.5,1.5,1,1,1,0.7,1.0,1.0,-151,600,269,0,0,0,0;
custom,sphere,default,1.5,1.5,1.5,1,1,1,0.7,1.0,1.0,-149,409,-514,0,0,0,0;
custom,sphere,default,1.5,1.5,1.5,1,1,1,0.7,1.0,1.0,-148,501,-220,0,0,0,0;
custom,sphere,default,1.5,1.5,1.5,1,1,1,0.7,1.0,1.0,-147,398,-392,0,0,0,0;
custom,sphere,default,1.5,1.5,1.5,1,1,1,0.7,1.0,1.0,-146,410,-147,0,0,0,0;
custom,sphere,default,1.5,1.5,1.5,1,1,1,0.7,1.0,1.0,-145,79,-2,0,0,0,0;
custom,sphere,default,1.5,1.5,1.5,1,1,1,0.7,1.0,1.0,-142,996,-567,0,0,0,0;
custom,sphere,default,1.5,1.5,1.5,1,1,1,0.7,1.0,1.0,-137,1078,-521,0,0,0,0;
custom,sphere,default,1.5,1.5,1.5,1,1,1,0.7,1.0,1.0,-135,367,-81,0,0,0,0;
custom,sphere,default,1.5,1.5,1.5,1,1,1,0.7,1.0,1.0,-134,1148,181,0,0,0,0;
custom,sphere,default,1.5,1.5,1.5,1,1,1,0.7,1.0,1.0,-132,330,91,0,0,0,0;
custom,sphere,default,1.5,1.5,1.5,1,1,1,0.7,1.0,1.0,-127,1125,576,0,0,0,0;
custom,sphere,default,1.5,1.5,1.5,1,1,1,0.7,1.0,1.0,-126,719,383,0,0,0,0;
custom,sphere,default,1.5,1.5,1.5,1,1,1,0.7,1.0,1.0,-125,214,138,0,0,0,0;
custom,sphere,default,1.5,1.5,1.5,1,1,1,0.7,1.0,1.0,-124,608,257,0,0,0,0;
custom,sphere,default,1.5,1.5,1.5,1,1,1,0.7,1.0,1.0,-122,952,127,0,0,0,0;
custom,sphere,default,1.5,1.5,1.5,1,1,1,0.7,1.0,1.0,-120,440,219,0,0,0,0;
custom,sphere,default,1.5,1.5,1.5,1,1,1,0.7,1.0,1.0,-118,104,-304,0,0,0,0;
custom,sphere,default,1.5,1.5,1.5,1,1,1,0.7,1.0,1.0,-117,78,-141,0,0,0,0;
custom,sphere,default,1.5,1.5,1.5,1,1,1,0.7,1.0,1.0,-111,355,-301,0,0,0,0;
custom,sphere,default,1.5,1.5,1.5,1,1,1,0.7,1.0,1.0,-110,500,-12,0,0,0,0;
custom,sphere,default,1.5,1.5,1.5,1,1,1,0.7,1.0,1.0,-109,649,199,0,0,0,0;
custom,sphere,default,1.5,1.5,1.5,1,1,1,0.7,1.0,1.0,-105,925,-415,0,0,0,0;
custom,sphere,default,1.5,1.5,1.5,1,1,1,0.7,1.0,1.0,-104,924,-530,0,0,0,0;
custom,sphere,default,1.5,1.5,1.5,1,1,1,0.7,1.0,1.0,-103,412,-360,0,0,0,0;
custom,sphere,default,1.5,1.5,1.5,1,1,1,0.7,1.0,1.0,-100,936,-490,0,0,0,0;
custom,sphere,default,1.5,1.5,1.5,1,1,1,0.7,1.0,1.0,-98,130,-191,0,0,0,0;
custom,sphere,default,1.5,1.5,1.5,1,1,1,0.7,1.0,1.0,-95,161,-393,0,0,0,0;
custom,sphere,default,1.5,1.5,1.5,1,1,1,0.7,1.0,1.0,-94,820,-421,0,0,0,0;
custom,sphere,default,1.5,1.5,1.5,1,1,1,0.7,1.0,1.0,-90,707,203,0,0,0,0;
custom,sphere,default,1.5,1.5,1.5,1,1,1,0.7,1.0,1.0,-86,1066,-287,0,0,0,0;
custom,sphere,default,1.5,1.5,1.5,1,1,1,0.7,1.0,1.0,-84,355,-188,0,0,0,0;
custom,sphere,default,1.5,1.5,1.5,1,1,1,0.7,1.0,1.0,-79,851,-534,0,0,0,0;
custom,sphere,default,1.5,1.5,1.5,1,1,1,0.7,1.0,1.0,-73,1126,289,0,0,0,0;
custom,sphere,default,1.5,1.5,1.5,1,1,1,0.7,1.0,1.0,-72,90,-34,0,0,0,0;
custom,sphere,default,1.5,1.5,1.5,1,1,1,0.7,1.0,1.0,-68,279,188,0,0,0,0;
custom,sphere,default,1.5,1.5,1.5,1,1,1,0.7,1.0,1.0,-67,1125,-14,0,0,0,0;
custom,sphere,default,1.5,1.5,1.5,1,1,1,0.7,1.0,1.0,-64,945,-533,0,0,0,0;
custom,sphere,default,1.5,1.5,1.5,1,1,1,0.7,1.0,1.0,-63,1074,-386,0,0,0,0;
custom,sphere,default,1.5,1.5,1.5,1,1,1,0.7,1.0,1.0,-61,85,-464,0,0,0,0;
custom,sphere,default,1.5,1.5,1.5,1,1,1,0.7,1.0,1.0,-55,966,-126,0,0,0,0;
custom,sphere,default,1.5,1.5,1.5,1,1,1,0.7,1.0,1.0,-53,1121,-101,0,0,0,0;
custom,sphere,default,1.5,1.5,1.5,1,1,1,0.7,1.0,1.0,-48,1004,299,0,0,0,0;
custom,sphere,default,1.5,1.5,1.5,1,1,1,0.7,1.0,1.0,-45,780,-438,0,0,0,0;
custom,sphere,default,1.5,1.5,1.5,1,1,1,0.7,1.0,1.0,-41,200,503,0,0,0,0;
custom,sphere,default,1.5,1.5,1.5,1,1,1,0.7,1.0,1.0,-36,156,-594,0,0,0,0;
custom,sphere,default,1.5,1.5,1.5,1,1,1,0.7,1.0,1.0,-23,367,-190,0,0,0,0;
custom,sphere,default,1.5,1.5,1.5,1,1,1,0.7,1.0,1.0,-22,892,577,0,0,0,0;
custom,sphere,default,1.5,1.5,1.5,1,1,1,0.7,1.0,1.0,-21,63,-108,0,0,0,0;
custom,sphere,default,1.5,1.5,1.5,1,1,1,0.7,1.0,1.0,-19,1129,575,0,0,0,0;
custom,sphere,default,1.5,1.5,1.5,1,1,1,0.7,1.0,1.0,-16,563,-241,0,0,0,0;
custom,sphere,default,1.5,1.5,1.5,1,1,1,0.7,1.0,1.0,-14,376,-45,0,0,0,0;
custom,sphere,default,1.5,1.5,1.5,1,1,1,0.7,1.0,1.0,-13,622,-397,0,0,0,0;
custom,sphere,default,1.5,1.5,1.5,1,1,1,0.7,1.0,1.0,-6,135,453,0,0,0,0;
custom,sphere,default,1.5,1.5,1.5,1,1,1,0.7,1.0,1.0,-3,185,250,0,0,0,0;
custom,sphere,default,1.5,1.5,1.5,1,1,1,0.7,1.0,1.0,0,352,381,0,0,0,0;
custom,sphere,default,1.5,1.5,1.5,1,1,1,0.7,1.0,1.0,7,296,-465,0,0,0,0;
custom,sphere,default,1.5,1.5,1.5,1,1,1,0.7,1.0,1.0,12,479,-470,0,0,0,0;
custom,sphere,default,1.5,1.5,1.5,1,1,1,0.7,1.0,1.0,15,116,-424,0,0,0,0;
custom,sphere,default,1.5,1.5,1.5,1,1,1,0.7,1.0,1.0,18,186,372,0,0,0,0;
custom,sphere,default,1.5,1.5,1.5,1,1,1,0.7,1.0,1.0,22,112,246,0,0,0,0;
custom,sphere,default,1.5,1.5,1.5,1,1,1,0.7,1.0,1.0,31,522,412,0,0,0,0;
custom,sphere,default,1.5,1.5,1.5,1,1,1,0.7,1.0,1.0,-139.0459,615.9992,22.64652,0,0,0,1;
custom,sphere,default,1.5,1.5,1.5,1,1,1,0.7,1.0,1.0,37,607,-161,0,0,0,0;
custom,sphere,default,1.5,1.5,1.5,1,1,1,0.7,1.0,1.0,39,724,596,0,0,0,0;
custom,sphere,default,1.5,1.5,1.5,1,1,1,0.7,1.0,1.0,44,854,104,0,0,0,0;
custom,sphere,default,1.5,1.5,1.5,1,1,1,0.7,1.0,1.0,77.1366,714.5984,-51.19875,0,0,0,1;
custom,sphere,default,1.5,1.5,1.5,1,1,1,0.7,1.0,1.0,50,175,-257,0,0,0,0;
custom,sphere,default,1.5,1.5,1.5,1,1,1,0.7,1.0,1.0,93.34042,613.0001,-183.1207,0,0,0,1;
custom,sphere,default,1.5,1.5,1.5,1,1,1,0.7,1.0,1.0,55,195,212,0,0,0,0;
custom,sphere,default,1.5,1.5,1.5,1,1,1,0.7,1.0,1.0,56,546,-422,0,0,0,0;
custom,sphere,default,1.5,1.5,1.5,1,1,1,0.7,1.0,1.0,57,332,-133,0,0,0,0;
custom,sphere,default,1.5,1.5,1.5,1,1,1,0.7,1.0,1.0,59,332,193,0,0,0,0;
custom,sphere,default,1.5,1.5,1.5,1,1,1,0.7,1.0,1.0,66,605,173,0,0,0,0;
custom,sphere,default,1.5,1.5,1.5,1,1,1,0.7,1.0,1.0,69,550,311,0,0,0,0;
custom,sphere,default,1.5,1.5,1.5,1,1,1,0.7,1.0,1.0,70,709,-320,0,0,0,0;
custom,sphere,default,1.5,1.5,1.5,1,1,1,0.7,1.0,1.0,71,854,105,0,0,0,0;
custom,sphere,default,1.5,1.5,1.5,1,1,1,0.7,1.0,1.0,200.0928,622.9987,126.6438,0,0,0,1;
custom,sphere,default,1.5,1.5,1.5,1,1,1,0.7,1.0,1.0,73,581,217,0,0,0,0;
custom,sphere,default,1.5,1.5,1.5,1,1,1,0.7,1.0,1.0,77,248,429,0,0,0,0;
custom,sphere,default,1.5,1.5,1.5,1,1,1,0.7,1.0,1.0,84,297,338,0,0,0,0;
custom,sphere,default,1.5,1.5,1.5,1,1,1,0.7,1.0,1.0,87,137,540,0,0,0,0;
custom,sphere,default,1.5,1.5,1.5,1,1,1,0.7,1.0,1.0,90,787,-318,0,0,0,0;
custom,sphere,default,1.5,1.5,1.5,1,1,1,0.7,1.0,1.0,91,1057,-85,0,0,0,0;
custom,sphere,default,1.5,1.5,1.5,1,1,1,0.7,1.0,1.0,100,744,-570,0,0,0,0;
custom,sphere,default,1.5,1.5,1.5,1,1,1,0.7,1.0,1.0,104,291,98,0,0,0,0;
custom,sphere,default,1.5,1.5,1.5,1,1,1,0.7,1.0,1.0,108,309,-47,0,0,0,0;
custom,sphere,default,1.5,1.5,1.5,1,1,1,0.7,1.0,1.0,109,1129,46,0,0,0,0;
custom,sphere,default,1.5,1.5,1.5,1,1,1,0.7,1.0,1.0,110,123,-585,0,0,0,0;
custom,sphere,default,1.5,1.5,1.5,1,1,1,0.7,1.0,1.0,112,1069,257,0,0,0,0;
custom,sphere,default,1.5,1.5,1.5,1,1,1,0.7,1.0,1.0,114,844,578,0,0,0,0;
custom,sphere,default,1.5,1.5,1.5,1,1,1,0.7,1.0,1.0,117,898,138,0,0,0,0;
custom,sphere,default,1.5,1.5,1.5,1,1,1,0.7,1.0,1.0,120,160,481,0,0,0,0;
custom,sphere,default,1.5,1.5,1.5,1,1,1,0.7,1.0,1.0,121,449,45,0,0,0,0;
custom,sphere,default,1.5,1.5,1.5,1,1,1,0.7,1.0,1.0,125,138,-3,0,0,0,0;
custom,sphere,default,1.5,1.5,1.5,1,1,1,0.7,1.0,1.0,130,232,-75,0,0,0,0;
custom,sphere,default,1.5,1.5,1.5,1,1,1,0.7,1.0,1.0,132,194,48,0,0,0,0;
custom,sphere,default,1.5,1.5,1.5,1,1,1,0.7,1.0,1.0,133,110,-273,0,0,0,0;
custom,sphere,default,1.5,1.5,1.5,1,1,1,0.7,1.0,1.0,135,506,510,0,0,0,0;
custom,sphere,default,1.5,1.5,1.5,1,1,1,0.7,1.0,1.0,139,464,331,0,0,0,0;
custom,sphere,default,1.5,1.5,1.5,1,1,1,0.7,1.0,1.0,142,419,-140,0,0,0,0;
custom,sphere,default,1.5,1.5,1.5,1,1,1,0.7,1.0,1.0,144,1002,62,0,0,0,0;
custom,sphere,default,1.5,1.5,1.5,1,1,1,0.7,1.0,1.0,145,994,37,0,0,0,0;
custom,sphere,default,1.5,1.5,1.5,1,1,1,0.7,1.0,1.0,157,695,-416,0,0,0,0;
custom,sphere,default,1.5,1.5,1.5,1,1,1,0.7,1.0,1.0,162,686,-142,0,0,0,0;
custom,sphere,default,1.5,1.5,1.5,1,1,1,0.7,1.0,1.0,168,181,508,0,0,0,0;
custom,sphere,default,1.5,1.5,1.5,1,1,1,0.7,1.0,1.0,180,148,37,0,0,0,0;
custom,sphere,default,1.5,1.5,1.5,1,1,1,0.7,1.0,1.0,187,684,175,0,0,0,0;
custom,sphere,default,1.5,1.5,1.5,1,1,1,0.7,1.0,1.0,188,609,-67,0,0,0,0;
custom,sphere,default,1.5,1.5,1.5,1,1,1,0.7,1.0,1.0,192,803,-453,0,0,0,0;
custom,sphere,default,1.5,1.5,1.5,1,1,1,0.7,1.0,1.0,193,161,69,0,0,0,0;
custom,sphere,default,1.5,1.5,1.5,1,1,1,0.7,1.0,1.0,199,678,-220,0,0,0,0;
custom,sphere,default,1.5,1.5,1.5,1,1,1,0.7,1.0,1.0,203,956,573,0,0,0,0;
custom,sphere,default,1.5,1.5,1.5,1,1,1,0.7,1.0,1.0,206,1020,382,0,0,0,0;
custom,sphere,default,1.5,1.5,1.5,1,1,1,0.7,1.0,1.0,207,974,513,0,0,0,0;
custom,sphere,default,1.5,1.5,1.5,1,1,1,0.7,1.0,1.0,212,1031,-574,0,0,0,0;
custom,sphere,default,1.5,1.5,1.5,1,1,1,0.7,1.0,1.0,213,188,159,0,0,0,0;
custom,sphere,default,1.5,1.5,1.5,1,1,1,0.7,1.0,1.0,215,705,342,0,0,0,0;
custom,sphere,default,1.5,1.5,1.5,1,1,1,0.7,1.0,1.0,220,982,-206,0,0,0,0;
custom,sphere,default,1.5,1.5,1.5,1,1,1,0.7,1.0,1.0,225,974,383,0,0,0,0;
custom,sphere,default,1.5,1.5,1.5,1,1,1,0.7,1.0,1.0,226,443,26,0,0,0,0;
custom,sphere,default,1.5,1.5,1.5,1,1,1,0.7,1.0,1.0,229,397,350,0,0,0,0;
custom,sphere,default,1.5,1.5,1.5,1,1,1,0.7,1.0,1.0,231,272,-359,0,0,0,0;
custom,sphere,default,1.5,1.5,1.5,1,1,1,0.7,1.0,1.0,239,937,301,0,0,0,0;
custom,sphere,default,1.5,1.5,1.5,1,1,1,0.7,1.0,1.0,242,1076,-487,0,0,0,0;
custom,sphere,default,1.5,1.5,1.5,1,1,1,0.7,1.0,1.0,244,911,183,0,0,0,0;
custom,sphere,default,1.5,1.5,1.5,1,1,1,0.7,1.0,1.0,248,943,-222,0,0,0,0;
custom,sphere,default,1.5,1.5,1.5,1,1,1,0.7,1.0,1.0,250,59,-456,0,0,0,0;
custom,sphere,default,1.5,1.5,1.5,1,1,1,0.7,1.0,1.0,252,782,420,0,0,0,0;
custom,sphere,default,1.5,1.5,1.5,1,1,1,0.7,1.0,1.0,256,101,445,0,0,0,0;
custom,sphere,default,1.5,1.5,1.5,1,1,1,0.7,1.0,1.0,261,491,-187,0,0,0,0;
custom,sphere,default,1.5,1.5,1.5,1,1,1,0.7,1.0,1.0,264,778,-563,0,0,0,0;
custom,sphere,default,1.5,1.5,1.5,1,1,1,0.7,1.0,1.0,267,653,-124,0,0,0,0;
custom,sphere,default,1.5,1.5,1.5,1,1,1,0.7,1.0,1.0,269,501,201,0,0,0,0;
custom,sphere,default,1.5,1.5,1.5,1,1,1,0.7,1.0,1.0,280,778,-380,0,0,0,0;
custom,sphere,default,1.5,1.5,1.5,1,1,1,0.7,1.0,1.0,283,121,-88,0,0,0,0;
custom,sphere,default,1.5,1.5,1.5,1,1,1,0.7,1.0,1.0,288,543,-441,0,0,0,0;
custom,sphere,default,1.5,1.5,1.5,1,1,1,0.7,1.0,1.0,291,278,-429,0,0,0,0;
custom,sphere,default,1.5,1.5,1.5,1,1,1,0.7,1.0,1.0,296,805,154,0,0,0,0;
custom,sphere,default,1.5,1.5,1.5,1,1,1,0.7,1.0,1.0,298,402,219,0,0,0,0;
custom,sphere,default,1.5,1.5,1.5,1,1,1,0.7,1.0,1.0,299,413,-128,0,0,0,0;
custom,sphere,default,1.5,1.5,1.5,1,1,1,0.7,1.0,1.0,302,971,508,0,0,0,0;
custom,sphere,default,1.5,1.5,1.5,1,1,1,0.7,1.0,1.0,309,229,-553,0,0,0,0;
custom,sphere,default,1.5,1.5,1.5,1,1,1,0.7,1.0,1.0,311,543,231,0,0,0,0;
custom,sphere,default,1.5,1.5,1.5,1,1,1,0.7,1.0,1.0,312,570,17,0,0,0,0;
custom,sphere,default,1.5,1.5,1.5,1,1,1,0.7,1.0,1.0,317,300,66,0,0,0,0;
custom,sphere,default,1.5,1.5,1.5,1,1,1,0.7,1.0,1.0,320,195,-10,0,0,0,0;
custom,sphere,default,1.5,1.5,1.5,1,1,1,0.7,1.0,1.0,321,231,543,0,0,0,0;
custom,sphere,default,1.5,1.5,1.5,1,1,1,0.7,1.0,1.0,322,219,-155,0,0,0,0;
custom,sphere,default,1.5,1.5,1.5,1,1,1,0.7,1.0,1.0,323,793,-318,0,0,0,0;
custom,sphere,default,1.5,1.5,1.5,1,1,1,0.7,1.0,1.0,325,536,196,0,0,0,0;
custom,sphere,default,1.5,1.5,1.5,1,1,1,0.7,1.0,1.0,327,657,43,0,0,0,0;
custom,sphere,default,1.5,1.5,1.5,1,1,1,0.7,1.0,1.0,328,306,-196,0,0,0,0;
custom,sphere,default,1.5,1.5,1.5,1,1,1,0.7,1.0,1.0,332,248,-161,0,0,0,0;
custom,sphere,default,1.5,1.5,1.5,1,1,1,0.7,1.0,1.0,333,861,-22,0,0,0,0;
custom,sphere,default,1.5,1.5,1.5,1,1,1,0.7,1.0,1.0,336,245,61,0,0,0,0;
custom,sphere,default,1.5,1.5,1.5,1,1,1,0.7,1.0,1.0,338,822,81,0,0,0,0;
custom,sphere,default,1.5,1.5,1.5,1,1,1,0.7,1.0,1.0,341,303,-268,0,0,0,0;
custom,sphere,default,1.5,1.5,1.5,1,1,1,0.7,1.0,1.0,343,912,-287,0,0,0,0;
custom,sphere,default,1.5,1.5,1.5,1,1,1,0.7,1.0,1.0,348,821,106,0,0,0,0;
custom,sphere,default,1.5,1.5,1.5,1,1,1,0.7,1.0,1.0,349,1118,-281,0,0,0,0;
custom,sphere,default,1.5,1.5,1.5,1,1,1,0.7,1.0,1.0,353,217,-471,0,0,0,0;
custom,sphere,default,1.5,1.5,1.5,1,1,1,0.7,1.0,1.0,354,1022,-122,0,0,0,0;
custom,sphere,default,1.5,1.5,1.5,1,1,1,0.7,1.0,1.0,355,839,-315,0,0,0,0;
custom,sphere,default,1.5,1.5,1.5,1,1,1,0.7,1.0,1.0,358,54,24,0,0,0,0;
custom,sphere,default,1.5,1.5,1.5,1,1,1,0.7,1.0,1.0,360,479,420,0,0,0,0;
custom,sphere,default,1.5,1.5,1.5,1,1,1,0.7,1.0,1.0,361,243,-54,0,0,0,0;
custom,sphere,default,1.5,1.5,1.5,1,1,1,0.7,1.0,1.0,365,447,-586,0,0,0,0;
custom,sphere,default,1.5,1.5,1.5,1,1,1,0.7,1.0,1.0,367,992,-43,0,0,0,0;
custom,sphere,default,1.5,1.5,1.5,1,1,1,0.7,1.0,1.0,368,857,433,0,0,0,0;
custom,sphere,default,1.5,1.5,1.5,1,1,1,0.7,1.0,1.0,370,151,154,0,0,0,0;
custom,sphere,default,1.5,1.5,1.5,1,1,1,0.7,1.0,1.0,372,458,445,0,0,0,0;
custom,sphere,default,1.5,1.5,1.5,1,1,1,0.7,1.0,1.0,379,725,-537,0,0,0,0;
custom,sphere,default,1.5,1.5,1.5,1,1,1,0.7,1.0,1.0,381,491,-416,0,0,0,0;
custom,sphere,default,1.5,1.5,1.5,1,1,1,0.7,1.0,1.0,394,148,-244,0,0,0,0;
custom,sphere,default,1.5,1.5,1.5,1,1,1,0.7,1.0,1.0,398,281,309,0,0,0,0;
custom,sphere,default,1.5,1.5,1.5,1,1,1,0.7,1.0,1.0,401,551,273,0,0,0,0;
custom,sphere,default,1.5,1.5,1.5,1,1,1,0.7,1.0,1.0,404,342,-314,0,0,0,0;
custom,sphere,default,1.5,1.5,1.5,1,1,1,0.7,1.0,1.0,413,748,-219,0,0,0,0;
custom,sphere,default,1.5,1.5,1.5,1,1,1,0.7,1.0,1.0,415,215,531,0,0,0,0;
custom,sphere,default,1.5,1.5,1.5,1,1,1,0.7,1.0,1.0,416,865,498,0,0,0,0;
custom,sphere,default,1.5,1.5,1.5,1,1,1,0.7,1.0,1.0,422,165,521,0,0,0,0;
custom,sphere,default,1.5,1.5,1.5,1,1,1,0.7,1.0,1.0,425,824,142,0,0,0,0;
custom,sphere,default,1.5,1.5,1.5,1,1,1,0.7,1.0,1.0,429,1031,-102,0,0,0,0;
custom,sphere,default,1.5,1.5,1.5,1,1,1,0.7,1.0,1.0,430,90,-215,0,0,0,0;
custom,sphere,default,1.5,1.5,1.5,1,1,1,0.7,1.0,1.0,432,520,-191,0,0,0,0;
custom,sphere,default,1.5,1.5,1.5,1,1,1,0.7,1.0,1.0,433,530,105,0,0,0,0;
custom,sphere,default,1.5,1.5,1.5,1,1,1,0.7,1.0,1.0,437,1034,13,0,0,0,0;
custom,sphere,default,1.5,1.5,1.5,1,1,1,0.7,1.0,1.0,441,1036,-521,0,0,0,0;
custom,sphere,default,1.5,1.5,1.5,1,1,1,0.7,1.0,1.0,443,1081,-81,0,0,0,0;
custom,sphere,default,1.5,1.5,1.5,1,1,1,0.7,1.0,1.0,446,334,132,0,0,0,0;
custom,sphere,default,1.5,1.5,1.5,1,1,1,0.7,1.0,1.0,450,780,-56,0,0,0,0;
custom,sphere,default,1.5,1.5,1.5,1,1,1,0.7,1.0,1.0,452,172,439,0,0,0,0;
custom,sphere,default,1.5,1.5,1.5,1,1,1,0.7,1.0,1.0,457,114,357,0,0,0,0;
custom,sphere,default,1.5,1.5,1.5,1,1,1,0.7,1.0,1.0,458,784,372,0,0,0,0;
custom,sphere,default,1.5,1.5,1.5,1,1,1,0.7,1.0,1.0,462,321,-177,0,0,0,0;
custom,sphere,default,1.5,1.5,1.5,1,1,1,0.7,1.0,1.0,465,249,442,0,0,0,0;
custom,sphere,default,1.5,1.5,1.5,1,1,1,0.7,1.0,1.0,469,114,49,0,0,0,0;
custom,sphere,default,1.5,1.5,1.5,1,1,1,0.7,1.0,1.0,470,55,68,0,0,0,0;
custom,sphere,default,1.5,1.5,1.5,1,1,1,0.7,1.0,1.0,472,846,1,0,0,0,0;
custom,sphere,default,1.5,1.5,1.5,1,1,1,0.7,1.0,1.0,474,325,510,0,0,0,0;
custom,sphere,default,1.5,1.5,1.5,1,1,1,0.7,1.0,1.0,480,1140,-217,0,0,0,0;
custom,sphere,default,1.5,1.5,1.5,1,1,1,0.7,1.0,1.0,486,989,-167,0,0,0,0;
custom,sphere,default,1.5,1.5,1.5,1,1,1,0.7,1.0,1.0,488,347,-473,0,0,0,0;
custom,sphere,default,1.5,1.5,1.5,1,1,1,0.7,1.0,1.0,493,124,561,0,0,0,0;
custom,sphere,default,1.5,1.5,1.5,1,1,1,0.7,1.0,1.0,503,933,192,0,0,0,0;
custom,sphere,default,1.5,1.5,1.5,1,1,1,0.7,1.0,1.0,504,255,-51,0,0,0,0;
custom,sphere,default,1.5,1.5,1.5,1,1,1,0.7,1.0,1.0,511,434,-332,0,0,0,0;
custom,sphere,default,1.5,1.5,1.5,1,1,1,0.7,1.0,1.0,513,267,-272,0,0,0,0;
custom,sphere,default,1.5,1.5,1.5,1,1,1,0.7,1.0,1.0,515,888,1,0,0,0,0;
custom,sphere,default,1.5,1.5,1.5,1,1,1,0.7,1.0,1.0,518,488,-264,0,0,0,0;
custom,sphere,default,1.5,1.5,1.5,1,1,1,0.7,1.0,1.0,519,105,-237,0,0,0,0;
custom,sphere,default,1.5,1.5,1.5,1,1,1,0.7,1.0,1.0,521,1029,-111,0,0,0,0;
custom,sphere,default,1.5,1.5,1.5,1,1,1,0.7,1.0,1.0,522,177,-533,0,0,0,0;
custom,sphere,default,1.5,1.5,1.5,1,1,1,0.7,1.0,1.0,525,225,341,0,0,0,0;
custom,sphere,default,1.5,1.5,1.5,1,1,1,0.7,1.0,1.0,527,1091,358,0,0,0,0;
custom,sphere,default,1.5,1.5,1.5,1,1,1,0.7,1.0,1.0,529,339,-233,0,0,0,0;
custom,sphere,default,1.5,1.5,1.5,1,1,1,0.7,1.0,1.0,530,726,-516,0,0,0,0;
custom,sphere,default,1.5,1.5,1.5,1,1,1,0.7,1.0,1.0,532,1136,251,0,0,0,0;
custom,sphere,default,1.5,1.5,1.5,1,1,1,0.7,1.0,1.0,533,229,-57,0,0,0,0;
custom,sphere,default,1.5,1.5,1.5,1,1,1,0.7,1.0,1.0,536,314,-58,0,0,0,0;
custom,sphere,default,1.5,1.5,1.5,1,1,1,0.7,1.0,1.0,538,765,-329,0,0,0,0;
custom,sphere,default,1.5,1.5,1.5,1,1,1,0.7,1.0,1.0,539,391,-165,0,0,0,0;
custom,sphere,default,1.5,1.5,1.5,1,1,1,0.7,1.0,1.0,542,745,-557,0,0,0,0;
custom,sphere,default,1.5,1.5,1.5,1,1,1,0.7,1.0,1.0,543,632,536,0,0,0,0;
custom,sphere,default,1.5,1.5,1.5,1,1,1,0.7,1.0,1.0,546,764,39,0,0,0,0;
custom,sphere,default,1.5,1.5,1.5,1,1,1,0.7,1.0,1.0,547,932,-138,0,0,0,0;
custom,sphere,default,1.5,1.5,1.5,1,1,1,0.7,1.0,1.0,549,1120,-256,0,0,0,0;
custom,sphere,default,1.5,1.5,1.5,1,1,1,0.7,1.0,1.0,550,181,419,0,0,0,0;
custom,sphere,default,1.5,1.5,1.5,1,1,1,0.7,1.0,1.0,552,935,-104,0,0,0,0;
custom,sphere,default,1.5,1.5,1.5,1,1,1,0.7,1.0,1.0,554,722,554,0,0,0,0;
custom,sphere,default,1.5,1.5,1.5,1,1,1,0.7,1.0,1.0,555,468,269,0,0,0,0;
custom,sphere,default,1.5,1.5,1.5,1,1,1,0.7,1.0,1.0,562,847,-415,0,0,0,0;
custom,sphere,default,1.5,1.5,1.5,1,1,1,0.7,1.0,1.0,567,926,507,0,0,0,0;
custom,sphere,default,1.5,1.5,1.5,1,1,1,0.7,1.0,1.0,568,457,-138,0,0,0,0;
custom,sphere,default,1.5,1.5,1.5,1,1,1,0.7,1.0,1.0,569,177,276,0,0,0,0;
custom,sphere,default,1.5,1.5,1.5,1,1,1,0.7,1.0,1.0,570,281,-492,0,0,0,0;
custom,sphere,default,1.5,1.5,1.5,1,1,1,0.7,1.0,1.0,579,399,471,0,0,0,0;
custom,sphere,default,1.5,1.5,1.5,1,1,1,0.7,1.0,1.0,580,530,-564,0,0,0,0;
custom,sphere,default,1.5,1.5,1.5,1,1,1,0.7,1.0,1.0,582,385,11,0,0,0,0;
custom,sphere,default,1.5,1.5,1.5,1,1,1,0.7,1.0,1.0,583,1030,401,0,0,0,0;
custom,sphere,default,1.5,1.5,1.5,1,1,1,0.7,1.0,1.0,584,762,373,0,0,0,0;
custom,sphere,default,1.5,1.5,1.5,1,1,1,0.7,1.0,1.0,585,414,-187,0,0,0,0;
custom,sphere,default,1.5,1.5,1.5,1,1,1,0.7,1.0,1.0,587,872,-182,0,0,0,0;
custom,sphere,default,1.5,1.5,1.5,1,1,1,0.7,1.0,1.0,589,235,-403,0,0,0,0;
custom,sphere,default,1.5,1.5,1.5,1,1,1,0.7,1.0,1.0,591,77,-78,0,0,0,0;
custom,sphere,default,1.5,1.5,1.5,1,1,1,0.7,1.0,1.0,592,262,228,0,0,0,0;
custom,sphere,default,1.5,1.5,1.5,1,1,1,0.7,1.0,1.0,595,1088,475,0,0,0,0;
custom,sphere,default,1.5,1.5,1.5,1,1,1,0.7,1.0,1.0,596,605,-520,0,0,0,0;
